field_id,crop,time,expected_et,expected_eto,expected_etof
CA_298397,75,2024-01-01,0.237,1.01,0.235
CA_298397,75,2024-01-02,0.111,0.459,0.241
CA_298397,75,2024-01-03,0.295,1.193,0.247
CA_298397,75,2024-01-04,0.535,2.111,0.254
CA_298397,75,2024-01-05,0.358,1.377,0.26
CA_298397,75,2024-01-06,0.342,1.285,0.266
CA_298397,75,2024-01-07,0.474,1.744,0.272
CA_298397,75,2024-01-08,0.357,1.285,0.278
CA_298397,75,2024-01-09,0.313,1.101,0.284
CA_298397,75,2024-01-10,0.48,1.652,0.29
CA_298397,75,2024-01-11,0.533,1.744,0.306
CA_298397,75,2024-01-12,0.324,1.01,0.321
CA_298397,75,2024-01-13,0.308,0.918,0.336
CA_298397,75,2024-01-14,0.451,1.285,0.351
CA_298397,75,2024-01-15,0.336,0.918,0.366
CA_298397,75,2024-01-16,0.385,1.01,0.381
CA_298397,75,2024-01-17,0.437,1.101,0.396
CA_298397,75,2024-01-18,0.416,1.01,0.412
CA_298397,75,2024-01-19,0.47,1.101,0.427
CA_298397,75,2024-01-20,0.568,1.285,0.442
CA_298397,75,2024-01-21,0.629,1.377,0.457
CA_298397,75,2024-01-22,0.433,0.918,0.472
CA_298397,75,2024-01-23,0.716,1.468,0.487
CA_298397,75,2024-01-24,0.461,0.918,0.502
CA_298397,75,2024-01-25,0.807,1.56,0.518
CA_298397,75,2024-01-26,0.636,1.193,0.533
CA_298397,75,2024-01-27,0.654,1.193,0.548
CA_298397,75,2024-01-28,0.878,1.56,0.563
CA_298397,75,2024-01-29,1.008,1.744,0.578
CA_298397,75,2024-01-30,1.143,1.927,0.593
CA_298397,75,2024-01-31,1.507,2.478,0.608
CA_298397,75,2024-02-01,0.919,1.473,0.623
CA_298397,75,2024-02-02,0.941,1.473,0.639
CA_298397,75,2024-02-03,0.963,1.473,0.654
CA_298397,75,2024-02-04,1.17,1.75,0.669
CA_298397,75,2024-02-05,1.197,1.75,0.684
CA_298397,75,2024-02-06,0.837,1.197,0.699
CA_298397,75,2024-02-07,0.987,1.381,0.714
CA_298397,75,2024-02-08,0.873,1.197,0.729
CA_298397,75,2024-02-09,1.234,1.658,0.745
CA_298397,75,2024-02-10,1.189,1.566,0.76
CA_298397,75,2024-02-11,1.284,1.658,0.775
CA_298397,75,2024-02-12,1.253,1.658,0.756
CA_298397,75,2024-02-13,1.153,1.566,0.736
CA_298397,75,2024-02-14,1.189,1.658,0.717
CA_298397,75,2024-02-15,1.093,1.566,0.698
CA_298397,75,2024-02-16,1.063,1.566,0.679
CA_298397,75,2024-02-17,0.729,1.105,0.66
CA_298397,75,2024-02-18,1.18,1.842,0.641
CA_298397,75,2024-02-19,1.717,2.763,0.622
CA_298397,75,2024-02-20,1.25,1.934,0.646
CA_298397,75,2024-02-21,1.298,1.934,0.671
CA_298397,75,2024-02-22,1.475,2.118,0.696
CA_298397,75,2024-02-23,1.461,2.026,0.721
CA_298397,75,2024-02-24,1.306,1.75,0.746
CA_298397,75,2024-02-25,1.491,1.934,0.771
CA_298397,75,2024-02-26,1.686,2.118,0.796
CA_298397,75,2024-02-27,1.739,2.118,0.821
CA_298397,75,2024-02-28,1.862,2.302,0.809
CA_298397,75,2024-02-29,1.835,2.302,0.797
CA_298397,75,2024-03-01,1.837,2.34,0.785
CA_298397,75,2024-03-02,1.954,2.528,0.773
CA_298397,75,2024-03-03,1.282,1.685,0.761
CA_298397,75,2024-03-04,1.402,1.872,0.749
CA_298397,75,2024-03-05,1.449,1.966,0.737
CA_298397,75,2024-03-06,1.629,2.247,0.725
CA_298397,75,2024-03-07,1.802,2.528,0.713
CA_298397,75,2024-03-08,1.837,2.621,0.701
CA_298397,75,2024-03-09,1.806,2.621,0.689
CA_298397,75,2024-03-10,1.774,2.621,0.677
CA_298397,75,2024-03-11,1.805,2.715,0.665
CA_298397,75,2024-03-12,1.283,1.966,0.653
CA_298397,75,2024-03-13,2.219,3.464,0.641
CA_298397,75,2024-03-14,3.061,4.868,0.629
CA_298397,75,2024-03-15,2.644,4.213,0.628
CA_298397,75,2024-03-16,2.463,3.932,0.626
CA_298397,75,2024-03-17,2.458,3.932,0.625
CA_298397,75,2024-03-18,2.103,3.37,0.624
CA_298397,75,2024-03-19,2.332,3.745,0.623
CA_298397,75,2024-03-20,2.852,4.587,0.622
CA_298397,75,2024-03-21,2.44,3.932,0.621
CA_298397,75,2024-03-22,2.377,3.838,0.619
CA_298397,75,2024-03-23,1.602,2.621,0.611
CA_298397,75,2024-03-24,1.976,3.277,0.603
CA_298397,75,2024-03-25,1.95,3.277,0.595
CA_298397,75,2024-03-26,2.198,3.745,0.587
CA_298397,75,2024-03-27,1.734,2.996,0.579
CA_298397,75,2024-03-28,1.763,3.089,0.571
CA_298397,75,2024-03-29,1.528,2.715,0.563
CA_298397,75,2024-03-30,1.765,3.183,0.555
CA_298397,75,2024-03-31,1.81,3.183,0.569
CA_298397,75,2024-04-01,2.489,4.272,0.583
CA_298397,75,2024-04-02,2.438,4.086,0.597
CA_298397,75,2024-04-03,3.006,4.922,0.611
CA_298397,75,2024-04-04,1.451,2.322,0.625
CA_298397,75,2024-04-05,1.543,2.415,0.639
CA_298397,75,2024-04-06,2.243,3.436,0.653
CA_298397,75,2024-04-07,2.725,4.086,0.667
CA_298397,75,2024-04-08,3.281,4.736,0.693
CA_298397,75,2024-04-09,3.002,4.179,0.718
CA_298397,75,2024-04-10,3.525,4.736,0.744
CA_298397,75,2024-04-11,3.646,4.736,0.77
CA_298397,75,2024-04-12,4.433,5.572,0.796
CA_298397,75,2024-04-13,1.373,1.672,0.821
CA_298397,75,2024-04-14,2.045,2.415,0.847
CA_298397,75,2024-04-15,2.918,3.343,0.873
CA_298397,75,2024-04-16,3.368,3.993,0.843
CA_298397,75,2024-04-17,3.703,4.551,0.814
CA_298397,75,2024-04-18,3.496,4.458,0.784
CA_298397,75,2024-04-19,4.065,5.386,0.755
CA_298397,75,2024-04-20,4.309,5.944,0.725
CA_298397,75,2024-04-21,3.811,5.479,0.695
CA_298397,75,2024-04-22,4.02,6.036,0.666
CA_298397,75,2024-04-23,3.014,4.736,0.636
CA_298397,75,2024-04-24,2.75,4.458,0.617
CA_298397,75,2024-04-25,3.329,5.572,0.598
CA_298397,75,2024-04-26,2.738,4.736,0.578
CA_298397,75,2024-04-27,2.957,5.293,0.559
CA_298397,75,2024-04-28,3.305,6.129,0.539
CA_298397,75,2024-04-29,3.524,6.779,0.52
CA_298397,75,2024-04-30,3.253,6.501,0.5
CA_298397,75,2024-05-01,3.554,7.387,0.481
CA_298397,75,2024-05-02,3.273,6.84,0.478
CA_298397,75,2024-05-03,3.038,6.384,0.476
CA_298397,75,2024-05-04,0.863,1.824,0.473
CA_298397,75,2024-05-05,2.189,4.651,0.471
CA_298397,75,2024-05-06,2.304,4.925,0.468
CA_298397,75,2024-05-07,2.631,5.654,0.465
CA_298397,75,2024-05-08,3.08,6.658,0.463
CA_298397,75,2024-05-09,2.895,6.293,0.46
CA_298397,75,2024-05-10,3.108,7.022,0.443
CA_298397,75,2024-05-11,2.986,7.022,0.425
CA_298397,75,2024-05-12,3.05,7.478,0.408
CA_298397,75,2024-05-13,2.991,7.661,0.39
CA_298397,75,2024-05-14,2.994,8.026,0.373
CA_298397,75,2024-05-15,2.951,8.299,0.356
CA_298397,75,2024-05-16,2.56,7.57,0.338
CA_298397,75,2024-05-17,2.165,6.749,0.321
CA_298397,75,2024-05-18,1.946,6.384,0.305
CA_298397,75,2024-05-19,1.871,6.475,0.289
CA_298397,75,2024-05-20,1.967,7.205,0.273
CA_298397,75,2024-05-21,1.946,7.57,0.257
CA_298397,75,2024-05-22,1.869,7.752,0.241
CA_298397,75,2024-05-23,1.643,7.296,0.225
CA_298397,75,2024-05-24,1.412,6.749,0.209
CA_298397,75,2024-05-25,1.163,6.019,0.193
CA_298397,75,2024-05-26,1.198,6.293,0.19
CA_298397,75,2024-05-27,1.282,6.84,0.187
CA_298397,75,2024-05-28,1.43,7.752,0.185
CA_298397,75,2024-05-29,1.491,8.208,0.182
CA_298397,75,2024-05-30,1.418,7.935,0.179
CA_298397,75,2024-05-31,1.507,8.573,0.176
CA_298397,75,2024-06-01,1.35,7.81,0.173
CA_298397,75,2024-06-02,1.297,7.634,0.17
CA_298397,75,2024-06-03,1.169,6.757,0.173
CA_298397,75,2024-06-04,1.438,8.161,0.176
CA_298397,75,2024-06-05,1.464,8.161,0.179
CA_298397,75,2024-06-06,1.666,9.126,0.183
CA_298397,75,2024-06-07,1.532,8.249,0.186
CA_298397,75,2024-06-08,1.309,6.932,0.189
CA_298397,75,2024-06-09,1.466,7.634,0.192
CA_298397,75,2024-06-10,1.559,7.985,0.195
CA_298397,75,2024-06-11,1.058,5.858,0.18
CA_298397,75,2024-06-12,1.13,6.178,0.182
CA_298397,75,2024-06-13,1.213,6.494,0.186
CA_298397,75,2024-06-14,1.302,6.827,0.19
CA_298397,75,2024-06-15,1.409,7.371,0.191
CA_298397,75,2024-06-16,1.424,7.529,0.189
CA_298397,75,2024-06-17,1.37,7.424,0.184
CA_298397,75,2024-06-18,1.305,7.371,0.176
CA_298397,75,2024-06-19,1.216,7.318,0.166
CA_298397,75,2024-06-20,1.109,7.16,0.155
CA_298397,75,2024-06-21,1.008,6.967,0.144
CA_298397,75,2024-06-22,0.899,6.651,0.134
CA_298397,75,2024-06-23,0.868,6.722,0.128
CA_298397,75,2024-06-24,0.874,6.792,0.128
CA_298397,75,2024-06-25,0.911,6.809,0.132
CA_298397,75,2024-06-26,1.031,7.16,0.142
CA_298397,75,2024-06-27,1.218,7.74,0.157
CA_298397,75,2024-06-28,1.336,7.775,0.171
CA_298397,75,2024-06-29,1.491,7.971,0.186
CA_298397,75,2024-06-30,1.638,8.136,0.201
CA_298397,75,2024-07-01,1.751,8.246,0.212
CA_298397,75,2024-07-02,1.804,8.219,0.219
CA_298397,75,2024-07-03,1.884,8.466,0.223
CA_298397,75,2024-07-04,1.848,8.314,0.222
CA_298397,75,2024-07-05,1.789,8.196,0.218
CA_298397,75,2024-07-06,1.725,8.061,0.214
CA_298397,75,2024-07-07,1.657,7.892,0.21
CA_298397,75,2024-07-08,1.554,7.554,0.205
CA_298397,75,2024-07-09,1.494,7.418,0.201
CA_298397,75,2024-07-10,1.472,7.486,0.196
CA_298397,75,2024-07-11,1.458,7.604,0.192
CA_298397,75,2024-07-12,1.489,7.976,0.187
CA_298397,75,2024-07-13,1.495,8.213,0.182
CA_298397,75,2024-07-14,1.474,8.297,0.178
CA_298397,75,2024-07-15,1.418,8.196,0.173
CA_298397,75,2024-07-16,1.353,8.044,0.168
CA_298397,75,2024-07-17,1.282,7.824,0.164
CA_298397,75,2024-07-18,1.252,7.79,0.161
CA_298397,75,2024-07-19,1.276,8.044,0.159
CA_298397,75,2024-07-20,1.318,8.365,0.158
CA_298397,75,2024-07-21,1.312,8.331,0.157
CA_298397,75,2024-07-22,1.318,8.382,0.157
CA_298397,75,2024-07-23,1.306,8.314,0.157
CA_298397,75,2024-07-24,1.289,8.213,0.157
CA_298397,75,2024-07-25,1.253,7.976,0.157
CA_298397,75,2024-07-26,1.283,8.145,0.158
CA_298397,75,2024-07-27,1.292,8.162,0.158
CA_298397,75,2024-07-28,1.317,8.264,0.159
CA_298397,75,2024-07-29,1.309,8.145,0.161
CA_298397,75,2024-07-30,1.317,8.134,0.162
CA_298397,75,2024-07-31,1.26,7.722,0.163
CA_298397,75,2024-08-01,1.214,7.376,0.165
CA_298397,75,2024-08-02,1.174,7.131,0.165
CA_298397,75,2024-08-03,1.179,7.219,0.163
CA_298397,75,2024-08-04,1.193,7.435,0.161
CA_298397,75,2024-08-05,1.238,7.9,0.157
CA_298397,75,2024-08-06,1.215,7.966,0.152
CA_298397,75,2024-08-07,1.152,7.767,0.148
CA_298397,75,2024-08-08,1.054,7.336,0.143
CA_298397,75,2024-08-09,0.944,6.821,0.138
CA_298397,75,2024-08-10,0.858,6.472,0.133
CA_298397,75,2024-08-11,0.83,6.522,0.128
CA_298397,75,2024-08-12,0.822,6.721,0.123
CA_298397,75,2024-08-13,0.797,6.771,0.118
CA_298397,75,2024-08-14,0.771,6.821,0.113
CA_298397,75,2024-08-15,0.741,6.87,0.108
CA_298397,75,2024-08-16,0.669,6.472,0.103
CA_298397,75,2024-08-17,0.618,6.306,0.098
CA_298397,75,2024-08-18,0.573,6.041,0.095
CA_298397,75,2024-08-19,0.524,5.643,0.093
CA_298397,75,2024-08-20,0.491,5.327,0.093
CA_298397,75,2024-08-21,0.506,5.41,0.094
CA_298397,75,2024-08-22,0.538,5.543,0.097
CA_298397,75,2024-08-23,0.59,5.892,0.099
CA_298397,75,2024-08-24,0.662,6.439,0.102
CA_298397,75,2024-08-25,0.724,6.854,0.105
CA_298397,75,2024-08-26,0.784,7.186,0.109
CA_298397,75,2024-08-27,0.861,7.568,0.113
CA_298397,75,2024-08-28,0.916,7.734,0.118
CA_298397,75,2024-08-29,0.963,7.767,0.124
CA_298397,75,2024-08-30,0.959,7.393,0.13
CA_298397,75,2024-08-31,0.912,6.768,0.137
CA_298397,75,2024-09-01,0.82,5.812,0.143
CA_298397,75,2024-09-02,0.792,5.338,0.15
CA_298397,75,2024-09-03,0.762,4.947,0.154
CA_298397,75,2024-09-04,0.775,4.947,0.156
CA_298397,75,2024-09-05,0.805,5.148,0.156
CA_298397,75,2024-09-06,0.841,5.448,0.154
CA_298397,75,2024-09-07,0.828,5.515,0.15
CA_298397,75,2024-09-08,0.807,5.532,0.146
CA_298397,75,2024-09-09,0.821,5.816,0.142
CA_298397,75,2024-09-10,0.84,6.134,0.138
CA_298397,75,2024-09-11,0.853,6.318,0.135
CA_298397,75,2024-09-12,0.861,6.385,0.135
CA_298397,75,2024-09-13,0.889,6.502,0.137
CA_298397,75,2024-09-14,0.845,6.034,0.141
CA_298397,75,2024-09-15,0.813,5.582,0.147
CA_298397,75,2024-09-16,0.78,5.148,0.153
CA_298397,75,2024-09-17,0.772,4.897,0.159
CA_298397,75,2024-09-18,0.77,4.68,0.164
CA_298397,75,2024-09-19,0.762,4.529,0.168
CA_298397,75,2024-09-20,0.769,4.529,0.169
CA_298397,75,2024-09-21,0.795,4.713,0.169
CA_298397,75,2024-09-22,0.789,4.764,0.166
CA_298397,75,2024-09-23,0.748,4.663,0.161
CA_298397,75,2024-09-24,0.742,4.763,0.156
CA_298397,75,2024-09-25,0.744,4.947,0.15
CA_298397,75,2024-09-26,0.71,4.897,0.145
CA_298397,75,2024-09-27,0.695,4.981,0.14
CA_298397,75,2024-09-28,0.636,4.697,0.134
CA_298397,75,2024-09-29,0.563,4.295,0.129
CA_298397,75,2024-09-30,0.492,3.934,0.123
CA_298397,75,2024-10-01,0.443,3.742,0.118
CA_298397,75,2024-10-02,0.381,3.431,0.112
CA_298397,75,2024-10-03,0.393,3.745,0.106
CA_298397,75,2024-10-04,0.414,4.142,0.101
CA_298397,75,2024-10-05,0.415,4.297,0.097
CA_298397,75,2024-10-06,0.428,4.504,0.095
CA_298397,75,2024-10-07,0.437,4.573,0.096
CA_298397,75,2024-10-08,0.436,4.453,0.098
CA_298397,75,2024-10-09,0.45,4.401,0.102
CA_298397,75,2024-10-10,0.444,4.176,0.107
CA_298397,75,2024-10-11,0.445,4.004,0.111
CA_298397,75,2024-10-12,0.459,3.969,0.116
CA_298397,75,2024-10-13,0.451,3.814,0.118
CA_298397,75,2024-10-14,0.461,3.866,0.119
CA_298397,75,2024-10-15,0.47,3.969,0.118
CA_298397,75,2024-10-16,0.439,3.779,0.116
CA_298397,75,2024-10-17,0.402,3.59,0.111
CA_298397,75,2024-10-18,0.396,3.676,0.107
CA_298397,75,2024-10-19,0.353,3.434,0.103
CA_298397,75,2024-10-20,0.324,3.296,0.098
CA_298397,75,2024-10-21,0.309,3.227,0.096
CA_298397,75,2024-10-22,0.302,3.175,0.095
CA_298397,75,2024-10-23,0.307,3.175,0.097
CA_298397,75,2024-10-24,0.299,3.003,0.1
CA_298397,75,2024-10-25,0.317,3.02,0.105
CA_298397,75,2024-10-26,0.346,3.141,0.11
CA_298397,75,2024-10-27,0.369,3.21,0.115
CA_298397,75,2024-10-28,0.363,3.02,0.12
CA_298397,75,2024-10-29,0.383,3.055,0.126
CA_298397,75,2024-10-30,0.37,2.824,0.132
CA_298397,75,2024-10-31,0.362,2.609,0.14
CA_298397,75,2024-11-01,0.376,2.549,0.148
CA_298397,75,2024-11-02,0.388,2.472,0.157
CA_298397,75,2024-11-03,0.407,2.447,0.165
CA_298397,75,2024-11-04,0.418,2.413,0.174
CA_298397,75,2024-11-05,0.444,2.43,0.183
CA_298397,75,2024-11-06,0.439,2.328,0.189
CA_298397,75,2024-11-07,0.423,2.209,0.191
CA_298397,75,2024-11-08,0.418,2.192,0.19
CA_298397,75,2024-11-09,0.425,2.277,0.186
CA_298397,75,2024-11-10,0.427,2.396,0.179
CA_298397,75,2024-11-11,0.416,2.43,0.172
CA_298397,75,2024-11-12,0.428,2.6,0.165
CA_298397,75,2024-11-13,0.401,2.532,0.158
CA_298397,75,2024-11-14,0.366,2.396,0.151
CA_298397,75,2024-11-15,0.299,2.056,0.143
CA_298397,75,2024-11-16,0.257,1.853,0.136
CA_298397,75,2024-11-17,0.22,1.7,0.129
CA_298397,75,2024-11-18,0.196,1.615,0.122
CA_298397,75,2024-11-19,0.188,1.649,0.115
CA_298397,75,2024-11-20,0.179,1.666,0.108
CA_298397,75,2024-11-21,0.19,1.904,0.1
CA_298397,75,2024-11-22,0.178,1.938,0.093
CA_298397,75,2024-11-23,0.168,1.972,0.085
CA_298397,75,2024-11-24,0.15,1.904,0.078
CA_298397,75,2024-11-25,0.14,1.938,0.07
CA_298397,75,2024-11-26,0.114,1.819,0.062
CA_298397,75,2024-11-27,0.088,1.598,0.054
CA_298397,75,2024-11-28,0.073,1.581,0.046
CA_298397,75,2024-11-29,0.064,1.701,0.038
CA_298397,75,2024-11-30,0.052,1.628,0.032
CA_298397,75,2024-12-01,0.039,1.45,0.028
CA_298397,75,2024-12-02,0.037,1.495,0.025
CA_298397,75,2024-12-03,0.034,1.387,0.025
CA_298397,75,2024-12-04,0.034,1.298,0.026
CA_298397,75,2024-12-05,0.04,1.441,0.027
CA_298397,75,2024-12-06,0.045,1.548,0.029
CA_298397,75,2024-12-07,0.047,1.565,0.03
CA_298397,75,2024-12-08,0.052,1.601,0.033
CA_298397,75,2024-12-09,0.061,1.619,0.038
CA_298397,75,2024-12-10,0.069,1.53,0.045
CA_298397,75,2024-12-11,0.078,1.476,0.053
CA_298397,75,2024-12-12,0.102,1.601,0.063
CA_298397,75,2024-12-13,0.124,1.69,0.073
CA_298397,75,2024-12-14,0.15,1.779,0.083
CA_298397,75,2024-12-15,0.18,1.904,0.093
CA_298397,75,2024-12-16,0.22,2.117,0.103
CA_298397,75,2024-12-17,0.234,2.082,0.112
CA_298397,75,2024-12-18,0.225,1.886,0.122
CA_298397,75,2024-12-19,0.2,1.583,0.132
CA_298397,75,2024-12-20,0.191,1.388,0.142
CA_298397,75,2024-12-21,0.166,1.103,0.152
CA_298397,75,2024-12-22,0.161,0.978,0.162
CA_298397,75,2024-12-23,0.18,1.032,0.172
CA_298397,75,2024-12-24,0.207,1.138,0.181
CA_298397,75,2024-12-25,0.232,1.209,0.19
CA_298397,75,2024-12-26,0.247,1.245,0.197
CA_298397,75,2024-12-27,0.282,1.37,0.204
CA_298397,75,2024-12-28,0.297,1.405,0.211
CA_298397,75,2024-12-29,0.292,1.352,0.217
CA_298397,75,2024-12-30,0.283,1.289,0.22
CA_298397,75,2024-12-31,0.296,1.334,0.223
CA_299395,75,2024-01-01,0.705,0.948,0.743
CA_299395,75,2024-01-02,0.355,0.474,0.749
CA_299395,75,2024-01-03,0.716,0.948,0.755
CA_299395,75,2024-01-04,1.444,1.897,0.761
CA_299395,75,2024-01-05,0.873,1.138,0.767
CA_299395,75,2024-01-06,0.807,1.043,0.773
CA_299395,75,2024-01-07,1.108,1.423,0.779
CA_299395,75,2024-01-08,0.819,1.043,0.785
CA_299395,75,2024-01-09,0.9,1.138,0.791
CA_299395,75,2024-01-10,1.058,1.328,0.797
CA_299395,75,2024-01-11,1.142,1.423,0.803
CA_299395,75,2024-01-12,0.691,0.854,0.809
CA_299395,75,2024-01-13,0.696,0.854,0.815
CA_299395,75,2024-01-14,1.012,1.233,0.821
CA_299395,75,2024-01-15,0.706,0.854,0.827
CA_299395,75,2024-01-16,0.79,0.948,0.833
CA_299395,75,2024-01-17,0.796,0.948,0.839
CA_299395,75,2024-01-18,0.801,0.948,0.845
CA_299395,75,2024-01-19,0.888,1.043,0.851
CA_299395,75,2024-01-20,1.056,1.233,0.857
CA_299395,75,2024-01-21,1.064,1.233,0.863
CA_299395,75,2024-01-22,0.659,0.759,0.869
CA_299395,75,2024-01-23,1.161,1.328,0.875
CA_299395,75,2024-01-24,0.668,0.759,0.881
CA_299395,75,2024-01-25,1.177,1.328,0.887
CA_299395,75,2024-01-26,0.931,1.043,0.893
CA_299395,75,2024-01-27,0.852,0.948,0.899
CA_299395,75,2024-01-28,1.201,1.328,0.905
CA_299395,75,2024-01-29,1.468,1.612,0.911
CA_299395,75,2024-01-30,1.652,1.802,0.916
CA_299395,75,2024-01-31,2.1,2.276,0.922
CA_299395,75,2024-02-01,1.138,1.226,0.928
CA_299395,75,2024-02-02,1.234,1.321,0.934
CA_299395,75,2024-02-03,1.331,1.415,0.94
CA_299395,75,2024-02-04,1.428,1.509,0.946
CA_299395,75,2024-02-05,1.347,1.415,0.952
CA_299395,75,2024-02-06,1.085,1.132,0.958
CA_299395,75,2024-02-07,1.091,1.132,0.964
CA_299395,75,2024-02-08,1.007,1.038,0.97
CA_299395,75,2024-02-09,1.473,1.509,0.976
CA_299395,75,2024-02-10,1.39,1.415,0.982
CA_299395,75,2024-02-11,1.585,1.604,0.988
CA_299395,75,2024-02-12,1.448,1.509,0.96
CA_299395,75,2024-02-13,1.406,1.509,0.931
CA_299395,75,2024-02-14,1.363,1.509,0.903
CA_299395,75,2024-02-15,1.32,1.509,0.875
CA_299395,75,2024-02-16,1.197,1.415,0.846
CA_299395,75,2024-02-17,0.772,0.943,0.818
CA_299395,75,2024-02-18,1.341,1.698,0.79
CA_299395,75,2024-02-19,1.939,2.547,0.761
CA_299395,75,2024-02-20,1.313,1.792,0.733
CA_299395,75,2024-02-21,1.196,1.698,0.704
CA_299395,75,2024-02-22,1.403,2.075,0.676
CA_299395,75,2024-02-23,1.222,1.887,0.648
CA_299395,75,2024-02-24,0.935,1.509,0.619
CA_299395,75,2024-02-25,1.059,1.792,0.591
CA_299395,75,2024-02-26,1.114,1.981,0.563
CA_299395,75,2024-02-27,1.109,2.075,0.534
CA_299395,75,2024-02-28,1.243,2.264,0.549
CA_299395,75,2024-02-29,1.171,2.075,0.564
CA_299395,75,2024-03-01,1.031,1.781,0.579
CA_299395,75,2024-03-02,1.225,2.063,0.594
CA_299395,75,2024-03-03,0.97,1.594,0.609
CA_299395,75,2024-03-04,1.053,1.688,0.624
CA_299395,75,2024-03-05,1.198,1.875,0.639
CA_299395,75,2024-03-06,1.409,2.156,0.654
CA_299395,75,2024-03-07,1.442,2.156,0.669
CA_299395,75,2024-03-08,1.602,2.344,0.683
CA_299395,75,2024-03-09,1.702,2.438,0.698
CA_299395,75,2024-03-10,1.806,2.531,0.713
CA_299395,75,2024-03-11,1.843,2.531,0.728
CA_299395,75,2024-03-12,1.254,1.688,0.743
CA_299395,75,2024-03-13,2.274,3.0,0.758
CA_299395,75,2024-03-14,3.261,4.219,0.773
CA_299395,75,2024-03-15,2.866,3.656,0.784
CA_299395,75,2024-03-16,2.831,3.563,0.795
CA_299395,75,2024-03-17,2.945,3.656,0.805
CA_299395,75,2024-03-18,2.678,3.281,0.816
CA_299395,75,2024-03-19,2.946,3.563,0.827
CA_299395,75,2024-03-20,3.613,4.313,0.838
CA_299395,75,2024-03-21,3.261,3.844,0.848
CA_299395,75,2024-03-22,2.981,3.469,0.859
CA_299395,75,2024-03-23,2.036,2.344,0.869
CA_299395,75,2024-03-24,2.47,2.813,0.878
CA_299395,75,2024-03-25,2.663,3.0,0.888
CA_299395,75,2024-03-26,3.111,3.469,0.897
CA_299395,75,2024-03-27,2.379,2.625,0.906
CA_299395,75,2024-03-28,2.576,2.813,0.916
CA_299395,75,2024-03-29,2.255,2.438,0.925
CA_299395,75,2024-03-30,2.716,2.906,0.935
CA_299395,75,2024-03-31,2.832,3.0,0.944
CA_299395,75,2024-04-01,3.793,3.978,0.954
CA_299395,75,2024-04-02,3.741,3.885,0.963
CA_299395,75,2024-04-03,4.408,4.533,0.972
CA_299395,75,2024-04-04,1.635,1.665,0.982
CA_299395,75,2024-04-05,2.109,2.128,0.991
CA_299395,75,2024-04-06,3.24,3.238,1.001
CA_299395,75,2024-04-07,3.831,3.793,1.01
CA_299395,75,2024-04-08,4.381,4.255,1.03
CA_299395,75,2024-04-09,4.077,3.885,1.049
CA_299395,75,2024-04-10,4.746,4.44,1.069
CA_299395,75,2024-04-11,4.732,4.348,1.088
CA_299395,75,2024-04-12,5.227,4.718,1.108
CA_299395,75,2024-04-13,1.669,1.48,1.128
CA_299395,75,2024-04-14,2.547,2.22,1.147
CA_299395,75,2024-04-15,3.346,2.868,1.167
CA_299395,75,2024-04-16,4.148,3.608,1.15
CA_299395,75,2024-04-17,4.82,4.255,1.133
CA_299395,75,2024-04-18,4.645,4.163,1.116
CA_299395,75,2024-04-19,5.489,4.995,1.099
CA_299395,75,2024-04-20,5.905,5.458,1.082
CA_299395,75,2024-04-21,5.516,5.18,1.065
CA_299395,75,2024-04-22,5.719,5.458,1.048
CA_299395,75,2024-04-23,4.482,4.348,1.031
CA_299395,75,2024-04-24,4.087,4.07,1.004
CA_299395,75,2024-04-25,4.791,4.903,0.977
CA_299395,75,2024-04-26,3.955,4.163,0.95
CA_299395,75,2024-04-27,4.527,4.903,0.923
CA_299395,75,2024-04-28,5.058,5.643,0.896
CA_299395,75,2024-04-29,5.308,6.105,0.869
CA_299395,75,2024-04-30,4.91,5.828,0.843
CA_299395,75,2024-05-01,5.406,6.628,0.816
CA_299395,75,2024-05-02,5.235,6.265,0.836
CA_299395,75,2024-05-03,5.05,5.902,0.856
CA_299395,75,2024-05-04,1.351,1.544,0.876
CA_299395,75,2024-05-05,3.822,4.268,0.895
CA_299395,75,2024-05-06,4.239,4.631,0.915
CA_299395,75,2024-05-07,4.926,5.266,0.935
CA_299395,75,2024-05-08,5.725,5.993,0.955
CA_299395,75,2024-05-09,5.579,5.72,0.975
CA_299395,75,2024-05-10,6.401,6.628,0.966
CA_299395,75,2024-05-11,6.337,6.628,0.956
CA_299395,75,2024-05-12,6.616,6.992,0.946
CA_299395,75,2024-05-13,6.549,6.992,0.937
CA_299395,75,2024-05-14,6.65,7.173,0.927
CA_299395,75,2024-05-15,6.664,7.264,0.917
CA_299395,75,2024-05-16,6.099,6.719,0.908
CA_299395,75,2024-05-17,5.463,6.084,0.898
CA_299395,75,2024-05-18,5.406,5.993,0.902
CA_299395,75,2024-05-19,5.347,5.902,0.906
CA_299395,75,2024-05-20,6.032,6.628,0.91
CA_299395,75,2024-05-21,6.473,7.082,0.914
CA_299395,75,2024-05-22,6.585,7.173,0.918
CA_299395,75,2024-05-23,6.195,6.719,0.922
CA_299395,75,2024-05-24,5.549,5.993,0.926
CA_299395,75,2024-05-25,5.15,5.539,0.93
CA_299395,75,2024-05-26,5.56,5.993,0.928
CA_299395,75,2024-05-27,6.051,6.538,0.926
CA_299395,75,2024-05-28,6.457,6.992,0.923
CA_299395,75,2024-05-29,6.86,7.446,0.921
CA_299395,75,2024-05-30,6.928,7.536,0.919
CA_299395,75,2024-05-31,7.161,7.809,0.917
CA_299395,75,2024-06-01,6.45,7.049,0.915
CA_299395,75,2024-06-02,6.274,6.873,0.913
CA_299395,75,2024-06-03,5.469,5.992,0.913
CA_299395,75,2024-06-04,6.835,7.49,0.913
CA_299395,75,2024-06-05,6.995,7.666,0.912
CA_299395,75,2024-06-06,7.637,8.371,0.912
CA_299395,75,2024-06-07,6.672,7.313,0.912
CA_299395,75,2024-06-08,5.706,6.256,0.912
CA_299395,75,2024-06-09,6.188,6.785,0.912
CA_299395,75,2024-06-10,6.589,7.225,0.912
CA_299395,75,2024-06-11,4.178,5.265,0.794
CA_299395,75,2024-06-12,4.385,5.533,0.793
CA_299395,75,2024-06-13,4.653,5.886,0.791
CA_299395,75,2024-06-14,4.878,6.186,0.789
CA_299395,75,2024-06-15,5.36,6.732,0.795
CA_299395,75,2024-06-16,5.54,6.838,0.81
CA_299395,75,2024-06-17,5.647,6.785,0.834
CA_299395,75,2024-06-18,5.829,6.749,0.866
CA_299395,75,2024-06-19,6.105,6.749,0.906
CA_299395,75,2024-06-20,6.262,6.608,0.946
CA_299395,75,2024-06-21,6.389,6.485,0.986
CA_299395,75,2024-06-22,6.351,6.221,1.026
CA_299395,75,2024-06-23,6.573,6.256,1.054
CA_299395,75,2024-06-24,6.659,6.238,1.07
CA_299395,75,2024-06-25,6.624,6.185,1.073
CA_299395,75,2024-06-26,6.837,6.45,1.063
CA_299395,75,2024-06-27,7.253,6.979,1.041
CA_299395,75,2024-06-28,7.258,7.137,1.019
CA_299395,75,2024-06-29,7.432,7.476,0.997
CA_299395,75,2024-06-30,7.525,7.732,0.975
CA_299395,75,2024-07-01,7.503,7.881,0.952
CA_299395,75,2024-07-02,7.312,7.855,0.93
CA_299395,75,2024-07-03,7.227,7.95,0.908
CA_299395,75,2024-07-04,6.823,7.693,0.886
CA_299395,75,2024-07-05,6.511,7.522,0.864
CA_299395,75,2024-07-06,6.2,7.35,0.842
CA_299395,75,2024-07-07,5.888,7.162,0.82
CA_299395,75,2024-07-08,5.543,6.939,0.798
CA_299395,75,2024-07-09,5.385,6.905,0.78
CA_299395,75,2024-07-10,5.398,7.059,0.765
CA_299395,75,2024-07-11,5.474,7.265,0.754
CA_299395,75,2024-07-12,5.718,7.659,0.747
CA_299395,75,2024-07-13,5.869,7.899,0.743
CA_299395,75,2024-07-14,5.92,8.002,0.74
CA_299395,75,2024-07-15,5.817,7.899,0.736
CA_299395,75,2024-07-16,5.676,7.745,0.733
CA_299395,75,2024-07-17,5.517,7.556,0.73
CA_299395,75,2024-07-18,5.502,7.556,0.728
CA_299395,75,2024-07-19,5.658,7.779,0.727
CA_299395,75,2024-07-20,5.896,8.105,0.727
CA_299395,75,2024-07-21,5.865,8.053,0.728
CA_299395,75,2024-07-22,5.923,8.122,0.729
CA_299395,75,2024-07-23,5.893,8.07,0.73
CA_299395,75,2024-07-24,5.813,7.95,0.731
CA_299395,75,2024-07-25,5.67,7.727,0.734
CA_299395,75,2024-07-26,5.866,7.95,0.738
CA_299395,75,2024-07-27,5.962,8.019,0.743
CA_299395,75,2024-07-28,6.098,8.122,0.75
CA_299395,75,2024-07-29,6.141,8.087,0.759
CA_299395,75,2024-07-30,6.138,7.998,0.768
CA_299395,75,2024-07-31,5.868,7.57,0.776
CA_299395,75,2024-08-01,5.61,7.158,0.785
CA_299395,75,2024-08-02,5.419,6.848,0.792
CA_299395,75,2024-08-03,5.443,6.826,0.797
CA_299395,75,2024-08-04,5.633,7.029,0.801
CA_299395,75,2024-08-05,6.011,7.485,0.803
CA_299395,75,2024-08-06,6.04,7.519,0.803
CA_299395,75,2024-08-07,5.893,7.333,0.804
CA_299395,75,2024-08-08,5.569,6.927,0.804
CA_299395,75,2024-08-09,5.218,6.488,0.804
CA_299395,75,2024-08-10,4.989,6.2,0.805
CA_299395,75,2024-08-11,5.059,6.285,0.805
CA_299395,75,2024-08-12,5.265,6.538,0.805
CA_299395,75,2024-08-13,5.362,6.657,0.806
CA_299395,75,2024-08-14,5.405,6.708,0.806
CA_299395,75,2024-08-15,5.421,6.724,0.806
CA_299395,75,2024-08-16,5.109,6.336,0.806
CA_299395,75,2024-08-17,4.907,6.082,0.807
CA_299395,75,2024-08-18,4.614,5.728,0.805
CA_299395,75,2024-08-19,4.273,5.322,0.802
CA_299395,75,2024-08-20,4.013,5.035,0.797
CA_299395,75,2024-08-21,4.084,5.17,0.79
CA_299395,75,2024-08-22,4.097,5.254,0.781
CA_299395,75,2024-08-23,4.338,5.626,0.773
CA_299395,75,2024-08-24,4.717,6.184,0.764
CA_299395,75,2024-08-25,4.944,6.555,0.755
CA_299395,75,2024-08-26,5.192,6.91,0.752
CA_299395,75,2024-08-27,5.528,7.332,0.753
CA_299395,75,2024-08-28,5.718,7.518,0.76
CA_299395,75,2024-08-29,5.72,7.417,0.772
CA_299395,75,2024-08-30,5.53,7.033,0.789
CA_299395,75,2024-08-31,5.105,6.378,0.806
CA_299395,75,2024-09-01,4.441,5.435,0.823
CA_299395,75,2024-09-02,4.127,4.933,0.84
CA_299395,75,2024-09-03,4.0,4.701,0.851
CA_299395,75,2024-09-04,4.043,4.718,0.856
CA_299395,75,2024-09-05,4.196,4.905,0.856
CA_299395,75,2024-09-06,4.423,5.21,0.849
CA_299395,75,2024-09-07,4.472,5.346,0.836
CA_299395,75,2024-09-08,4.39,5.329,0.824
CA_299395,75,2024-09-09,4.534,5.601,0.811
CA_299395,75,2024-09-10,4.628,5.804,0.799
CA_299395,75,2024-09-11,4.667,5.906,0.791
CA_299395,75,2024-09-12,4.623,5.872,0.788
CA_299395,75,2024-09-13,4.687,5.94,0.789
CA_299395,75,2024-09-14,4.343,5.465,0.796
CA_299395,75,2024-09-15,4.101,5.092,0.807
CA_299395,75,2024-09-16,3.895,4.769,0.819
CA_299395,75,2024-09-17,3.768,4.549,0.83
CA_299395,75,2024-09-18,3.612,4.294,0.841
CA_299395,75,2024-09-19,3.55,4.175,0.85
CA_299395,75,2024-09-20,3.622,4.226,0.857
CA_299395,75,2024-09-21,3.788,4.396,0.862
CA_299395,75,2024-09-22,3.871,4.481,0.864
CA_299395,75,2024-09-23,3.858,4.464,0.864
CA_299395,75,2024-09-24,3.932,4.549,0.864
CA_299395,75,2024-09-25,4.006,4.633,0.865
CA_299395,75,2024-09-26,3.933,4.548,0.865
CA_299395,75,2024-09-27,3.939,4.565,0.863
CA_299395,75,2024-09-28,3.65,4.243,0.859
CA_299395,75,2024-09-29,3.281,3.832,0.853
CA_299395,75,2024-09-30,2.978,3.511,0.845
CA_299395,75,2024-10-01,2.812,3.363,0.835
CA_299395,75,2024-10-02,2.549,3.095,0.826
CA_299395,75,2024-10-03,2.827,3.478,0.816
CA_299395,75,2024-10-04,3.189,3.967,0.806
CA_299395,75,2024-10-05,3.317,4.159,0.799
CA_299395,75,2024-10-06,3.452,4.352,0.794
CA_299395,75,2024-10-07,3.487,4.404,0.792
CA_299395,75,2024-10-08,3.322,4.194,0.792
CA_299395,75,2024-10-09,3.183,4.002,0.796
CA_299395,75,2024-10-10,3.028,3.792,0.799
CA_299395,75,2024-10-11,2.846,3.548,0.802
CA_299395,75,2024-10-12,2.9,3.6,0.806
CA_299395,75,2024-10-13,2.89,3.565,0.811
CA_299395,75,2024-10-14,3.018,3.688,0.818
CA_299395,75,2024-10-15,3.135,3.792,0.827
CA_299395,75,2024-10-16,3.083,3.687,0.837
CA_299395,75,2024-10-17,2.918,3.443,0.85
CA_299395,75,2024-10-18,3.038,3.53,0.862
CA_299395,75,2024-10-19,2.873,3.286,0.875
CA_299395,75,2024-10-20,2.744,3.093,0.887
CA_299395,75,2024-10-21,2.678,2.989,0.897
CA_299395,75,2024-10-22,2.65,2.936,0.904
CA_299395,75,2024-10-23,2.588,2.849,0.909
CA_299395,75,2024-10-24,2.419,2.657,0.91
CA_299395,75,2024-10-25,2.464,2.709,0.91
CA_299395,75,2024-10-26,2.604,2.866,0.909
CA_299395,75,2024-10-27,2.602,2.866,0.908
CA_299395,75,2024-10-28,2.394,2.639,0.907
CA_299395,75,2024-10-29,2.363,2.604,0.907
CA_299395,75,2024-10-30,2.129,2.344,0.909
CA_299395,75,2024-10-31,1.981,2.173,0.912
CA_299395,75,2024-11-01,2.043,2.229,0.916
CA_299395,75,2024-11-02,2.091,2.267,0.922
CA_299395,75,2024-11-03,2.187,2.357,0.927
CA_299395,75,2024-11-04,2.179,2.34,0.932
CA_299395,75,2024-11-05,2.143,2.287,0.938
CA_299395,75,2024-11-06,2.017,2.146,0.94
CA_299395,75,2024-11-07,1.886,2.005,0.94
CA_299395,75,2024-11-08,1.878,2.005,0.937
CA_299395,75,2024-11-09,1.965,2.111,0.931
CA_299395,75,2024-11-10,2.041,2.217,0.922
CA_299395,75,2024-11-11,2.023,2.217,0.913
CA_299395,75,2024-11-12,2.117,2.34,0.904
CA_299395,75,2024-11-13,1.987,2.217,0.896
CA_299395,75,2024-11-14,1.846,2.076,0.887
CA_299395,75,2024-11-15,1.549,1.759,0.878
CA_299395,75,2024-11-16,1.307,1.495,0.869
CA_299395,75,2024-11-17,1.137,1.319,0.86
CA_299395,75,2024-11-18,1.048,1.231,0.851
CA_299395,75,2024-11-19,1.035,1.231,0.842
CA_299395,75,2024-11-20,1.04,1.249,0.834
CA_299395,75,2024-11-21,1.275,1.548,0.825
CA_299395,75,2024-11-22,1.329,1.636,0.815
CA_299395,75,2024-11-23,1.34,1.671,0.803
CA_299395,75,2024-11-24,1.268,1.601,0.79
CA_299395,75,2024-11-25,1.263,1.618,0.775
CA_299395,75,2024-11-26,1.151,1.513,0.759
CA_299395,75,2024-11-27,1.007,1.354,0.742
CA_299395,75,2024-11-28,0.981,1.354,0.726
CA_299395,75,2024-11-29,1.079,1.523,0.71
CA_299395,75,2024-11-30,1.05,1.507,0.697
CA_299395,75,2024-12-01,0.924,1.344,0.688
CA_299395,75,2024-12-02,0.917,1.343,0.683
CA_299395,75,2024-12-03,0.853,1.255,0.68
CA_299395,75,2024-12-04,0.777,1.141,0.682
CA_299395,75,2024-12-05,0.857,1.255,0.683
CA_299395,75,2024-12-06,0.937,1.369,0.684
CA_299395,75,2024-12-07,0.938,1.369,0.685
CA_299395,75,2024-12-08,0.94,1.369,0.687
CA_299395,75,2024-12-09,0.967,1.407,0.688
CA_299395,75,2024-12-10,0.93,1.35,0.689
CA_299395,75,2024-12-11,0.892,1.293,0.69
CA_299395,75,2024-12-12,0.958,1.388,0.69
CA_299395,75,2024-12-13,0.999,1.445,0.691
CA_299395,75,2024-12-14,1.0,1.445,0.692
CA_299395,75,2024-12-15,1.015,1.464,0.693
CA_299395,75,2024-12-16,1.174,1.692,0.694
CA_299395,75,2024-12-17,1.162,1.673,0.695
CA_299395,75,2024-12-18,1.071,1.54,0.696
CA_299395,75,2024-12-19,0.926,1.331,0.696
CA_299395,75,2024-12-20,0.848,1.217,0.697
CA_299395,75,2024-12-21,0.663,0.951,0.698
CA_299395,75,2024-12-22,0.611,0.875,0.699
CA_299395,75,2024-12-23,0.639,0.913,0.7
CA_299395,75,2024-12-24,0.72,1.027,0.702
CA_299395,75,2024-12-25,0.778,1.103,0.705
CA_299395,75,2024-12-26,0.795,1.122,0.709
CA_299395,75,2024-12-27,0.856,1.198,0.713
CA_299395,75,2024-12-28,0.875,1.217,0.719
CA_299395,75,2024-12-29,0.84,1.16,0.725
CA_299395,75,2024-12-30,0.795,1.093,0.728
CA_299395,75,2024-12-31,0.81,1.109,0.731
CA_299467,75,2024-01-01,0.812,0.951,0.854
CA_299467,75,2024-01-02,0.408,0.475,0.858
CA_299467,75,2024-01-03,0.819,0.951,0.862
CA_299467,75,2024-01-04,1.646,1.902,0.865
CA_299467,75,2024-01-05,1.057,1.217,0.869
CA_299467,75,2024-01-06,0.913,1.046,0.873
CA_299467,75,2024-01-07,1.25,1.426,0.876
CA_299467,75,2024-01-08,0.92,1.046,0.88
CA_299467,75,2024-01-09,1.008,1.141,0.884
CA_299467,75,2024-01-10,1.248,1.407,0.887
CA_299467,75,2024-01-11,1.271,1.426,0.891
CA_299467,75,2024-01-12,0.833,0.931,0.895
CA_299467,75,2024-01-13,0.769,0.856,0.898
CA_299467,75,2024-01-14,1.115,1.236,0.902
CA_299467,75,2024-01-15,0.775,0.856,0.906
CA_299467,75,2024-01-16,0.865,0.951,0.909
CA_299467,75,2024-01-17,0.868,0.951,0.913
CA_299467,75,2024-01-18,0.872,0.951,0.917
CA_299467,75,2024-01-19,0.963,1.046,0.92
CA_299467,75,2024-01-20,1.212,1.312,0.924
CA_299467,75,2024-01-21,1.147,1.236,0.928
CA_299467,75,2024-01-22,0.708,0.761,0.931
CA_299467,75,2024-01-23,1.245,1.331,0.935
CA_299467,75,2024-01-24,0.714,0.761,0.939
CA_299467,75,2024-01-25,1.254,1.331,0.942
CA_299467,75,2024-01-26,0.989,1.046,0.946
CA_299467,75,2024-01-27,0.903,0.951,0.95
CA_299467,75,2024-01-28,1.269,1.331,0.953
CA_299467,75,2024-01-29,1.547,1.616,0.957
CA_299467,75,2024-01-30,1.735,1.807,0.961
CA_299467,75,2024-01-31,2.2,2.282,0.964
CA_299467,75,2024-02-01,1.184,1.224,0.968
CA_299467,75,2024-02-02,1.353,1.393,0.972
CA_299467,75,2024-02-03,1.377,1.412,0.975
CA_299467,75,2024-02-04,1.474,1.506,0.979
CA_299467,75,2024-02-05,1.461,1.487,0.982
CA_299467,75,2024-02-06,1.114,1.13,0.986
CA_299467,75,2024-02-07,1.192,1.204,0.99
CA_299467,75,2024-02-08,1.029,1.035,0.993
CA_299467,75,2024-02-09,1.502,1.506,0.997
CA_299467,75,2024-02-10,1.488,1.487,1.001
CA_299467,75,2024-02-11,1.607,1.6,1.004
CA_299467,75,2024-02-12,1.566,1.581,0.991
CA_299467,75,2024-02-13,1.472,1.506,0.977
CA_299467,75,2024-02-14,1.451,1.506,0.964
CA_299467,75,2024-02-15,1.431,1.506,0.95
CA_299467,75,2024-02-16,1.322,1.412,0.936
CA_299467,75,2024-02-17,1.007,1.091,0.923
CA_299467,75,2024-02-18,1.608,1.769,0.909
CA_299467,75,2024-02-19,2.276,2.541,0.896
CA_299467,75,2024-02-20,1.68,1.863,0.902
CA_299467,75,2024-02-21,1.538,1.694,0.908
CA_299467,75,2024-02-22,1.893,2.071,0.914
CA_299467,75,2024-02-23,1.733,1.883,0.92
CA_299467,75,2024-02-24,1.395,1.506,0.927
CA_299467,75,2024-02-25,1.668,1.788,0.933
CA_299467,75,2024-02-26,1.856,1.977,0.939
CA_299467,75,2024-02-27,1.957,2.071,0.945
CA_299467,75,2024-02-28,2.114,2.259,0.936
CA_299467,75,2024-02-29,1.919,2.071,0.927
CA_299467,75,2024-03-01,1.631,1.778,0.918
CA_299467,75,2024-03-02,1.87,2.058,0.909
CA_299467,75,2024-03-03,1.431,1.59,0.9
CA_299467,75,2024-03-04,1.5,1.684,0.891
CA_299467,75,2024-03-05,1.649,1.871,0.881
CA_299467,75,2024-03-06,1.877,2.152,0.872
CA_299467,75,2024-03-07,1.857,2.152,0.863
CA_299467,75,2024-03-08,1.998,2.339,0.854
CA_299467,75,2024-03-09,2.056,2.432,0.845
CA_299467,75,2024-03-10,2.112,2.526,0.836
CA_299467,75,2024-03-11,2.089,2.526,0.827
CA_299467,75,2024-03-12,1.377,1.684,0.818
CA_299467,75,2024-03-13,2.421,2.994,0.809
CA_299467,75,2024-03-14,3.366,4.21,0.8
CA_299467,75,2024-03-15,2.891,3.649,0.792
CA_299467,75,2024-03-16,2.85,3.629,0.785
CA_299467,75,2024-03-17,2.839,3.649,0.778
CA_299467,75,2024-03-18,2.467,3.2,0.771
CA_299467,75,2024-03-19,2.715,3.555,0.764
CA_299467,75,2024-03-20,3.256,4.303,0.757
CA_299467,75,2024-03-21,2.874,3.836,0.749
CA_299467,75,2024-03-22,2.569,3.461,0.742
CA_299467,75,2024-03-23,1.708,2.264,0.754
CA_299467,75,2024-03-24,2.151,2.807,0.766
CA_299467,75,2024-03-25,2.331,2.994,0.779
CA_299467,75,2024-03-26,2.737,3.461,0.791
CA_299467,75,2024-03-27,2.103,2.619,0.803
CA_299467,75,2024-03-28,2.288,2.807,0.815
CA_299467,75,2024-03-29,2.012,2.432,0.827
CA_299467,75,2024-03-30,2.434,2.9,0.839
CA_299467,75,2024-03-31,2.514,2.994,0.84
CA_299467,75,2024-04-01,3.33,3.963,0.84
CA_299467,75,2024-04-02,3.193,3.798,0.841
CA_299467,75,2024-04-03,3.861,4.59,0.841
CA_299467,75,2024-04-04,1.396,1.659,0.842
CA_299467,75,2024-04-05,1.785,2.12,0.842
CA_299467,75,2024-04-06,2.718,3.226,0.843
CA_299467,75,2024-04-07,3.248,3.852,0.843
CA_299467,75,2024-04-08,3.633,4.24,0.857
CA_299467,75,2024-04-09,3.371,3.871,0.871
CA_299467,75,2024-04-10,3.914,4.424,0.885
CA_299467,75,2024-04-11,3.892,4.332,0.898
CA_299467,75,2024-04-12,4.355,4.774,0.912
CA_299467,75,2024-04-13,1.366,1.475,0.926
CA_299467,75,2024-04-14,2.079,2.212,0.94
CA_299467,75,2024-04-15,2.655,2.784,0.954
CA_299467,75,2024-04-16,3.405,3.595,0.947
CA_299467,75,2024-04-17,3.988,4.24,0.941
CA_299467,75,2024-04-18,3.875,4.148,0.934
CA_299467,75,2024-04-19,4.617,4.977,0.928
CA_299467,75,2024-04-20,5.009,5.438,0.921
CA_299467,75,2024-04-21,4.72,5.162,0.915
CA_299467,75,2024-04-22,4.938,5.438,0.908
CA_299467,75,2024-04-23,3.905,4.332,0.901
CA_299467,75,2024-04-24,3.408,3.982,0.856
CA_299467,75,2024-04-25,3.957,4.885,0.81
CA_299467,75,2024-04-26,3.17,4.148,0.764
CA_299467,75,2024-04-27,3.51,4.885,0.718
CA_299467,75,2024-04-28,3.831,5.696,0.673
CA_299467,75,2024-04-29,3.814,6.083,0.627
CA_299467,75,2024-04-30,3.374,5.807,0.581
CA_299467,75,2024-05-01,3.537,6.608,0.535
CA_299467,75,2024-05-02,3.427,6.246,0.549
CA_299467,75,2024-05-03,3.306,5.884,0.562
CA_299467,75,2024-05-04,0.844,1.467,0.575
CA_299467,75,2024-05-05,2.462,4.182,0.589
CA_299467,75,2024-05-06,2.778,4.616,0.602
CA_299467,75,2024-05-07,3.185,5.178,0.615
CA_299467,75,2024-05-08,3.754,5.974,0.628
CA_299467,75,2024-05-09,3.66,5.703,0.642
CA_299467,75,2024-05-10,4.369,6.608,0.661
CA_299467,75,2024-05-11,4.547,6.68,0.681
CA_299467,75,2024-05-12,4.931,7.042,0.7
CA_299467,75,2024-05-13,5.017,6.97,0.72
CA_299467,75,2024-05-14,5.286,7.151,0.739
CA_299467,75,2024-05-15,5.494,7.241,0.759
CA_299467,75,2024-05-16,5.269,6.77,0.778
CA_299467,75,2024-05-17,4.895,6.137,0.798
CA_299467,75,2024-05-18,4.864,5.974,0.814
CA_299467,75,2024-05-19,4.886,5.884,0.83
CA_299467,75,2024-05-20,5.596,6.608,0.847
CA_299467,75,2024-05-21,6.094,7.06,0.863
CA_299467,75,2024-05-22,6.353,7.223,0.88
CA_299467,75,2024-05-23,6.001,6.698,0.896
CA_299467,75,2024-05-24,5.45,5.974,0.912
CA_299467,75,2024-05-25,5.128,5.522,0.929
CA_299467,75,2024-05-26,5.126,5.902,0.869
CA_299467,75,2024-05-27,5.21,6.445,0.808
CA_299467,75,2024-05-28,5.215,6.97,0.748
CA_299467,75,2024-05-29,5.157,7.494,0.688
CA_299467,75,2024-05-30,4.718,7.513,0.628
CA_299467,75,2024-05-31,4.462,7.856,0.568
CA_299467,75,2024-06-01,3.609,7.106,0.508
CA_299467,75,2024-06-02,3.071,6.861,0.448
CA_299467,75,2024-06-03,2.785,5.981,0.466
CA_299467,75,2024-06-04,3.549,7.336,0.484
CA_299467,75,2024-06-05,3.84,7.652,0.502
CA_299467,75,2024-06-06,4.343,8.356,0.52
CA_299467,75,2024-06-07,3.926,7.3,0.538
CA_299467,75,2024-06-08,3.471,6.245,0.556
CA_299467,75,2024-06-09,3.847,6.703,0.574
CA_299467,75,2024-06-10,4.269,7.212,0.592
CA_299467,75,2024-06-11,4.176,7.551,0.55
CA_299467,75,2024-06-12,4.35,7.536,0.575
CA_299467,75,2024-06-13,4.975,7.923,0.625
CA_299467,75,2024-06-14,5.485,8.099,0.675
CA_299467,75,2024-06-15,6.037,8.292,0.725
CA_299467,75,2024-06-16,6.443,8.292,0.776
CA_299467,75,2024-06-17,6.996,8.556,0.818
CA_299467,75,2024-06-18,7.212,8.454,0.853
CA_299467,75,2024-06-19,7.443,8.458,0.881
CA_299467,75,2024-06-20,7.341,8.159,0.9
CA_299467,75,2024-06-21,7.225,7.93,0.913
CA_299467,75,2024-06-22,6.881,7.455,0.925
CA_299467,75,2024-06-23,6.881,7.349,0.937
CA_299467,75,2024-06-24,7.103,7.472,0.949
CA_299467,75,2024-06-25,7.607,7.895,0.961
CA_299467,75,2024-06-26,8.267,8.472,0.974
CA_299467,75,2024-06-27,8.799,8.922,0.986
CA_299467,75,2024-06-28,8.766,8.799,0.998
CA_299467,75,2024-06-29,8.352,8.293,1.01
CA_299467,75,2024-06-30,8.185,8.026,1.022
CA_299467,75,2024-07-01,7.659,7.417,1.034
CA_299467,75,2024-07-02,7.394,7.071,1.046
CA_299467,75,2024-07-03,7.439,7.176,1.038
CA_299467,75,2024-07-04,7.732,7.705,1.01
CA_299467,75,2024-07-05,7.456,7.842,0.962
CA_299467,75,2024-07-06,7.179,8.1,0.894
CA_299467,75,2024-07-07,6.895,8.619,0.806
CA_299467,75,2024-07-08,6.624,9.362,0.718
CA_299467,75,2024-07-09,6.057,9.877,0.63
CA_299467,75,2024-07-10,5.345,10.035,0.542
CA_299467,75,2024-07-11,4.792,9.881,0.481
CA_299467,75,2024-07-12,4.212,9.31,0.448
CA_299467,75,2024-07-13,3.659,8.358,0.442
CA_299467,75,2024-07-14,3.362,7.378,0.464
CA_299467,75,2024-07-15,3.527,6.88,0.513
CA_299467,75,2024-07-16,3.648,6.519,0.562
CA_299467,75,2024-07-17,4.077,6.66,0.612
CA_299467,75,2024-07-18,4.794,7.176,0.661
CA_299467,75,2024-07-19,5.4,7.605,0.702
CA_299467,75,2024-07-20,5.815,7.846,0.734
CA_299467,75,2024-07-21,6.32,8.324,0.758
CA_299467,75,2024-07-22,6.444,8.334,0.774
CA_299467,75,2024-07-23,6.251,8.007,0.781
CA_299467,75,2024-07-24,5.946,7.547,0.789
CA_299467,75,2024-07-25,5.853,7.358,0.796
CA_299467,75,2024-07-26,5.868,7.306,0.803
CA_299467,75,2024-07-27,6.091,7.519,0.81
CA_299467,75,2024-07-28,6.292,7.712,0.815
CA_299467,75,2024-07-29,6.48,7.901,0.82
CA_299467,75,2024-07-30,6.463,7.845,0.824
CA_299467,75,2024-07-31,6.442,7.792,0.827
CA_299467,75,2024-08-01,6.403,7.713,0.83
CA_299467,75,2024-08-02,6.452,7.739,0.833
CA_299467,75,2024-08-03,6.485,7.751,0.837
CA_299467,75,2024-08-04,6.527,7.873,0.829
CA_299467,75,2024-08-05,6.313,7.771,0.81
CA_299467,75,2024-08-06,5.853,7.456,0.78
CA_299467,75,2024-08-07,5.211,7.001,0.739
CA_299467,75,2024-08-08,4.649,6.716,0.687
CA_299467,75,2024-08-09,4.305,6.815,0.635
CA_299467,75,2024-08-10,4.209,7.358,0.583
CA_299467,75,2024-08-11,4.093,7.88,0.531
CA_299467,75,2024-08-12,4.078,8.237,0.501
CA_299467,75,2024-08-13,4.244,8.623,0.494
CA_299467,75,2024-08-14,4.389,8.661,0.509
CA_299467,75,2024-08-15,4.44,8.203,0.547
CA_299467,75,2024-08-16,4.505,7.541,0.606
CA_299467,75,2024-08-17,4.753,7.239,0.666
CA_299467,75,2024-08-18,4.896,6.835,0.725
CA_299467,75,2024-08-19,4.87,6.258,0.785
CA_299467,75,2024-08-20,4.923,5.953,0.829
CA_299467,75,2024-08-21,5.172,6.041,0.859
CA_299467,75,2024-08-22,5.175,5.932,0.873
CA_299467,75,2024-08-23,5.089,5.834,0.873
CA_299467,75,2024-08-24,5.268,6.153,0.857
CA_299467,75,2024-08-25,5.453,6.492,0.842
CA_299467,75,2024-08-26,5.518,6.696,0.826
CA_299467,75,2024-08-27,5.545,6.852,0.81
CA_299467,75,2024-08-28,5.978,7.493,0.798
CA_299467,75,2024-08-29,5.861,7.422,0.79
CA_299467,75,2024-08-30,5.465,6.966,0.785
CA_299467,75,2024-08-31,5.187,6.628,0.783
CA_299467,75,2024-09-01,5.094,6.495,0.785
CA_299467,75,2024-09-02,4.747,6.036,0.786
CA_299467,75,2024-09-03,4.844,6.144,0.788
CA_299467,75,2024-09-04,5.223,6.61,0.79
CA_299467,75,2024-09-05,5.569,7.15,0.78
CA_299467,75,2024-09-06,5.638,7.439,0.76
CA_299467,75,2024-09-07,5.475,7.511,0.728
CA_299467,75,2024-09-08,5.114,7.426,0.684
CA_299467,75,2024-09-09,4.525,7.079,0.63
CA_299467,75,2024-09-10,3.883,6.674,0.575
CA_299467,75,2024-09-11,3.353,6.399,0.521
CA_299467,75,2024-09-12,2.929,6.263,0.467
CA_299467,75,2024-09-13,2.656,6.144,0.434
CA_299467,75,2024-09-14,2.567,6.093,0.422
CA_299467,75,2024-09-15,2.474,5.79,0.432
CA_299467,75,2024-09-16,2.518,5.518,0.464
CA_299467,75,2024-09-17,2.647,5.195,0.517
CA_299467,75,2024-09-18,2.726,4.825,0.571
CA_299467,75,2024-09-19,2.823,4.556,0.624
CA_299467,75,2024-09-20,3.258,4.787,0.677
CA_299467,75,2024-09-21,3.652,4.995,0.723
CA_299467,75,2024-09-22,4.096,5.314,0.763
CA_299467,75,2024-09-23,4.55,5.688,0.795
CA_299467,75,2024-09-24,4.803,5.858,0.821
CA_299467,75,2024-09-25,4.749,5.671,0.84
CA_299467,75,2024-09-26,4.602,5.382,0.858
CA_299467,75,2024-09-27,4.484,5.127,0.877
CA_299467,75,2024-09-28,4.172,4.668,0.895
CA_299467,75,2024-09-29,4.134,4.547,0.91
CA_299467,75,2024-09-30,3.989,4.331,0.922
CA_299467,75,2024-10-01,4.029,4.337,0.93
CA_299467,75,2024-10-02,4.19,4.487,0.934
CA_299467,75,2024-10-03,4.644,4.97,0.934
CA_299467,75,2024-10-04,4.649,4.973,0.935
CA_299467,75,2024-10-05,4.762,5.092,0.935
CA_299467,75,2024-10-06,4.618,4.935,0.936
CA_299467,75,2024-10-07,4.283,4.621,0.926
CA_299467,75,2024-10-08,3.749,4.137,0.905
CA_299467,75,2024-10-09,3.953,4.576,0.874
CA_299467,75,2024-10-10,3.916,4.785,0.832
CA_299467,75,2024-10-11,3.672,4.715,0.779
CA_299467,75,2024-10-12,3.425,4.663,0.727
CA_299467,75,2024-10-13,3.103,4.458,0.674
CA_299467,75,2024-10-14,2.42,3.809,0.622
CA_299467,75,2024-10-15,2.035,3.499,0.582
CA_299467,75,2024-10-16,1.877,3.377,0.555
CA_299467,75,2024-10-17,1.688,3.133,0.541
CA_299467,75,2024-10-18,1.742,3.238,0.539
CA_299467,75,2024-10-19,1.762,3.206,0.55
CA_299467,75,2024-10-20,1.545,2.757,0.561
CA_299467,75,2024-10-21,1.565,2.74,0.572
CA_299467,75,2024-10-22,1.47,2.534,0.584
CA_299467,75,2024-10-23,1.25,2.116,0.595
CA_299467,75,2024-10-24,1.143,1.889,0.606
CA_299467,75,2024-10-25,1.194,1.938,0.617
CA_299467,75,2024-10-26,0.997,1.589,0.628
CA_299467,75,2024-10-27,0.932,1.464,0.639
CA_299467,75,2024-10-28,0.864,1.342,0.65
CA_299467,75,2024-10-29,0.842,1.276,0.662
CA_299467,75,2024-10-30,0.769,1.139,0.673
CA_299467,75,2024-10-31,0.868,1.264,0.684
CA_299467,75,2024-11-01,1.019,1.46,0.695
CA_299467,75,2024-11-02,1.156,1.637,0.706
CA_299467,75,2024-11-03,1.189,1.654,0.717
CA_299467,75,2024-11-04,1.322,1.813,0.728
CA_299467,75,2024-11-05,1.369,1.852,0.739
CA_299467,75,2024-11-06,1.364,1.816,0.751
CA_299467,75,2024-11-07,1.368,1.799,0.762
CA_299467,75,2024-11-08,1.318,1.711,0.773
CA_299467,75,2024-11-09,1.2,1.535,0.784
CA_299467,75,2024-11-10,1.116,1.408,0.795
CA_299467,75,2024-11-11,1.019,1.267,0.806
CA_299467,75,2024-11-12,0.962,1.179,0.817
CA_299467,75,2024-11-13,0.918,1.109,0.828
CA_299467,75,2024-11-14,0.856,1.021,0.84
CA_299467,75,2024-11-15,0.838,0.986,0.851
CA_299467,75,2024-11-16,0.834,0.968,0.862
CA_299467,75,2024-11-17,0.943,1.077,0.873
CA_299467,75,2024-11-18,1.003,1.13,0.884
CA_299467,75,2024-11-19,1.092,1.218,0.895
CA_299467,75,2024-11-20,1.152,1.271,0.906
CA_299467,75,2024-11-21,1.312,1.429,0.918
CA_299467,75,2024-11-22,1.242,1.338,0.929
CA_299467,75,2024-11-23,1.274,1.355,0.94
CA_299467,75,2024-11-24,1.278,1.352,0.946
CA_299467,75,2024-11-25,1.233,1.302,0.946
CA_299467,75,2024-11-26,1.111,1.179,0.941
CA_299467,75,2024-11-27,1.166,1.253,0.93
CA_299467,75,2024-11-28,1.097,1.2,0.915
CA_299467,75,2024-11-29,1.114,1.243,0.899
CA_299467,75,2024-11-30,1.125,1.274,0.883
CA_299467,75,2024-12-01,1.091,1.254,0.867
CA_299467,75,2024-12-02,0.99,1.161,0.851
CA_299467,75,2024-12-03,0.944,1.126,0.836
CA_299467,75,2024-12-04,0.876,1.069,0.82
CA_299467,75,2024-12-05,0.77,0.955,0.804
CA_299467,75,2024-12-06,0.725,0.917,0.788
CA_299467,75,2024-12-07,0.641,0.825,0.772
CA_299467,75,2024-12-08,0.609,0.803,0.757
CA_299467,75,2024-12-09,0.564,0.765,0.741
CA_299467,75,2024-12-10,0.663,0.917,0.727
CA_299467,75,2024-12-11,0.603,0.845,0.716
CA_299467,75,2024-12-12,0.558,0.788,0.706
CA_299467,75,2024-12-13,0.604,0.864,0.699
CA_299467,75,2024-12-14,0.573,0.826,0.693
CA_299467,75,2024-12-15,0.475,0.692,0.688
CA_299467,75,2024-12-16,0.473,0.692,0.683
CA_299467,75,2024-12-17,0.484,0.711,0.678
CA_299467,75,2024-12-18,0.44,0.654,0.672
CA_299467,75,2024-12-19,0.423,0.635,0.667
CA_299467,75,2024-12-20,0.457,0.692,0.662
CA_299467,75,2024-12-21,0.553,0.844,0.656
CA_299467,75,2024-12-22,0.575,0.882,0.651
CA_299467,75,2024-12-23,0.534,0.825,0.646
CA_299467,75,2024-12-24,0.554,0.863,0.641
CA_299467,75,2024-12-25,0.513,0.806,0.635
CA_299467,75,2024-12-26,0.445,0.707,0.63
CA_299467,75,2024-12-27,0.487,0.78,0.625
CA_299467,75,2024-12-28,0.518,0.837,0.619
CA_299467,75,2024-12-29,0.513,0.837,0.614
CA_299467,75,2024-12-30,0.537,0.88,0.612
CA_299467,75,2024-12-31,0.56,0.919,0.609
CA_300271,75,2024-01-01,0.208,0.894,0.232
CA_300271,75,2024-01-02,0.142,0.596,0.237
CA_300271,75,2024-01-03,0.313,1.291,0.242
CA_300271,75,2024-01-04,0.393,1.589,0.247
CA_300271,75,2024-01-05,0.276,1.093,0.252
CA_300271,75,2024-01-06,0.255,0.993,0.257
CA_300271,75,2024-01-07,0.312,1.192,0.262
CA_300271,75,2024-01-08,0.265,0.993,0.267
CA_300271,75,2024-01-09,0.27,0.993,0.272
CA_300271,75,2024-01-10,0.385,1.391,0.277
CA_300271,75,2024-01-11,0.31,1.192,0.26
CA_300271,75,2024-01-12,0.257,0.894,0.287
CA_300271,75,2024-01-13,0.281,0.894,0.314
CA_300271,75,2024-01-14,0.44,1.291,0.341
CA_300271,75,2024-01-15,0.329,0.894,0.368
CA_300271,75,2024-01-16,0.353,0.894,0.395
CA_300271,75,2024-01-17,0.419,0.993,0.422
CA_300271,75,2024-01-18,0.491,1.093,0.449
CA_300271,75,2024-01-19,0.567,1.192,0.476
CA_300271,75,2024-01-20,0.699,1.391,0.503
CA_300271,75,2024-01-21,0.632,1.192,0.53
CA_300271,75,2024-01-22,0.553,0.993,0.557
CA_300271,75,2024-01-23,0.754,1.291,0.584
CA_300271,75,2024-01-24,0.485,0.795,0.611
CA_300271,75,2024-01-25,0.824,1.291,0.638
CA_300271,75,2024-01-26,0.858,1.291,0.665
CA_300271,75,2024-01-27,0.734,1.093,0.672
CA_300271,75,2024-01-28,0.809,1.192,0.679
CA_300271,75,2024-01-29,0.954,1.391,0.686
CA_300271,75,2024-01-30,1.309,1.887,0.693
CA_300271,75,2024-01-31,1.879,2.682,0.7
CA_300271,75,2024-02-01,0.968,1.367,0.708
CA_300271,75,2024-02-02,0.977,1.367,0.715
CA_300271,75,2024-02-03,0.987,1.367,0.722
CA_300271,75,2024-02-04,1.21,1.66,0.729
CA_300271,75,2024-02-05,1.222,1.66,0.736
CA_300271,75,2024-02-06,0.944,1.27,0.743
CA_300271,75,2024-02-07,0.953,1.27,0.75
CA_300271,75,2024-02-08,0.74,0.977,0.758
CA_300271,75,2024-02-09,1.195,1.563,0.765
CA_300271,75,2024-02-10,0.98,1.27,0.772
CA_300271,75,2024-02-11,1.141,1.465,0.779
CA_300271,75,2024-02-12,1.03,1.66,0.62
CA_300271,75,2024-02-13,0.997,1.66,0.6
CA_300271,75,2024-02-14,1.02,1.758,0.58
CA_300271,75,2024-02-15,0.82,1.465,0.56
CA_300271,75,2024-02-16,0.896,1.66,0.54
CA_300271,75,2024-02-17,0.711,1.367,0.52
CA_300271,75,2024-02-18,1.024,2.051,0.499
CA_300271,75,2024-02-19,1.17,2.442,0.479
CA_300271,75,2024-02-20,0.897,1.953,0.459
CA_300271,75,2024-02-21,0.734,1.856,0.395
CA_300271,75,2024-02-22,0.745,2.246,0.332
CA_300271,75,2024-02-23,0.549,2.051,0.268
CA_300271,75,2024-02-24,0.339,1.66,0.204
CA_300271,75,2024-02-25,0.246,1.758,0.14
CA_300271,75,2024-02-26,0.142,1.856,0.076
CA_300271,75,2024-02-27,0.028,2.246,0.013
CA_300271,75,2024-02-28,0.245,2.539,0.096
CA_300271,75,2024-02-29,0.224,2.246,0.1
CA_300271,75,2024-03-01,0.19,1.853,0.103
CA_300271,75,2024-03-02,0.186,1.756,0.106
CA_300271,75,2024-03-03,0.181,1.658,0.109
CA_300271,75,2024-03-04,0.208,1.853,0.112
CA_300271,75,2024-03-05,0.248,2.146,0.116
CA_300271,75,2024-03-06,0.255,2.146,0.119
CA_300271,75,2024-03-07,0.297,2.438,0.122
CA_300271,75,2024-03-08,0.293,2.341,0.125
CA_300271,75,2024-03-09,0.326,2.536,0.128
CA_300271,75,2024-03-10,0.385,2.926,0.132
CA_300271,75,2024-03-11,0.368,2.731,0.135
CA_300271,75,2024-03-12,0.296,2.146,0.138
CA_300271,75,2024-03-13,0.4,2.829,0.141
CA_300271,75,2024-03-14,0.507,3.511,0.144
CA_300271,75,2024-03-15,0.465,3.316,0.14
CA_300271,75,2024-03-16,0.507,3.316,0.153
CA_300271,75,2024-03-17,0.614,3.706,0.166
CA_300271,75,2024-03-18,0.609,3.414,0.178
CA_300271,75,2024-03-19,0.727,3.804,0.191
CA_300271,75,2024-03-20,0.935,4.584,0.204
CA_300271,75,2024-03-21,0.888,4.097,0.217
CA_300271,75,2024-03-22,0.873,3.804,0.229
CA_300271,75,2024-03-23,0.738,2.341,0.315
CA_300271,75,2024-03-24,1.094,2.731,0.401
CA_300271,75,2024-03-25,1.518,3.121,0.486
CA_300271,75,2024-03-26,2.12,3.706,0.572
CA_300271,75,2024-03-27,1.989,3.024,0.658
CA_300271,75,2024-03-28,2.175,2.926,0.743
CA_300271,75,2024-03-29,2.183,2.634,0.829
CA_300271,75,2024-03-30,2.498,2.731,0.915
CA_300271,75,2024-03-31,2.437,2.926,0.833
CA_300271,75,2024-04-01,2.834,3.772,0.751
CA_300271,75,2024-04-02,2.591,3.869,0.67
CA_300271,75,2024-04-03,2.673,4.546,0.588
CA_300271,75,2024-04-04,1.028,2.031,0.506
CA_300271,75,2024-04-05,0.986,2.321,0.425
CA_300271,75,2024-04-06,1.161,3.385,0.343
CA_300271,75,2024-04-07,1.086,4.159,0.261
CA_300271,75,2024-04-08,1.44,4.062,0.354
CA_300271,75,2024-04-09,1.505,3.869,0.389
CA_300271,75,2024-04-10,2.008,4.739,0.424
CA_300271,75,2024-04-11,1.994,4.352,0.458
CA_300271,75,2024-04-12,2.907,5.9,0.493
CA_300271,75,2024-04-13,1.071,2.031,0.527
CA_300271,75,2024-04-14,1.359,2.418,0.562
CA_300271,75,2024-04-15,1.673,2.805,0.597
CA_300271,75,2024-04-16,3.098,4.062,0.763
CA_300271,75,2024-04-17,3.377,4.449,0.759
CA_300271,75,2024-04-18,3.287,4.352,0.755
CA_300271,75,2024-04-19,4.071,5.416,0.752
CA_300271,75,2024-04-20,4.34,5.803,0.748
CA_300271,75,2024-04-21,4.246,5.707,0.744
CA_300271,75,2024-04-22,4.154,5.61,0.74
CA_300271,75,2024-04-23,3.42,4.643,0.737
CA_300271,75,2024-04-24,2.944,4.256,0.692
CA_300271,75,2024-04-25,3.316,5.126,0.647
CA_300271,75,2024-04-26,2.504,4.159,0.602
CA_300271,75,2024-04-27,2.533,4.546,0.557
CA_300271,75,2024-04-28,3.022,5.9,0.512
CA_300271,75,2024-04-29,2.938,6.287,0.467
CA_300271,75,2024-04-30,2.451,5.803,0.422
CA_300271,75,2024-05-01,2.299,6.091,0.378
CA_300271,75,2024-05-02,2.618,6.185,0.423
CA_300271,75,2024-05-03,2.347,5.997,0.391
CA_300271,75,2024-05-04,0.842,2.343,0.36
CA_300271,75,2024-05-05,1.443,4.404,0.328
CA_300271,75,2024-05-06,1.414,4.779,0.296
CA_300271,75,2024-05-07,1.459,5.529,0.264
CA_300271,75,2024-05-08,1.327,5.716,0.232
CA_300271,75,2024-05-09,1.201,5.997,0.2
CA_300271,75,2024-05-10,1.489,6.747,0.221
CA_300271,75,2024-05-11,1.437,6.466,0.222
CA_300271,75,2024-05-12,1.657,7.403,0.224
CA_300271,75,2024-05-13,1.648,7.309,0.225
CA_300271,75,2024-05-14,1.617,7.122,0.227
CA_300271,75,2024-05-15,1.713,7.497,0.229
CA_300271,75,2024-05-16,1.639,7.122,0.23
CA_300271,75,2024-05-17,1.541,6.653,0.232
CA_300271,75,2024-05-18,2.176,6.278,0.347
CA_300271,75,2024-05-19,2.006,5.997,0.334
CA_300271,75,2024-05-20,2.174,6.747,0.322
CA_300271,75,2024-05-21,2.151,6.934,0.31
CA_300271,75,2024-05-22,2.15,7.215,0.298
CA_300271,75,2024-05-23,1.849,6.466,0.286
CA_300271,75,2024-05-24,1.744,6.372,0.274
CA_300271,75,2024-05-25,1.52,5.81,0.262
CA_300271,75,2024-05-26,1.864,6.278,0.297
CA_300271,75,2024-05-27,2.111,6.653,0.317
CA_300271,75,2024-05-28,2.374,7.028,0.338
CA_300271,75,2024-05-29,2.786,7.778,0.358
CA_300271,75,2024-05-30,2.98,7.871,0.379
CA_300271,75,2024-05-31,3.104,7.778,0.399
CA_300271,75,2024-06-01,3.145,7.496,0.42
CA_300271,75,2024-06-02,3.174,7.215,0.44
CA_300271,75,2024-06-03,2.842,6.746,0.421
CA_300271,75,2024-06-04,2.868,7.121,0.403
CA_300271,75,2024-06-05,3.095,8.058,0.384
CA_300271,75,2024-06-06,2.945,8.058,0.365
CA_300271,75,2024-06-07,2.6,7.496,0.347
CA_300271,75,2024-06-08,2.152,6.559,0.328
CA_300271,75,2024-06-09,2.204,7.121,0.31
CA_300271,75,2024-06-10,2.153,7.402,0.291
CA_300271,75,2024-06-11,2.956,7.87,0.375
CA_300271,75,2024-06-12,2.99,7.889,0.379
CA_300271,75,2024-06-13,3.188,8.264,0.385
CA_300271,75,2024-06-14,3.337,8.489,0.393
CA_300271,75,2024-06-15,3.419,8.545,0.4
CA_300271,75,2024-06-16,3.395,8.339,0.407
CA_300271,75,2024-06-17,3.566,8.507,0.419
CA_300271,75,2024-06-18,3.527,8.283,0.426
CA_300271,75,2024-06-19,3.55,8.32,0.427
CA_300271,75,2024-06-20,3.474,8.226,0.422
CA_300271,75,2024-06-21,3.403,8.245,0.411
CA_300271,75,2024-06-22,3.064,7.795,0.391
CA_300271,75,2024-06-23,2.906,7.814,0.37
CA_300271,75,2024-06-24,2.718,7.814,0.35
CA_300271,75,2024-06-25,2.877,8.283,0.347
CA_300271,75,2024-06-26,3.154,8.882,0.352
CA_300271,75,2024-06-27,3.409,9.295,0.365
CA_300271,75,2024-06-28,3.533,9.201,0.386
CA_300271,75,2024-06-29,3.615,8.815,0.414
CA_300271,75,2024-06-30,3.622,8.448,0.431
CA_300271,75,2024-07-01,3.494,7.8,0.449
CA_300271,75,2024-07-02,3.47,7.451,0.466
CA_300271,75,2024-07-03,3.542,7.534,0.471
CA_300271,75,2024-07-04,3.736,8.024,0.468
CA_300271,75,2024-07-05,3.716,8.175,0.458
CA_300271,75,2024-07-06,3.709,8.476,0.441
CA_300271,75,2024-07-07,3.661,8.796,0.416
CA_300271,75,2024-07-08,3.699,9.323,0.397
CA_300271,75,2024-07-09,3.587,9.531,0.378
CA_300271,75,2024-07-10,3.476,9.719,0.359
CA_300271,75,2024-07-11,3.619,9.587,0.383
CA_300271,75,2024-07-12,3.636,9.229,0.406
CA_300271,75,2024-07-13,3.526,8.495,0.428
CA_300271,75,2024-07-14,3.447,7.816,0.449
CA_300271,75,2024-07-15,3.386,7.195,0.469
CA_300271,75,2024-07-16,2.982,6.667,0.446
CA_300271,75,2024-07-17,2.908,6.894,0.422
CA_300271,75,2024-07-18,2.902,7.346,0.398
CA_300271,75,2024-07-19,2.814,7.722,0.37
CA_300271,75,2024-07-20,2.768,8.005,0.35
CA_300271,75,2024-07-21,2.849,8.438,0.339
CA_300271,75,2024-07-22,2.759,8.268,0.335
CA_300271,75,2024-07-23,2.63,7.816,0.339
CA_300271,75,2024-07-24,2.539,7.195,0.355
CA_300271,75,2024-07-25,2.623,7.063,0.372
CA_300271,75,2024-07-26,2.703,6.95,0.388
CA_300271,75,2024-07-27,2.909,7.157,0.405
CA_300271,75,2024-07-28,3.061,7.327,0.416
CA_300271,75,2024-07-29,3.193,7.553,0.423
CA_300271,75,2024-07-30,3.211,7.579,0.424
CA_300271,75,2024-07-31,3.244,7.736,0.419
CA_300271,75,2024-08-01,3.215,7.855,0.41
CA_300271,75,2024-08-02,3.236,8.104,0.4
CA_300271,75,2024-08-03,3.297,8.448,0.391
CA_300271,75,2024-08-04,3.254,8.504,0.383
CA_300271,75,2024-08-05,3.138,8.317,0.377
CA_300271,75,2024-08-06,2.982,7.981,0.373
CA_300271,75,2024-08-07,2.746,7.383,0.372
CA_300271,75,2024-08-08,2.543,6.822,0.373
CA_300271,75,2024-08-09,2.503,6.672,0.375
CA_300271,75,2024-08-10,2.71,7.177,0.377
CA_300271,75,2024-08-11,2.946,7.756,0.379
CA_300271,75,2024-08-12,3.159,8.224,0.384
CA_300271,75,2024-08-13,3.335,8.598,0.388
CA_300271,75,2024-08-14,3.442,8.785,0.392
CA_300271,75,2024-08-15,3.363,8.486,0.397
CA_300271,75,2024-08-16,3.109,7.757,0.401
CA_300271,75,2024-08-17,2.949,7.327,0.403
CA_300271,75,2024-08-18,2.817,6.972,0.404
CA_300271,75,2024-08-19,2.709,6.673,0.406
CA_300271,75,2024-08-20,2.538,6.299,0.403
CA_300271,75,2024-08-21,2.535,6.392,0.397
CA_300271,75,2024-08-22,2.512,6.486,0.388
CA_300271,75,2024-08-23,2.438,6.486,0.376
CA_300271,75,2024-08-24,2.389,6.635,0.361
CA_300271,75,2024-08-25,2.402,6.916,0.348
CA_300271,75,2024-08-26,2.341,6.99,0.336
CA_300271,75,2024-08-27,2.278,7.065,0.323
CA_300271,75,2024-08-28,2.355,7.532,0.313
CA_300271,75,2024-08-29,2.288,7.514,0.305
CA_300271,75,2024-08-30,2.117,7.088,0.299
CA_300271,75,2024-08-31,2.013,6.831,0.294
CA_300271,75,2024-09-01,1.967,6.725,0.292
CA_300271,75,2024-09-02,1.865,6.45,0.289
CA_300271,75,2024-09-03,1.85,6.475,0.286
CA_300271,75,2024-09-04,1.97,6.963,0.283
CA_300271,75,2024-09-05,2.085,7.301,0.286
CA_300271,75,2024-09-06,2.145,7.414,0.29
CA_300271,75,2024-09-07,2.119,7.207,0.295
CA_300271,75,2024-09-08,2.099,6.982,0.302
CA_300271,75,2024-09-09,2.044,6.607,0.31
CA_300271,75,2024-09-10,2.017,6.419,0.314
CA_300271,75,2024-09-11,1.981,6.213,0.319
CA_300271,75,2024-09-12,1.965,6.081,0.323
CA_300271,75,2024-09-13,1.968,5.856,0.337
CA_300271,75,2024-09-14,2.018,5.8,0.349
CA_300271,75,2024-09-15,1.962,5.481,0.359
CA_300271,75,2024-09-16,1.94,5.293,0.366
CA_300271,75,2024-09-17,1.949,5.237,0.372
CA_300271,75,2024-09-18,1.876,5.124,0.366
CA_300271,75,2024-09-19,1.75,4.861,0.36
CA_300271,75,2024-09-20,1.777,5.03,0.353
CA_300271,75,2024-09-21,1.731,5.199,0.335
CA_300271,75,2024-09-22,1.704,5.331,0.322
CA_300271,75,2024-09-23,1.72,5.5,0.315
CA_300271,75,2024-09-24,1.739,5.593,0.312
CA_300271,75,2024-09-25,1.732,5.537,0.314
CA_300271,75,2024-09-26,1.742,5.256,0.333
CA_300271,75,2024-09-27,1.75,4.993,0.352
CA_300271,75,2024-09-28,1.716,4.655,0.371
CA_300271,75,2024-09-29,1.689,4.529,0.374
CA_300271,75,2024-09-30,1.597,4.177,0.383
CA_300271,75,2024-10-01,1.658,4.163,0.398
CA_300271,75,2024-10-02,1.863,4.395,0.418
CA_300271,75,2024-10-03,2.177,4.797,0.444
CA_300271,75,2024-10-04,2.399,4.834,0.491
CA_300271,75,2024-10-05,2.679,5.004,0.538
CA_300271,75,2024-10-06,2.687,4.702,0.585
CA_300271,75,2024-10-07,2.6,4.4,0.6
CA_300271,75,2024-10-08,2.391,3.985,0.603
CA_300271,75,2024-10-09,2.556,4.344,0.596
CA_300271,75,2024-10-10,2.494,4.381,0.578
CA_300271,75,2024-10-11,2.396,4.362,0.549
CA_300271,75,2024-10-12,2.353,4.343,0.541
CA_300271,75,2024-10-13,2.293,4.287,0.533
CA_300271,75,2024-10-14,1.926,3.664,0.524
CA_300271,75,2024-10-15,1.858,3.569,0.52
CA_300271,75,2024-10-16,1.828,3.513,0.52
CA_300271,75,2024-10-17,1.69,3.229,0.525
CA_300271,75,2024-10-18,1.75,3.286,0.533
CA_300271,75,2024-10-19,1.81,3.324,0.545
CA_300271,75,2024-10-20,1.698,3.041,0.558
CA_300271,75,2024-10-21,1.798,3.154,0.57
CA_300271,75,2024-10-22,1.762,3.04,0.582
CA_300271,75,2024-10-23,1.457,2.474,0.594
CA_300271,75,2024-10-24,1.367,2.266,0.607
CA_300271,75,2024-10-25,1.293,2.096,0.619
CA_300271,75,2024-10-26,1.047,1.662,0.631
CA_300271,75,2024-10-27,0.934,1.454,0.644
CA_300271,75,2024-10-28,0.932,1.435,0.656
CA_300271,75,2024-10-29,0.908,1.36,0.668
CA_300271,75,2024-10-30,0.869,1.269,0.681
CA_300271,75,2024-10-31,0.993,1.425,0.693
CA_300271,75,2024-11-01,1.181,1.677,0.702
CA_300271,75,2024-11-02,1.376,1.947,0.706
CA_300271,75,2024-11-03,1.422,2.01,0.708
CA_300271,75,2024-11-04,1.537,2.182,0.705
CA_300271,75,2024-11-05,1.565,2.239,0.699
CA_300271,75,2024-11-06,1.511,2.182,0.692
CA_300271,75,2024-11-07,1.42,2.067,0.686
CA_300271,75,2024-11-08,1.291,1.895,0.68
CA_300271,75,2024-11-09,1.149,1.704,0.673
CA_300271,75,2024-11-10,1.061,1.589,0.667
CA_300271,75,2024-11-11,0.949,1.436,0.661
CA_300271,75,2024-11-12,0.877,1.34,0.654
CA_300271,75,2024-11-13,0.857,1.321,0.648
CA_300271,75,2024-11-14,0.848,1.321,0.641
CA_300271,75,2024-11-15,0.814,1.282,0.635
CA_300271,75,2024-11-16,0.818,1.302,0.629
CA_300271,75,2024-11-17,0.892,1.417,0.629
CA_300271,75,2024-11-18,0.938,1.474,0.635
CA_300271,75,2024-11-19,0.97,1.493,0.648
CA_300271,75,2024-11-20,0.968,1.455,0.668
CA_300271,75,2024-11-21,1.06,1.531,0.694
CA_300271,75,2024-11-22,1.06,1.474,0.719
CA_300271,75,2024-11-23,1.024,1.378,0.745
CA_300271,75,2024-11-24,0.991,1.302,0.763
CA_300271,75,2024-11-25,1.001,1.302,0.772
CA_300271,75,2024-11-26,0.902,1.168,0.773
CA_300271,75,2024-11-27,0.863,1.129,0.766
CA_300271,75,2024-11-28,0.874,1.167,0.75
CA_300271,75,2024-11-29,0.882,1.204,0.734
CA_300271,75,2024-11-30,0.875,1.219,0.718
CA_300271,75,2024-12-01,0.854,1.213,0.703
CA_300271,75,2024-12-02,0.806,1.169,0.687
CA_300271,75,2024-12-03,0.758,1.125,0.671
CA_300271,75,2024-12-04,0.712,1.084,0.656
CA_300271,75,2024-12-05,0.63,0.982,0.64
CA_300271,75,2024-12-06,0.602,0.961,0.624
CA_300271,75,2024-12-07,0.55,0.9,0.609
CA_300271,75,2024-12-08,0.523,0.879,0.593
CA_300271,75,2024-12-09,0.472,0.818,0.577
CA_300271,75,2024-12-10,0.552,0.982,0.565
CA_300271,75,2024-12-11,0.543,0.982,0.555
CA_300271,75,2024-12-12,0.493,0.9,0.548
CA_300271,75,2024-12-13,0.523,0.961,0.544
CA_300271,75,2024-12-14,0.544,1.002,0.542
CA_300271,75,2024-12-15,0.487,0.9,0.541
CA_300271,75,2024-12-16,0.464,0.859,0.54
CA_300271,75,2024-12-17,0.518,0.961,0.539
CA_300271,75,2024-12-18,0.473,0.88,0.538
CA_300271,75,2024-12-19,0.45,0.839,0.536
CA_300271,75,2024-12-20,0.416,0.777,0.535
CA_300271,75,2024-12-21,0.48,0.9,0.534
CA_300271,75,2024-12-22,0.501,0.941,0.533
CA_300271,75,2024-12-23,0.532,1.002,0.532
CA_300271,75,2024-12-24,0.542,1.023,0.53
CA_300271,75,2024-12-25,0.563,1.063,0.529
CA_300271,75,2024-12-26,0.497,0.941,0.528
CA_300271,75,2024-12-27,0.463,0.879,0.527
CA_300271,75,2024-12-28,0.43,0.818,0.526
CA_300271,75,2024-12-29,0.418,0.798,0.524
CA_300271,75,2024-12-30,0.402,0.767,0.524
CA_300271,75,2024-12-31,0.41,0.784,0.523
CA_300581,75,2024-01-01,0.407,0.872,0.467
CA_300581,75,2024-01-02,0.269,0.581,0.462
CA_300581,75,2024-01-03,0.532,1.162,0.458
CA_300581,75,2024-01-04,0.747,1.647,0.454
CA_300581,75,2024-01-05,0.479,1.066,0.449
CA_300581,75,2024-01-06,0.431,0.969,0.445
CA_300581,75,2024-01-07,0.512,1.162,0.441
CA_300581,75,2024-01-08,0.423,0.969,0.437
CA_300581,75,2024-01-09,0.461,1.066,0.432
CA_300581,75,2024-01-10,0.58,1.356,0.428
CA_300581,75,2024-01-11,0.65,1.259,0.516
CA_300581,75,2024-01-12,0.472,0.872,0.542
CA_300581,75,2024-01-13,0.549,0.969,0.567
CA_300581,75,2024-01-14,0.746,1.259,0.593
CA_300581,75,2024-01-15,0.479,0.775,0.618
CA_300581,75,2024-01-16,0.561,0.872,0.644
CA_300581,75,2024-01-17,0.713,1.066,0.67
CA_300581,75,2024-01-18,0.741,1.066,0.695
CA_300581,75,2024-01-19,0.908,1.259,0.721
CA_300581,75,2024-01-20,1.084,1.453,0.746
CA_300581,75,2024-01-21,0.972,1.259,0.772
CA_300581,75,2024-01-22,0.773,0.969,0.798
CA_300581,75,2024-01-23,1.037,1.259,0.823
CA_300581,75,2024-01-24,0.74,0.872,0.849
CA_300581,75,2024-01-25,1.101,1.259,0.874
CA_300581,75,2024-01-26,1.133,1.259,0.9
CA_300581,75,2024-01-27,0.948,1.066,0.89
CA_300581,75,2024-01-28,1.022,1.162,0.88
CA_300581,75,2024-01-29,1.263,1.453,0.869
CA_300581,75,2024-01-30,1.665,1.937,0.859
CA_300581,75,2024-01-31,2.221,2.615,0.849
CA_300581,75,2024-02-01,1.116,1.331,0.839
CA_300581,75,2024-02-02,1.103,1.331,0.829
CA_300581,75,2024-02-03,1.089,1.331,0.819
CA_300581,75,2024-02-04,1.46,1.806,0.809
CA_300581,75,2024-02-05,1.366,1.711,0.798
CA_300581,75,2024-02-06,0.974,1.236,0.788
CA_300581,75,2024-02-07,0.961,1.236,0.778
CA_300581,75,2024-02-08,0.73,0.95,0.768
CA_300581,75,2024-02-09,1.153,1.521,0.758
CA_300581,75,2024-02-10,0.924,1.236,0.748
CA_300581,75,2024-02-11,1.052,1.426,0.738
CA_300581,75,2024-02-12,1.266,1.616,0.783
CA_300581,75,2024-02-13,1.218,1.616,0.754
CA_300581,75,2024-02-14,1.24,1.711,0.725
CA_300581,75,2024-02-15,1.057,1.521,0.695
CA_300581,75,2024-02-16,1.076,1.616,0.666
CA_300581,75,2024-02-17,0.847,1.331,0.637
CA_300581,75,2024-02-18,1.327,2.186,0.607
CA_300581,75,2024-02-19,1.373,2.376,0.578
CA_300581,75,2024-02-20,1.043,1.901,0.549
CA_300581,75,2024-02-21,0.906,1.711,0.53
CA_300581,75,2024-02-22,1.117,2.186,0.511
CA_300581,75,2024-02-23,0.982,1.996,0.492
CA_300581,75,2024-02-24,0.809,1.711,0.473
CA_300581,75,2024-02-25,0.777,1.711,0.454
CA_300581,75,2024-02-26,0.786,1.806,0.435
CA_300581,75,2024-02-27,0.95,2.281,0.417
CA_300581,75,2024-02-28,1.572,2.471,0.636
CA_300581,75,2024-02-29,1.444,2.281,0.633
CA_300581,75,2024-03-01,1.137,1.804,0.63
CA_300581,75,2024-03-02,1.012,1.614,0.627
CA_300581,75,2024-03-03,1.067,1.709,0.624
CA_300581,75,2024-03-04,1.121,1.804,0.621
CA_300581,75,2024-03-05,1.291,2.089,0.618
CA_300581,75,2024-03-06,1.344,2.184,0.615
CA_300581,75,2024-03-07,1.453,2.374,0.612
CA_300581,75,2024-03-08,1.446,2.374,0.609
CA_300581,75,2024-03-09,1.497,2.469,0.606
CA_300581,75,2024-03-10,1.776,2.944,0.603
CA_300581,75,2024-03-11,1.596,2.659,0.6
CA_300581,75,2024-03-12,1.248,2.089,0.597
CA_300581,75,2024-03-13,1.693,2.849,0.594
CA_300581,75,2024-03-14,2.078,3.514,0.591
CA_300581,75,2024-03-15,2.334,3.229,0.723
CA_300581,75,2024-03-16,2.396,3.324,0.721
CA_300581,75,2024-03-17,2.594,3.609,0.719
CA_300581,75,2024-03-18,2.451,3.419,0.717
CA_300581,75,2024-03-19,2.715,3.799,0.715
CA_300581,75,2024-03-20,3.182,4.464,0.713
CA_300581,75,2024-03-21,2.903,4.084,0.711
CA_300581,75,2024-03-22,2.693,3.799,0.709
CA_300581,75,2024-03-23,2.548,2.184,1.167
CA_300581,75,2024-03-24,2.877,2.564,1.122
CA_300581,75,2024-03-25,3.377,3.134,1.078
CA_300581,75,2024-03-26,3.631,3.514,1.033
CA_300581,75,2024-03-27,2.911,2.944,0.989
CA_300581,75,2024-03-28,2.691,2.849,0.944
CA_300581,75,2024-03-29,2.308,2.564,0.9
CA_300581,75,2024-03-30,2.275,2.659,0.856
CA_300581,75,2024-03-31,2.388,2.944,0.811
CA_300581,75,2024-04-01,3.099,3.762,0.824
CA_300581,75,2024-04-02,3.147,3.762,0.837
CA_300581,75,2024-04-03,3.754,4.42,0.849
CA_300581,75,2024-04-04,1.621,1.881,0.862
CA_300581,75,2024-04-05,1.892,2.163,0.875
CA_300581,75,2024-04-06,2.921,3.292,0.887
CA_300581,75,2024-04-07,3.556,3.95,0.9
CA_300581,75,2024-04-08,3.709,3.95,0.939
CA_300581,75,2024-04-09,3.558,3.762,0.946
CA_300581,75,2024-04-10,4.389,4.608,0.952
CA_300581,75,2024-04-11,4.06,4.232,0.959
CA_300581,75,2024-04-12,5.724,5.925,0.966
CA_300581,75,2024-04-13,2.013,2.069,0.973
CA_300581,75,2024-04-14,2.303,2.351,0.98
CA_300581,75,2024-04-15,2.69,2.727,0.986
CA_300581,75,2024-04-16,4.519,4.044,1.117
CA_300581,75,2024-04-17,4.752,4.326,1.098
CA_300581,75,2024-04-18,4.669,4.326,1.079
CA_300581,75,2024-04-19,5.683,5.361,1.06
CA_300581,75,2024-04-20,5.875,5.643,1.041
CA_300581,75,2024-04-21,5.671,5.549,1.022
CA_300581,75,2024-04-22,5.376,5.361,1.003
CA_300581,75,2024-04-23,4.534,4.608,0.984
CA_300581,75,2024-04-24,3.866,4.044,0.956
CA_300581,75,2024-04-25,4.54,4.891,0.928
CA_300581,75,2024-04-26,3.472,3.856,0.9
CA_300581,75,2024-04-27,3.776,4.326,0.873
CA_300581,75,2024-04-28,4.848,5.737,0.845
CA_300581,75,2024-04-29,4.919,6.019,0.817
CA_300581,75,2024-04-30,4.529,5.737,0.79
CA_300581,75,2024-05-01,4.604,6.044,0.762
CA_300581,75,2024-05-02,4.961,6.044,0.821
CA_300581,75,2024-05-03,4.907,5.952,0.824
CA_300581,75,2024-05-04,1.971,2.381,0.828
CA_300581,75,2024-05-05,3.577,4.304,0.831
CA_300581,75,2024-05-06,3.898,4.67,0.835
CA_300581,75,2024-05-07,4.527,5.403,0.838
CA_300581,75,2024-05-08,4.777,5.677,0.841
CA_300581,75,2024-05-09,5.028,5.952,0.845
CA_300581,75,2024-05-10,5.445,6.685,0.815
CA_300581,75,2024-05-11,5.207,6.502,0.801
CA_300581,75,2024-05-12,5.767,7.326,0.787
CA_300581,75,2024-05-13,5.597,7.234,0.774
CA_300581,75,2024-05-14,5.359,7.051,0.76
CA_300581,75,2024-05-15,5.605,7.509,0.746
CA_300581,75,2024-05-16,5.1,6.959,0.733
CA_300581,75,2024-05-17,4.742,6.593,0.719
CA_300581,75,2024-05-18,4.952,6.227,0.795
CA_300581,75,2024-05-19,4.743,5.952,0.797
CA_300581,75,2024-05-20,5.338,6.685,0.798
CA_300581,75,2024-05-21,5.495,6.868,0.8
CA_300581,75,2024-05-22,5.726,7.142,0.802
CA_300581,75,2024-05-23,5.223,6.502,0.803
CA_300581,75,2024-05-24,5.086,6.318,0.805
CA_300581,75,2024-05-25,4.653,5.769,0.807
CA_300581,75,2024-05-26,5.11,6.227,0.821
CA_300581,75,2024-05-27,5.399,6.593,0.819
CA_300581,75,2024-05-28,5.686,6.959,0.817
CA_300581,75,2024-05-29,6.346,7.783,0.815
CA_300581,75,2024-05-30,6.332,7.783,0.813
CA_300581,75,2024-05-31,6.169,7.6,0.812
CA_300581,75,2024-06-01,6.009,7.42,0.81
CA_300581,75,2024-06-02,5.626,6.962,0.808
CA_300581,75,2024-06-03,5.247,6.504,0.807
CA_300581,75,2024-06-04,5.608,6.962,0.806
CA_300581,75,2024-06-05,6.41,7.97,0.804
CA_300581,75,2024-06-06,6.473,8.061,0.803
CA_300581,75,2024-06-07,5.949,7.42,0.802
CA_300581,75,2024-06-08,5.206,6.504,0.8
CA_300581,75,2024-06-09,5.637,7.054,0.799
CA_300581,75,2024-06-10,5.847,7.328,0.798
CA_300581,75,2024-06-11,3.207,5.611,0.571
CA_300581,75,2024-06-12,3.444,5.845,0.587
CA_300581,75,2024-06-13,3.782,6.083,0.617
CA_300581,75,2024-06-14,4.151,6.358,0.648
CA_300581,75,2024-06-15,4.497,6.889,0.653
CA_300581,75,2024-06-16,4.556,6.999,0.651
CA_300581,75,2024-06-17,4.497,6.98,0.644
CA_300581,75,2024-06-18,4.384,6.944,0.631
CA_300581,75,2024-06-19,4.262,6.962,0.612
CA_300581,75,2024-06-20,4.204,6.852,0.613
CA_300581,75,2024-06-21,4.122,6.705,0.615
CA_300581,75,2024-06-22,3.926,6.376,0.616
CA_300581,75,2024-06-23,3.969,6.431,0.617
CA_300581,75,2024-06-24,3.97,6.412,0.619
CA_300581,75,2024-06-25,3.928,6.321,0.621
CA_300581,75,2024-06-26,4.116,6.596,0.624
CA_300581,75,2024-06-27,4.444,7.09,0.627
CA_300581,75,2024-06-28,4.631,7.347,0.63
CA_300581,75,2024-06-29,4.888,7.711,0.633
CA_300581,75,2024-06-30,5.097,8.001,0.637
CA_300581,75,2024-07-01,5.154,8.052,0.64
CA_300581,75,2024-07-02,5.235,8.14,0.643
CA_300581,75,2024-07-03,5.329,8.248,0.646
CA_300581,75,2024-07-04,5.243,8.082,0.649
CA_300581,75,2024-07-05,5.262,8.082,0.651
CA_300581,75,2024-07-06,5.314,8.137,0.653
CA_300581,75,2024-07-07,5.269,8.045,0.655
CA_300581,75,2024-07-08,5.103,7.767,0.657
CA_300581,75,2024-07-09,4.977,7.675,0.648
CA_300581,75,2024-07-10,4.882,7.601,0.642
CA_300581,75,2024-07-11,4.97,7.786,0.639
CA_300581,75,2024-07-12,5.154,8.082,0.637
CA_300581,75,2024-07-13,5.361,8.378,0.639
CA_300581,75,2024-07-14,5.547,8.489,0.653
CA_300581,75,2024-07-15,5.644,8.47,0.668
CA_300581,75,2024-07-16,5.574,8.193,0.682
CA_300581,75,2024-07-17,5.475,8.082,0.679
CA_300581,75,2024-07-18,5.408,8.082,0.671
CA_300581,75,2024-07-19,5.393,8.212,0.66
CA_300581,75,2024-07-20,5.445,8.489,0.644
CA_300581,75,2024-07-21,5.285,8.47,0.624
CA_300581,75,2024-07-22,5.274,8.544,0.617
CA_300581,75,2024-07-23,5.215,8.544,0.61
CA_300581,75,2024-07-24,5.135,8.507,0.604
CA_300581,75,2024-07-25,4.967,8.489,0.586
CA_300581,75,2024-07-26,5.06,8.822,0.574
CA_300581,75,2024-07-27,5.022,8.859,0.567
CA_300581,75,2024-07-28,5.022,8.877,0.566
CA_300581,75,2024-07-29,5.083,8.914,0.57
CA_300581,75,2024-07-30,5.079,8.613,0.591
CA_300581,75,2024-07-31,4.941,8.112,0.613
CA_300581,75,2024-08-01,4.855,7.701,0.634
CA_300581,75,2024-08-02,4.616,7.29,0.635
CA_300581,75,2024-08-03,4.568,7.153,0.639
CA_300581,75,2024-08-04,4.763,7.353,0.647
CA_300581,75,2024-08-05,5.074,7.68,0.659
CA_300581,75,2024-08-06,5.155,7.644,0.675
CA_300581,75,2024-08-07,5.32,7.498,0.715
CA_300581,75,2024-08-08,5.234,7.007,0.755
CA_300581,75,2024-08-09,5.168,6.552,0.795
CA_300581,75,2024-08-10,4.886,6.297,0.78
CA_300581,75,2024-08-11,4.724,6.279,0.758
CA_300581,75,2024-08-12,4.653,6.461,0.728
CA_300581,75,2024-08-13,4.533,6.607,0.69
CA_300581,75,2024-08-14,4.223,6.552,0.645
CA_300581,75,2024-08-15,4.208,6.516,0.646
CA_300581,75,2024-08-16,3.908,6.042,0.647
CA_300581,75,2024-08-17,3.715,5.733,0.648
CA_300581,75,2024-08-18,3.306,5.096,0.649
CA_300581,75,2024-08-19,3.109,4.787,0.65
CA_300581,75,2024-08-20,2.948,4.532,0.65
CA_300581,75,2024-08-21,3.151,4.841,0.651
CA_300581,75,2024-08-22,3.188,4.896,0.651
CA_300581,75,2024-08-23,3.627,5.569,0.651
CA_300581,75,2024-08-24,4.008,6.152,0.652
CA_300581,75,2024-08-25,4.282,6.57,0.652
CA_300581,75,2024-08-26,4.455,6.934,0.643
CA_300581,75,2024-08-27,4.795,7.517,0.639
CA_300581,75,2024-08-28,4.886,7.662,0.638
CA_300581,75,2024-08-29,4.933,7.699,0.641
CA_300581,75,2024-08-30,4.83,7.471,0.649
CA_300581,75,2024-08-31,4.526,6.828,0.668
CA_300581,75,2024-09-01,4.02,5.894,0.688
CA_300581,75,2024-09-02,3.818,5.432,0.708
CA_300581,75,2024-09-03,3.611,5.151,0.705
CA_300581,75,2024-09-04,3.401,4.898,0.697
CA_300581,75,2024-09-05,3.457,5.061,0.686
CA_300581,75,2024-09-06,3.499,5.224,0.671
CA_300581,75,2024-09-07,3.532,5.423,0.651
CA_300581,75,2024-09-08,3.459,5.314,0.651
CA_300581,75,2024-09-09,3.597,5.531,0.65
CA_300581,75,2024-09-10,3.688,5.676,0.65
CA_300581,75,2024-09-11,3.734,5.748,0.65
CA_300581,75,2024-09-12,3.624,5.567,0.651
CA_300581,75,2024-09-13,3.711,5.675,0.654
CA_300581,75,2024-09-14,3.543,5.386,0.658
CA_300581,75,2024-09-15,3.345,5.043,0.664
CA_300581,75,2024-09-16,3.22,4.808,0.671
CA_300581,75,2024-09-17,3.154,4.663,0.677
CA_300581,75,2024-09-18,2.992,4.374,0.684
CA_300581,75,2024-09-19,2.889,4.175,0.693
CA_300581,75,2024-09-20,2.928,4.211,0.696
CA_300581,75,2024-09-21,2.993,4.32,0.694
CA_300581,75,2024-09-22,2.998,4.374,0.687
CA_300581,75,2024-09-23,2.943,4.374,0.674
CA_300581,75,2024-09-24,3.006,4.591,0.655
CA_300581,75,2024-09-25,2.987,4.699,0.636
CA_300581,75,2024-09-26,2.907,4.718,0.617
CA_300581,75,2024-09-27,2.856,4.79,0.597
CA_300581,75,2024-09-28,2.577,4.41,0.582
CA_300581,75,2024-09-29,2.199,3.83,0.572
CA_300581,75,2024-09-30,1.913,3.375,0.567
CA_300581,75,2024-10-01,1.784,3.154,0.566
CA_300581,75,2024-10-02,1.66,2.897,0.572
CA_300581,75,2024-10-03,1.956,3.379,0.577
CA_300581,75,2024-10-04,2.349,4.026,0.582
CA_300581,75,2024-10-05,2.589,4.332,0.597
CA_300581,75,2024-10-06,2.65,4.368,0.608
CA_300581,75,2024-10-07,2.758,4.512,0.613
CA_300581,75,2024-10-08,2.633,4.296,0.614
CA_300581,75,2024-10-09,2.458,4.027,0.609
CA_300581,75,2024-10-10,2.247,3.793,0.59
CA_300581,75,2024-10-11,2.086,3.631,0.571
CA_300581,75,2024-10-12,1.973,3.577,0.551
CA_300581,75,2024-10-13,1.959,3.595,0.545
CA_300581,75,2024-10-14,2.067,3.775,0.546
CA_300581,75,2024-10-15,2.179,3.919,0.555
CA_300581,75,2024-10-16,2.283,4.009,0.571
CA_300581,75,2024-10-17,2.188,3.703,0.595
CA_300581,75,2024-10-18,2.166,3.559,0.613
CA_300581,75,2024-10-19,2.095,3.326,0.631
CA_300581,75,2024-10-20,2.052,3.164,0.649
CA_300581,75,2024-10-21,1.9,2.858,0.667
CA_300581,75,2024-10-22,1.921,2.822,0.685
CA_300581,75,2024-10-23,2.032,2.894,0.703
CA_300581,75,2024-10-24,1.946,2.696,0.721
CA_300581,75,2024-10-25,1.985,2.678,0.739
CA_300581,75,2024-10-26,2.235,2.948,0.757
CA_300581,75,2024-10-27,2.205,2.858,0.775
CA_300581,75,2024-10-28,1.927,2.445,0.793
CA_300581,75,2024-10-29,1.752,2.247,0.776
CA_300581,75,2024-10-30,1.528,2.021,0.748
CA_300581,75,2024-10-31,1.307,1.869,0.709
CA_300581,75,2024-11-01,1.283,2.006,0.658
CA_300581,75,2024-11-02,1.267,2.16,0.596
CA_300581,75,2024-11-03,1.344,2.442,0.557
CA_300581,75,2024-11-04,1.309,2.515,0.518
CA_300581,75,2024-11-05,1.18,2.442,0.48
CA_300581,75,2024-11-06,1.116,2.332,0.479
CA_300581,75,2024-11-07,1.088,2.258,0.484
CA_300581,75,2024-11-08,1.072,2.166,0.495
CA_300581,75,2024-11-09,1.108,2.166,0.512
CA_300581,75,2024-11-10,1.15,2.148,0.535
CA_300581,75,2024-11-11,1.057,2.001,0.527
CA_300581,75,2024-11-12,1.031,1.983,0.518
CA_300581,75,2024-11-13,0.965,1.891,0.51
CA_300581,75,2024-11-14,0.884,1.763,0.501
CA_300581,75,2024-11-15,0.777,1.579,0.491
CA_300581,75,2024-11-16,0.719,1.487,0.478
CA_300581,75,2024-11-17,0.661,1.414,0.464
CA_300581,75,2024-11-18,0.575,1.285,0.448
CA_300581,75,2024-11-19,0.527,1.23,0.43
CA_300581,75,2024-11-20,0.498,1.212,0.411
CA_300581,75,2024-11-21,0.567,1.45,0.393
CA_300581,75,2024-11-22,0.583,1.561,0.378
CA_300581,75,2024-11-23,0.611,1.689,0.366
CA_300581,75,2024-11-24,0.608,1.708,0.357
CA_300581,75,2024-11-25,0.602,1.708,0.352
CA_300581,75,2024-11-26,0.529,1.506,0.351
CA_300581,75,2024-11-27,0.482,1.377,0.35
CA_300581,75,2024-11-28,0.456,1.304,0.35
CA_300581,75,2024-11-29,0.495,1.42,0.349
CA_300581,75,2024-11-30,0.533,1.454,0.37
CA_300581,75,2024-12-01,0.553,1.43,0.398
CA_300581,75,2024-12-02,0.602,1.43,0.433
CA_300581,75,2024-12-03,0.619,1.335,0.477
CA_300581,75,2024-12-04,0.703,1.315,0.528
CA_300581,75,2024-12-05,0.851,1.472,0.565
CA_300581,75,2024-12-06,0.901,1.492,0.602
CA_300581,75,2024-12-07,0.924,1.452,0.64
CA_300581,75,2024-12-08,0.999,1.413,0.739
CA_300581,75,2024-12-09,1.109,1.374,0.824
CA_300581,75,2024-12-10,1.116,1.236,0.893
CA_300581,75,2024-12-11,1.157,1.217,0.948
CA_300581,75,2024-12-12,1.203,1.217,0.987
CA_300581,75,2024-12-13,1.2,1.256,0.95
CA_300581,75,2024-12-14,1.075,1.178,0.912
CA_300581,75,2024-12-15,1.039,1.197,0.874
CA_300581,75,2024-12-16,1.137,1.374,0.836
CA_300581,75,2024-12-17,1.135,1.433,0.799
CA_300581,75,2024-12-18,1.063,1.394,0.761
CA_300581,75,2024-12-19,0.943,1.276,0.723
CA_300581,75,2024-12-20,0.791,1.119,0.685
CA_300581,75,2024-12-21,0.62,0.942,0.648
CA_300581,75,2024-12-22,0.554,0.922,0.61
CA_300581,75,2024-12-23,0.536,0.962,0.572
CA_300581,75,2024-12-24,0.547,1.021,0.541
CA_300581,75,2024-12-25,0.616,1.197,0.517
CA_300581,75,2024-12-26,0.608,1.217,0.499
CA_300581,75,2024-12-27,0.622,1.276,0.488
CA_300581,75,2024-12-28,0.579,1.197,0.484
CA_300581,75,2024-12-29,0.566,1.177,0.479
CA_300581,75,2024-12-30,0.516,1.079,0.477
CA_300581,75,2024-12-31,0.514,1.079,0.475
CA_300893,75,2024-01-01,0.706,0.815,0.866
CA_300893,75,2024-01-02,0.55,0.634,0.867
CA_300893,75,2024-01-03,1.022,1.177,0.869
CA_300893,75,2024-01-04,1.338,1.539,0.87
CA_300893,75,2024-01-05,0.867,0.996,0.871
CA_300893,75,2024-01-06,0.79,0.905,0.872
CA_300893,75,2024-01-07,0.949,1.086,0.873
CA_300893,75,2024-01-08,0.792,0.905,0.875
CA_300893,75,2024-01-09,0.872,0.996,0.876
CA_300893,75,2024-01-10,1.111,1.267,0.877
CA_300893,75,2024-01-11,1.033,1.177,0.878
CA_300893,75,2024-01-12,0.745,0.836,0.89
CA_300893,75,2024-01-13,0.735,0.815,0.902
CA_300893,75,2024-01-14,0.993,1.086,0.914
CA_300893,75,2024-01-15,0.671,0.724,0.927
CA_300893,75,2024-01-16,0.765,0.815,0.939
CA_300893,75,2024-01-17,0.947,0.996,0.951
CA_300893,75,2024-01-18,0.959,0.996,0.963
CA_300893,75,2024-01-19,1.08,1.108,0.975
CA_300893,75,2024-01-20,1.319,1.336,0.987
CA_300893,75,2024-01-21,1.085,1.086,0.999
CA_300893,75,2024-01-22,1.007,0.996,1.011
CA_300893,75,2024-01-23,1.297,1.267,1.023
CA_300893,75,2024-01-24,0.821,0.793,1.035
CA_300893,75,2024-01-25,1.233,1.177,1.047
CA_300893,75,2024-01-26,1.247,1.177,1.06
CA_300893,75,2024-01-27,1.164,1.086,1.072
CA_300893,75,2024-01-28,1.287,1.198,1.074
CA_300893,75,2024-01-29,1.462,1.358,1.077
CA_300893,75,2024-01-30,1.856,1.72,1.079
CA_300893,75,2024-01-31,2.742,2.535,1.082
CA_300893,75,2024-02-01,1.402,1.292,1.084
CA_300893,75,2024-02-02,1.429,1.315,1.087
CA_300893,75,2024-02-03,1.408,1.292,1.09
CA_300893,75,2024-02-04,1.94,1.776,1.092
CA_300893,75,2024-02-05,1.843,1.684,1.095
CA_300893,75,2024-02-06,1.418,1.292,1.097
CA_300893,75,2024-02-07,1.397,1.27,1.1
CA_300893,75,2024-02-08,1.119,1.015,1.102
CA_300893,75,2024-02-09,1.632,1.477,1.105
CA_300893,75,2024-02-10,1.407,1.27,1.108
CA_300893,75,2024-02-11,1.64,1.477,1.11
CA_300893,75,2024-02-12,1.746,1.569,1.113
CA_300893,75,2024-02-13,1.578,1.477,1.068
CA_300893,75,2024-02-14,1.678,1.639,1.024
CA_300893,75,2024-02-15,1.446,1.477,0.979
CA_300893,75,2024-02-16,1.467,1.569,0.935
CA_300893,75,2024-02-17,1.233,1.385,0.89
CA_300893,75,2024-02-18,1.736,2.053,0.846
CA_300893,75,2024-02-19,1.831,2.286,0.801
CA_300893,75,2024-02-20,1.484,1.961,0.757
CA_300893,75,2024-02-21,1.301,1.662,0.783
CA_300893,75,2024-02-22,1.644,2.031,0.809
CA_300893,75,2024-02-23,1.543,1.846,0.836
CA_300893,75,2024-02-24,1.353,1.569,0.862
CA_300893,75,2024-02-25,1.558,1.754,0.888
CA_300893,75,2024-02-26,1.688,1.846,0.914
CA_300893,75,2024-02-27,2.084,2.215,0.941
CA_300893,75,2024-02-28,2.299,2.378,0.967
CA_300893,75,2024-02-29,2.149,2.215,0.97
CA_300893,75,2024-03-01,1.726,1.773,0.973
CA_300893,75,2024-03-02,1.367,1.4,0.976
CA_300893,75,2024-03-03,1.736,1.773,0.979
CA_300893,75,2024-03-04,1.742,1.773,0.982
CA_300893,75,2024-03-05,2.093,2.124,0.985
CA_300893,75,2024-03-06,2.03,2.053,0.988
CA_300893,75,2024-03-07,2.313,2.333,0.992
CA_300893,75,2024-03-08,2.413,2.427,0.995
CA_300893,75,2024-03-09,2.421,2.427,0.998
CA_300893,75,2024-03-10,2.686,2.684,1.001
CA_300893,75,2024-03-11,2.623,2.613,1.004
CA_300893,75,2024-03-12,2.067,2.053,1.007
CA_300893,75,2024-03-13,2.805,2.777,1.01
CA_300893,75,2024-03-14,3.476,3.431,1.013
CA_300893,75,2024-03-15,3.202,3.151,1.016
CA_300893,75,2024-03-16,3.324,3.266,1.017
CA_300893,75,2024-03-17,3.685,3.617,1.019
CA_300893,75,2024-03-18,3.404,3.337,1.02
CA_300893,75,2024-03-19,3.718,3.64,1.021
CA_300893,75,2024-03-20,4.391,4.293,1.023
CA_300893,75,2024-03-21,3.968,3.875,1.024
CA_300893,75,2024-03-22,3.709,3.617,1.025
CA_300893,75,2024-03-23,2.204,2.147,1.027
CA_300893,75,2024-03-24,2.663,2.591,1.028
CA_300893,75,2024-03-25,3.17,3.08,1.029
CA_300893,75,2024-03-26,3.535,3.431,1.031
CA_300893,75,2024-03-27,3.058,2.964,1.032
CA_300893,75,2024-03-28,2.7,2.613,1.033
CA_300893,75,2024-03-29,2.584,2.497,1.034
CA_300893,75,2024-03-30,2.61,2.52,1.036
CA_300893,75,2024-03-31,2.977,2.871,1.037
CA_300893,75,2024-04-01,3.858,3.712,1.039
CA_300893,75,2024-04-02,3.865,3.712,1.041
CA_300893,75,2024-04-03,4.383,4.202,1.043
CA_300893,75,2024-04-04,1.928,1.845,1.045
CA_300893,75,2024-04-05,2.542,2.428,1.047
CA_300893,75,2024-04-06,3.405,3.245,1.049
CA_300893,75,2024-04-07,4.098,3.899,1.051
CA_300893,75,2024-04-08,4.008,3.806,1.053
CA_300893,75,2024-04-09,4.03,3.806,1.059
CA_300893,75,2024-04-10,4.65,4.366,1.065
CA_300893,75,2024-04-11,4.476,4.179,1.071
CA_300893,75,2024-04-12,6.235,5.789,1.077
CA_300893,75,2024-04-13,2.326,2.148,1.083
CA_300893,75,2024-04-14,2.542,2.334,1.089
CA_300893,75,2024-04-15,2.965,2.708,1.095
CA_300893,75,2024-04-16,4.42,4.015,1.101
CA_300893,75,2024-04-17,4.704,4.295,1.095
CA_300893,75,2024-04-18,4.476,4.108,1.09
CA_300893,75,2024-04-19,5.72,5.277,1.084
CA_300893,75,2024-04-20,5.992,5.557,1.078
CA_300893,75,2024-04-21,5.684,5.3,1.073
CA_300893,75,2024-04-22,5.555,5.206,1.067
CA_300893,75,2024-04-23,4.855,4.575,1.061
CA_300893,75,2024-04-24,4.313,4.086,1.056
CA_300893,75,2024-04-25,4.976,4.739,1.05
CA_300893,75,2024-04-26,3.974,3.806,1.044
CA_300893,75,2024-04-27,4.243,4.086,1.039
CA_300893,75,2024-04-28,5.837,5.651,1.033
CA_300893,75,2024-04-29,6.02,5.86,1.027
CA_300893,75,2024-04-30,5.533,5.416,1.022
CA_300893,75,2024-05-01,5.796,5.705,1.016
CA_300893,75,2024-05-02,5.786,5.727,1.01
CA_300893,75,2024-05-03,5.69,5.636,1.01
CA_300893,75,2024-05-04,2.315,2.295,1.009
CA_300893,75,2024-05-05,4.102,4.069,1.008
CA_300893,75,2024-05-06,4.579,4.545,1.007
CA_300893,75,2024-05-07,5.285,5.251,1.007
CA_300893,75,2024-05-08,5.464,5.432,1.006
CA_300893,75,2024-05-09,5.665,5.636,1.005
CA_300893,75,2024-05-10,6.3,6.273,1.004
CA_300893,75,2024-05-11,6.23,6.16,1.011
CA_300893,75,2024-05-12,7.106,6.978,1.018
CA_300893,75,2024-05-13,7.061,6.887,1.025
CA_300893,75,2024-05-14,6.899,6.683,1.032
CA_300893,75,2024-05-15,7.323,7.047,1.039
CA_300893,75,2024-05-16,7.015,6.705,1.046
CA_300893,75,2024-05-17,6.679,6.341,1.053
CA_300893,75,2024-05-18,6.361,6.0,1.06
CA_300893,75,2024-05-19,5.99,5.636,1.063
CA_300893,75,2024-05-20,6.755,6.341,1.065
CA_300893,75,2024-05-21,6.942,6.501,1.068
CA_300893,75,2024-05-22,7.153,6.683,1.07
CA_300893,75,2024-05-23,6.706,6.251,1.073
CA_300893,75,2024-05-24,6.526,6.069,1.075
CA_300893,75,2024-05-25,5.953,5.523,1.078
CA_300893,75,2024-05-26,6.36,5.887,1.08
CA_300893,75,2024-05-27,6.72,6.229,1.079
CA_300893,75,2024-05-28,7.299,6.774,1.077
CA_300893,75,2024-05-29,7.95,7.388,1.076
CA_300893,75,2024-05-30,7.939,7.388,1.075
CA_300893,75,2024-05-31,7.756,7.229,1.073
CA_300893,75,2024-06-01,7.662,7.15,1.072
CA_300893,75,2024-06-02,7.061,6.598,1.07
CA_300893,75,2024-06-03,6.78,6.345,1.069
CA_300893,75,2024-06-04,7.14,6.69,1.067
CA_300893,75,2024-06-05,8.062,7.565,1.066
CA_300893,75,2024-06-06,8.247,7.749,1.064
CA_300893,75,2024-06-07,7.599,7.15,1.063
CA_300893,75,2024-06-08,6.808,6.415,1.061
CA_300893,75,2024-06-09,7.09,6.69,1.06
CA_300893,75,2024-06-10,7.252,6.852,1.058
CA_300893,75,2024-06-11,5.506,5.582,0.986
CA_300893,75,2024-06-12,5.714,5.789,0.987
CA_300893,75,2024-06-13,5.952,6.024,0.988
CA_300893,75,2024-06-14,6.217,6.286,0.989
CA_300893,75,2024-06-15,6.705,6.774,0.99
CA_300893,75,2024-06-16,6.864,6.921,0.992
CA_300893,75,2024-06-17,6.844,6.879,0.995
CA_300893,75,2024-06-18,6.819,6.824,1.0
CA_300893,75,2024-06-19,6.853,6.82,1.005
CA_300893,75,2024-06-20,6.789,6.709,1.012
CA_300893,75,2024-06-21,6.659,6.539,1.018
CA_300893,75,2024-06-22,6.387,6.236,1.025
CA_300893,75,2024-06-23,6.474,6.277,1.032
CA_300893,75,2024-06-24,6.496,6.277,1.035
CA_300893,75,2024-06-25,6.422,6.208,1.034
CA_300893,75,2024-06-26,6.644,6.452,1.03
CA_300893,75,2024-06-27,7.126,6.971,1.023
CA_300893,75,2024-06-28,7.313,7.238,1.011
CA_300893,75,2024-06-29,7.588,7.599,1.0
CA_300893,75,2024-06-30,7.8,7.893,0.989
CA_300893,75,2024-07-01,7.838,8.016,0.978
CA_300893,75,2024-07-02,7.847,8.084,0.97
CA_300893,75,2024-07-03,7.97,8.243,0.967
CA_300893,75,2024-07-04,7.833,8.103,0.967
CA_300893,75,2024-07-05,7.88,8.122,0.97
CA_300893,75,2024-07-06,7.943,8.126,0.978
CA_300893,75,2024-07-07,7.912,8.037,0.985
CA_300893,75,2024-07-08,7.637,7.697,0.993
CA_300893,75,2024-07-09,7.54,7.543,1.0
CA_300893,75,2024-07-10,7.493,7.469,1.003
CA_300893,75,2024-07-11,7.67,7.651,1.003
CA_300893,75,2024-07-12,7.892,7.912,0.998
CA_300893,75,2024-07-13,8.106,8.197,0.99
CA_300893,75,2024-07-14,8.158,8.346,0.978
CA_300893,75,2024-07-15,8.073,8.355,0.965
CA_300893,75,2024-07-16,7.774,8.15,0.953
CA_300893,75,2024-07-17,7.577,8.052,0.941
CA_300893,75,2024-07-18,7.501,8.057,0.931
CA_300893,75,2024-07-19,7.55,8.164,0.925
CA_300893,75,2024-07-20,7.683,8.332,0.922
CA_300893,75,2024-07-21,7.592,8.235,0.922
CA_300893,75,2024-07-22,7.666,8.286,0.925
CA_300893,75,2024-07-23,7.677,8.267,0.929
CA_300893,75,2024-07-24,7.66,8.221,0.932
CA_300893,75,2024-07-25,7.687,8.221,0.935
CA_300893,75,2024-07-26,7.979,8.5,0.939
CA_300893,75,2024-07-27,8.058,8.542,0.943
CA_300893,75,2024-07-28,8.089,8.528,0.948
CA_300893,75,2024-07-29,8.147,8.538,0.954
CA_300893,75,2024-07-30,7.918,8.245,0.961
CA_300893,75,2024-07-31,7.509,7.771,0.967
CA_300893,75,2024-08-01,7.186,7.386,0.974
CA_300893,75,2024-08-02,6.902,7.043,0.981
CA_300893,75,2024-08-03,6.833,6.938,0.985
CA_300893,75,2024-08-04,7.084,7.179,0.987
CA_300893,75,2024-08-05,7.421,7.525,0.987
CA_300893,75,2024-08-06,7.416,7.538,0.984
CA_300893,75,2024-08-07,7.276,7.429,0.979
CA_300893,75,2024-08-08,6.703,6.873,0.974
CA_300893,75,2024-08-09,6.221,6.414,0.969
CA_300893,75,2024-08-10,5.943,6.163,0.964
CA_300893,75,2024-08-11,5.855,6.104,0.959
CA_300893,75,2024-08-12,5.922,6.205,0.955
CA_300893,75,2024-08-13,6.112,6.428,0.951
CA_300893,75,2024-08-14,6.029,6.365,0.947
CA_300893,75,2024-08-15,5.983,6.342,0.943
CA_300893,75,2024-08-16,5.602,5.96,0.94
CA_300893,75,2024-08-17,5.357,5.723,0.936
CA_300893,75,2024-08-18,4.715,5.054,0.932
CA_300893,75,2024-08-19,4.384,4.717,0.928
CA_300893,75,2024-08-20,4.101,4.435,0.925
CA_300893,75,2024-08-21,4.262,4.63,0.921
CA_300893,75,2024-08-22,4.254,4.644,0.917
CA_300893,75,2024-08-23,4.854,5.318,0.913
CA_300893,75,2024-08-24,5.332,5.864,0.91
CA_300893,75,2024-08-25,5.628,6.215,0.906
CA_300893,75,2024-08-26,5.876,6.515,0.902
CA_300893,75,2024-08-27,6.329,7.025,0.901
CA_300893,75,2024-08-28,6.41,7.107,0.902
CA_300893,75,2024-08-29,6.596,7.284,0.905
CA_300893,75,2024-08-30,6.585,7.23,0.911
CA_300893,75,2024-08-31,6.155,6.708,0.919
CA_300893,75,2024-09-01,5.439,5.878,0.927
CA_300893,75,2024-09-02,5.147,5.515,0.936
CA_300893,75,2024-09-03,4.832,5.123,0.944
CA_300893,75,2024-09-04,4.57,4.809,0.95
CA_300893,75,2024-09-05,4.712,4.944,0.953
CA_300893,75,2024-09-06,4.915,5.155,0.953
CA_300893,75,2024-09-07,5.084,5.344,0.951
CA_300893,75,2024-09-08,4.892,5.165,0.947
CA_300893,75,2024-09-09,5.013,5.318,0.943
CA_300893,75,2024-09-10,5.087,5.421,0.938
CA_300893,75,2024-09-11,5.098,5.457,0.934
CA_300893,75,2024-09-12,4.931,5.282,0.934
CA_300893,75,2024-09-13,5.124,5.466,0.938
CA_300893,75,2024-09-14,4.932,5.223,0.945
CA_300893,75,2024-09-15,4.687,4.908,0.957
CA_300893,75,2024-09-16,4.518,4.657,0.972
CA_300893,75,2024-09-17,4.456,4.522,0.988
CA_300893,75,2024-09-18,4.287,4.275,1.003
CA_300893,75,2024-09-19,4.18,4.104,1.019
CA_300893,75,2024-09-20,4.241,4.136,1.026
CA_300893,75,2024-09-21,4.342,4.243,1.024
CA_300893,75,2024-09-22,4.326,4.27,1.014
CA_300893,75,2024-09-23,4.232,4.257,0.995
CA_300893,75,2024-09-24,4.318,4.464,0.968
CA_300893,75,2024-09-25,4.298,4.571,0.941
CA_300893,75,2024-09-26,4.157,4.554,0.914
CA_300893,75,2024-09-27,4.117,4.648,0.887
CA_300893,75,2024-09-28,3.748,4.307,0.868
CA_300893,75,2024-09-29,3.217,3.746,0.859
CA_300893,75,2024-09-30,2.809,3.29,0.857
CA_300893,75,2024-10-01,2.639,3.063,0.865
CA_300893,75,2024-10-02,2.452,2.773,0.881
CA_300893,75,2024-10-03,2.848,3.154,0.897
CA_300893,75,2024-10-04,3.408,3.712,0.913
CA_300893,75,2024-10-05,3.688,3.96,0.929
CA_300893,75,2024-10-06,3.758,4.0,0.939
CA_300893,75,2024-10-07,3.942,4.187,0.942
CA_300893,75,2024-10-08,3.799,4.048,0.938
CA_300893,75,2024-10-09,3.513,3.782,0.928
CA_300893,75,2024-10-10,3.289,3.599,0.912
CA_300893,75,2024-10-11,3.135,3.489,0.895
CA_300893,75,2024-10-12,2.976,3.385,0.879
CA_300893,75,2024-10-13,2.877,3.342,0.862
CA_300893,75,2024-10-14,2.977,3.507,0.851
CA_300893,75,2024-10-15,3.075,3.643,0.845
CA_300893,75,2024-10-16,3.081,3.652,0.844
CA_300893,75,2024-10-17,2.863,3.381,0.849
CA_300893,75,2024-10-18,2.795,3.264,0.859
CA_300893,75,2024-10-19,2.652,3.055,0.869
CA_300893,75,2024-10-20,2.581,2.937,0.879
CA_300893,75,2024-10-21,2.366,2.667,0.889
CA_300893,75,2024-10-22,2.374,2.649,0.898
CA_300893,75,2024-10-23,2.477,2.727,0.908
CA_300893,75,2024-10-24,2.353,2.561,0.918
CA_300893,75,2024-10-25,2.333,2.509,0.928
CA_300893,75,2024-10-26,2.617,2.788,0.938
CA_300893,75,2024-10-27,2.56,2.705,0.948
CA_300893,75,2024-10-28,2.27,2.374,0.958
CA_300893,75,2024-10-29,2.113,2.191,0.968
CA_300893,75,2024-10-30,1.909,1.968,0.972
CA_300893,75,2024-10-31,1.756,1.811,0.971
CA_300893,75,2024-11-01,1.858,1.933,0.965
CA_300893,75,2024-11-02,1.885,1.985,0.953
CA_300893,75,2024-11-03,2.099,2.25,0.936
CA_300893,75,2024-11-04,2.129,2.316,0.919
CA_300893,75,2024-11-05,2.021,2.238,0.901
CA_300893,75,2024-11-06,1.885,2.129,0.884
CA_300893,75,2024-11-07,1.81,2.077,0.868
CA_300893,75,2024-11-08,1.658,1.942,0.854
CA_300893,75,2024-11-09,1.616,1.92,0.841
CA_300893,75,2024-11-10,1.621,1.954,0.83
CA_300893,75,2024-11-11,1.514,1.845,0.82
CA_300893,75,2024-11-12,1.513,1.866,0.81
CA_300893,75,2024-11-13,1.468,1.836,0.8
CA_300893,75,2024-11-14,1.386,1.753,0.79
CA_300893,75,2024-11-15,1.217,1.553,0.783
CA_300893,75,2024-11-16,1.124,1.44,0.78
CA_300893,75,2024-11-17,1.038,1.331,0.78
CA_300893,75,2024-11-18,0.93,1.188,0.783
CA_300893,75,2024-11-19,0.914,1.157,0.789
CA_300893,75,2024-11-20,0.918,1.153,0.795
CA_300893,75,2024-11-21,1.104,1.375,0.802
CA_300893,75,2024-11-22,1.198,1.48,0.808
CA_300893,75,2024-11-23,1.277,1.567,0.813
CA_300893,75,2024-11-24,1.278,1.563,0.818
CA_300893,75,2024-11-25,1.271,1.55,0.821
CA_300893,75,2024-11-26,1.153,1.401,0.823
CA_300893,75,2024-11-27,1.072,1.301,0.824
CA_300893,75,2024-11-28,1.031,1.249,0.825
CA_300893,75,2024-11-29,1.106,1.338,0.827
CA_300893,75,2024-11-30,1.146,1.384,0.828
CA_300893,75,2024-12-01,1.093,1.319,0.829
CA_300893,75,2024-12-02,1.075,1.295,0.83
CA_300893,75,2024-12-03,1.016,1.222,0.831
CA_300893,75,2024-12-04,1.018,1.222,0.832
CA_300893,75,2024-12-05,1.111,1.332,0.834
CA_300893,75,2024-12-06,1.124,1.346,0.835
CA_300893,75,2024-12-07,1.095,1.31,0.836
CA_300893,75,2024-12-08,1.065,1.273,0.837
CA_300893,75,2024-12-09,1.036,1.237,0.838
CA_300893,75,2024-12-10,0.946,1.127,0.84
CA_300893,75,2024-12-11,0.932,1.109,0.841
CA_300893,75,2024-12-12,0.949,1.127,0.842
CA_300893,75,2024-12-13,1.011,1.2,0.843
CA_300893,75,2024-12-14,0.967,1.145,0.844
CA_300893,75,2024-12-15,0.999,1.182,0.846
CA_300893,75,2024-12-16,1.159,1.369,0.847
CA_300893,75,2024-12-17,1.176,1.387,0.848
CA_300893,75,2024-12-18,1.135,1.336,0.849
CA_300893,75,2024-12-19,1.039,1.223,0.85
CA_300893,75,2024-12-20,0.881,1.036,0.852
CA_300893,75,2024-12-21,0.727,0.853,0.853
CA_300893,75,2024-12-22,0.744,0.871,0.854
CA_300893,75,2024-12-23,0.761,0.89,0.855
CA_300893,75,2024-12-24,0.813,0.949,0.856
CA_300893,75,2024-12-25,0.99,1.154,0.858
CA_300893,75,2024-12-26,1.007,1.172,0.859
CA_300893,75,2024-12-27,1.068,1.241,0.86
CA_300893,75,2024-12-28,0.986,1.145,0.861
CA_300893,75,2024-12-29,0.956,1.109,0.862
CA_300893,75,2024-12-30,0.861,0.998,0.863
CA_300893,75,2024-12-31,0.86,0.997,0.864
CA_301734,75,2024-01-01,0.476,0.872,0.546
CA_301734,75,2024-01-02,0.317,0.581,0.545
CA_301734,75,2024-01-03,0.631,1.162,0.543
CA_301734,75,2024-01-04,0.892,1.647,0.542
CA_301734,75,2024-01-05,0.575,1.066,0.54
CA_301734,75,2024-01-06,0.522,0.969,0.539
CA_301734,75,2024-01-07,0.624,1.162,0.537
CA_301734,75,2024-01-08,0.519,0.969,0.535
CA_301734,75,2024-01-09,0.569,1.066,0.534
CA_301734,75,2024-01-10,0.722,1.356,0.532
CA_301734,75,2024-01-11,0.834,1.259,0.663
CA_301734,75,2024-01-12,0.591,0.872,0.678
CA_301734,75,2024-01-13,0.673,0.969,0.694
CA_301734,75,2024-01-14,0.894,1.259,0.71
CA_301734,75,2024-01-15,0.563,0.775,0.726
CA_301734,75,2024-01-16,0.647,0.872,0.742
CA_301734,75,2024-01-17,0.807,1.066,0.758
CA_301734,75,2024-01-18,0.824,1.066,0.774
CA_301734,75,2024-01-19,0.994,1.259,0.789
CA_301734,75,2024-01-20,1.17,1.453,0.805
CA_301734,75,2024-01-21,1.034,1.259,0.821
CA_301734,75,2024-01-22,0.811,0.969,0.837
CA_301734,75,2024-01-23,1.074,1.259,0.853
CA_301734,75,2024-01-24,0.757,0.872,0.869
CA_301734,75,2024-01-25,1.114,1.259,0.885
CA_301734,75,2024-01-26,1.134,1.259,0.9
CA_301734,75,2024-01-27,0.958,1.066,0.899
CA_301734,75,2024-01-28,1.043,1.162,0.897
CA_301734,75,2024-01-29,1.301,1.453,0.896
CA_301734,75,2024-01-30,1.732,1.937,0.894
CA_301734,75,2024-01-31,2.334,2.615,0.893
CA_301734,75,2024-02-01,1.186,1.331,0.891
CA_301734,75,2024-02-02,1.183,1.331,0.889
CA_301734,75,2024-02-03,1.181,1.331,0.888
CA_301734,75,2024-02-04,1.6,1.806,0.886
CA_301734,75,2024-02-05,1.513,1.711,0.885
CA_301734,75,2024-02-06,1.091,1.236,0.883
CA_301734,75,2024-02-07,1.089,1.236,0.881
CA_301734,75,2024-02-08,0.836,0.95,0.88
CA_301734,75,2024-02-09,1.335,1.521,0.878
CA_301734,75,2024-02-10,1.083,1.236,0.877
CA_301734,75,2024-02-11,1.247,1.426,0.875
CA_301734,75,2024-02-12,1.424,1.616,0.881
CA_301734,75,2024-02-13,1.373,1.616,0.85
CA_301734,75,2024-02-14,1.4,1.711,0.818
CA_301734,75,2024-02-15,1.196,1.521,0.787
CA_301734,75,2024-02-16,1.22,1.616,0.755
CA_301734,75,2024-02-17,0.963,1.331,0.723
CA_301734,75,2024-02-18,1.513,2.186,0.692
CA_301734,75,2024-02-19,1.569,2.376,0.66
CA_301734,75,2024-02-20,1.195,1.901,0.629
CA_301734,75,2024-02-21,1.049,1.711,0.613
CA_301734,75,2024-02-22,1.306,2.186,0.597
CA_301734,75,2024-02-23,1.161,1.996,0.582
CA_301734,75,2024-02-24,0.968,1.711,0.566
CA_301734,75,2024-02-25,0.941,1.711,0.55
CA_301734,75,2024-02-26,0.965,1.806,0.534
CA_301734,75,2024-02-27,1.183,2.281,0.518
CA_301734,75,2024-02-28,1.775,2.471,0.718
CA_301734,75,2024-02-29,1.619,2.281,0.71
CA_301734,75,2024-03-01,1.265,1.804,0.701
CA_301734,75,2024-03-02,1.118,1.614,0.692
CA_301734,75,2024-03-03,1.169,1.709,0.684
CA_301734,75,2024-03-04,1.219,1.804,0.675
CA_301734,75,2024-03-05,1.393,2.089,0.667
CA_301734,75,2024-03-06,1.438,2.184,0.658
CA_301734,75,2024-03-07,1.542,2.374,0.65
CA_301734,75,2024-03-08,1.522,2.374,0.641
CA_301734,75,2024-03-09,1.562,2.469,0.632
CA_301734,75,2024-03-10,1.837,2.944,0.624
CA_301734,75,2024-03-11,1.636,2.659,0.615
CA_301734,75,2024-03-12,1.268,2.089,0.607
CA_301734,75,2024-03-13,1.704,2.849,0.598
CA_301734,75,2024-03-14,2.072,3.514,0.59
CA_301734,75,2024-03-15,2.153,3.229,0.667
CA_301734,75,2024-03-16,2.159,3.324,0.65
CA_301734,75,2024-03-17,2.283,3.609,0.633
CA_301734,75,2024-03-18,2.105,3.419,0.616
CA_301734,75,2024-03-19,2.274,3.799,0.599
CA_301734,75,2024-03-20,2.596,4.464,0.582
CA_301734,75,2024-03-21,2.306,4.084,0.565
CA_301734,75,2024-03-22,2.08,3.799,0.548
CA_301734,75,2024-03-23,1.268,2.184,0.581
CA_301734,75,2024-03-24,1.58,2.564,0.616
CA_301734,75,2024-03-25,2.044,3.134,0.652
CA_301734,75,2024-03-26,2.417,3.514,0.688
CA_301734,75,2024-03-27,2.131,2.944,0.724
CA_301734,75,2024-03-28,2.164,2.849,0.76
CA_301734,75,2024-03-29,2.039,2.564,0.795
CA_301734,75,2024-03-30,2.21,2.659,0.831
CA_301734,75,2024-03-31,2.552,2.944,0.867
CA_301734,75,2024-04-01,3.179,3.762,0.845
CA_301734,75,2024-04-02,3.098,3.762,0.823
CA_301734,75,2024-04-03,3.544,4.42,0.802
CA_301734,75,2024-04-04,1.467,1.881,0.78
CA_301734,75,2024-04-05,1.64,2.163,0.758
CA_301734,75,2024-04-06,2.424,3.292,0.736
CA_301734,75,2024-04-07,2.823,3.95,0.715
CA_301734,75,2024-04-08,3.221,3.95,0.815
CA_301734,75,2024-04-09,3.278,3.762,0.871
CA_301734,75,2024-04-10,4.273,4.608,0.927
CA_301734,75,2024-04-11,4.161,4.232,0.983
CA_301734,75,2024-04-12,6.157,5.925,1.039
CA_301734,75,2024-04-13,2.266,2.069,1.095
CA_301734,75,2024-04-14,2.706,2.351,1.151
CA_301734,75,2024-04-15,3.292,2.727,1.207
CA_301734,75,2024-04-16,4.515,4.044,1.116
CA_301734,75,2024-04-17,4.774,4.326,1.103
CA_301734,75,2024-04-18,4.718,4.326,1.09
CA_301734,75,2024-04-19,5.776,5.361,1.077
CA_301734,75,2024-04-20,6.006,5.643,1.064
CA_301734,75,2024-04-21,5.834,5.549,1.051
CA_301734,75,2024-04-22,5.567,5.361,1.038
CA_301734,75,2024-04-23,4.725,4.608,1.025
CA_301734,75,2024-04-24,4.123,4.044,1.02
CA_301734,75,2024-04-25,4.958,4.891,1.014
CA_301734,75,2024-04-26,3.887,3.856,1.008
CA_301734,75,2024-04-27,4.336,4.326,1.002
CA_301734,75,2024-04-28,5.718,5.737,0.997
CA_301734,75,2024-04-29,5.964,6.019,0.991
CA_301734,75,2024-04-30,5.652,5.737,0.985
CA_301734,75,2024-05-01,5.919,6.044,0.979
CA_301734,75,2024-05-02,5.737,6.044,0.949
CA_301734,75,2024-05-03,5.648,5.952,0.949
CA_301734,75,2024-05-04,2.259,2.381,0.949
CA_301734,75,2024-05-05,4.082,4.304,0.948
CA_301734,75,2024-05-06,4.428,4.67,0.948
CA_301734,75,2024-05-07,5.121,5.403,0.948
CA_301734,75,2024-05-08,5.379,5.677,0.948
CA_301734,75,2024-05-09,5.638,5.952,0.947
CA_301734,75,2024-05-10,6.173,6.685,0.924
CA_301734,75,2024-05-11,6.056,6.502,0.932
CA_301734,75,2024-05-12,6.883,7.326,0.94
CA_301734,75,2024-05-13,6.855,7.234,0.948
CA_301734,75,2024-05-14,6.737,7.051,0.956
CA_301734,75,2024-05-15,7.235,7.509,0.964
CA_301734,75,2024-05-16,6.761,6.959,0.972
CA_301734,75,2024-05-17,6.458,6.593,0.98
CA_301734,75,2024-05-18,6.254,6.227,1.004
CA_301734,75,2024-05-19,5.976,5.952,1.004
CA_301734,75,2024-05-20,6.709,6.685,1.004
CA_301734,75,2024-05-21,6.89,6.868,1.003
CA_301734,75,2024-05-22,7.163,7.142,1.003
CA_301734,75,2024-05-23,6.518,6.502,1.002
CA_301734,75,2024-05-24,6.332,6.318,1.002
CA_301734,75,2024-05-25,5.779,5.769,1.002
CA_301734,75,2024-05-26,6.226,6.227,1.0
CA_301734,75,2024-05-27,6.612,6.593,1.003
CA_301734,75,2024-05-28,7.001,6.959,1.006
CA_301734,75,2024-05-29,7.853,7.783,1.009
CA_301734,75,2024-05-30,7.877,7.783,1.012
CA_301734,75,2024-05-31,7.715,7.6,1.015
CA_301734,75,2024-06-01,7.554,7.42,1.018
CA_301734,75,2024-06-02,7.109,6.962,1.021
CA_301734,75,2024-06-03,6.588,6.504,1.013
CA_301734,75,2024-06-04,6.994,6.962,1.005
CA_301734,75,2024-06-05,7.941,7.97,0.996
CA_301734,75,2024-06-06,7.966,8.061,0.988
CA_301734,75,2024-06-07,7.271,7.42,0.98
CA_301734,75,2024-06-08,6.32,6.504,0.972
CA_301734,75,2024-06-09,6.796,7.054,0.963
CA_301734,75,2024-06-10,7.0,7.328,0.955
CA_301734,75,2024-06-11,7.104,7.58,0.937
CA_301734,75,2024-06-12,7.153,7.512,0.953
CA_301734,75,2024-06-13,7.208,7.42,0.972
CA_301734,75,2024-06-14,7.229,7.328,0.987
CA_301734,75,2024-06-15,7.237,7.255,0.998
CA_301734,75,2024-06-16,7.31,7.273,1.005
CA_301734,75,2024-06-17,7.454,7.457,1.0
CA_301734,75,2024-06-18,7.255,7.292,0.995
CA_301734,75,2024-06-19,7.219,7.292,0.99
CA_301734,75,2024-06-20,7.16,7.365,0.972
CA_301734,75,2024-06-21,7.079,7.42,0.955
CA_301734,75,2024-06-22,6.901,7.365,0.939
CA_301734,75,2024-06-23,7.057,7.64,0.925
CA_301734,75,2024-06-24,7.029,7.713,0.911
CA_301734,75,2024-06-25,7.0,7.676,0.912
CA_301734,75,2024-06-26,6.803,7.457,0.912
CA_301734,75,2024-06-27,6.858,7.512,0.913
CA_301734,75,2024-06-28,6.641,7.512,0.885
CA_301734,75,2024-06-29,6.536,7.711,0.851
CA_301734,75,2024-06-30,6.296,7.78,0.811
CA_301734,75,2024-07-01,6.042,7.885,0.764
CA_301734,75,2024-07-02,5.545,7.79,0.711
CA_301734,75,2024-07-03,5.306,7.804,0.679
CA_301734,75,2024-07-04,4.943,7.638,0.648
CA_301734,75,2024-07-05,4.717,7.657,0.616
CA_301734,75,2024-07-06,5.034,7.731,0.65
CA_301734,75,2024-07-07,5.222,7.583,0.691
CA_301734,75,2024-07-08,5.493,7.453,0.739
CA_301734,75,2024-07-09,6.103,7.675,0.794
CA_301734,75,2024-07-10,6.655,7.767,0.856
CA_301734,75,2024-07-11,6.846,7.952,0.86
CA_301734,75,2024-07-12,7.261,8.396,0.864
CA_301734,75,2024-07-13,7.646,8.803,0.868
CA_301734,75,2024-07-14,7.791,8.785,0.887
CA_301734,75,2024-07-15,7.721,8.582,0.902
CA_301734,75,2024-07-16,7.444,8.175,0.913
CA_301734,75,2024-07-17,7.009,7.62,0.921
CA_301734,75,2024-07-18,6.483,6.991,0.925
CA_301734,75,2024-07-19,5.984,6.565,0.911
CA_301734,75,2024-07-20,5.852,6.528,0.897
CA_301734,75,2024-07-21,5.897,6.695,0.882
CA_301734,75,2024-07-22,6.065,7.046,0.864
CA_301734,75,2024-07-23,6.051,7.12,0.851
CA_301734,75,2024-07-24,6.269,7.416,0.846
CA_301734,75,2024-07-25,6.503,7.675,0.847
CA_301734,75,2024-07-26,6.595,7.712,0.855
CA_301734,75,2024-07-27,6.715,7.675,0.874
CA_301734,75,2024-07-28,7.182,8.045,0.892
CA_301734,75,2024-07-29,7.139,7.841,0.911
CA_301734,75,2024-07-30,6.947,7.524,0.924
CA_301734,75,2024-07-31,7.092,7.627,0.93
CA_301734,75,2024-08-01,7.001,7.529,0.93
CA_301734,75,2024-08-02,6.855,7.429,0.923
CA_301734,75,2024-08-03,6.775,7.444,0.91
CA_301734,75,2024-08-04,6.777,7.553,0.896
CA_301734,75,2024-08-05,6.412,7.262,0.882
CA_301734,75,2024-08-06,6.277,7.225,0.868
CA_301734,75,2024-08-07,6.007,7.062,0.851
CA_301734,75,2024-08-08,5.852,6.971,0.839
CA_301734,75,2024-08-09,5.736,6.88,0.834
CA_301734,75,2024-08-10,5.769,6.916,0.834
CA_301734,75,2024-08-11,5.798,6.898,0.84
CA_301734,75,2024-08-12,6.052,7.062,0.856
CA_301734,75,2024-08-13,6.398,7.335,0.871
CA_301734,75,2024-08-14,6.534,7.371,0.886
CA_301734,75,2024-08-15,6.421,7.225,0.888
CA_301734,75,2024-08-16,6.145,6.898,0.89
CA_301734,75,2024-08-17,5.814,6.516,0.891
CA_301734,75,2024-08-18,5.557,6.224,0.892
CA_301734,75,2024-08-19,5.679,6.352,0.893
CA_301734,75,2024-08-20,5.918,6.516,0.906
CA_301734,75,2024-08-21,6.098,6.625,0.92
CA_301734,75,2024-08-22,6.128,6.57,0.934
CA_301734,75,2024-08-23,6.008,6.679,0.903
CA_301734,75,2024-08-24,5.767,6.679,0.87
CA_301734,75,2024-08-25,5.545,6.698,0.837
CA_301734,75,2024-08-26,5.422,6.807,0.803
CA_301734,75,2024-08-27,5.406,7.043,0.768
CA_301734,75,2024-08-28,5.426,6.989,0.777
CA_301734,75,2024-08-29,5.361,6.825,0.786
CA_301734,75,2024-08-30,5.462,6.869,0.795
CA_301734,75,2024-08-31,5.114,6.788,0.749
CA_301734,75,2024-09-01,4.904,6.887,0.71
CA_301734,75,2024-09-02,4.74,6.968,0.678
CA_301734,75,2024-09-03,4.469,6.814,0.653
CA_301734,75,2024-09-04,4.295,6.76,0.635
CA_301734,75,2024-09-05,4.606,6.814,0.678
CA_301734,75,2024-09-06,4.577,6.38,0.722
CA_301734,75,2024-09-07,4.656,6.109,0.765
CA_301734,75,2024-09-08,4.784,6.001,0.803
CA_301734,75,2024-09-09,4.716,5.676,0.833
CA_301734,75,2024-09-10,4.783,5.585,0.856
CA_301734,75,2024-09-11,5.163,5.929,0.87
CA_301734,75,2024-09-12,5.427,6.182,0.877
CA_301734,75,2024-09-13,5.645,6.398,0.882
CA_301734,75,2024-09-14,5.573,6.29,0.886
CA_301734,75,2024-09-15,5.356,6.019,0.891
CA_301734,75,2024-09-16,4.958,5.639,0.878
CA_301734,75,2024-09-17,4.456,5.151,0.863
CA_301734,75,2024-09-18,4.083,4.826,0.846
CA_301734,75,2024-09-19,4.041,4.898,0.826
CA_301734,75,2024-09-20,4.035,5.025,0.803
CA_301734,75,2024-09-21,4.108,5.169,0.795
CA_301734,75,2024-09-22,4.127,5.242,0.788
CA_301734,75,2024-09-23,4.034,5.169,0.78
CA_301734,75,2024-09-24,4.006,5.187,0.772
CA_301734,75,2024-09-25,3.746,4.898,0.764
CA_301734,75,2024-09-26,3.417,4.519,0.755
CA_301734,75,2024-09-27,3.161,4.229,0.746
CA_301734,75,2024-09-28,3.029,4.103,0.736
CA_301734,75,2024-09-29,2.742,3.774,0.726
CA_301734,75,2024-09-30,2.7,3.769,0.716
CA_301734,75,2024-10-01,2.794,3.963,0.707
CA_301734,75,2024-10-02,2.972,4.211,0.706
CA_301734,75,2024-10-03,3.091,4.332,0.714
CA_301734,75,2024-10-04,3.106,4.278,0.729
CA_301734,75,2024-10-05,3.194,4.278,0.751
CA_301734,75,2024-10-06,3.313,4.242,0.782
CA_301734,75,2024-10-07,3.483,4.278,0.811
CA_301734,75,2024-10-08,3.433,4.081,0.84
CA_301734,75,2024-10-09,3.302,3.829,0.869
CA_301734,75,2024-10-10,3.11,3.487,0.908
CA_301734,75,2024-10-11,3.063,3.308,0.936
CA_301734,75,2024-10-12,2.969,3.128,0.952
CA_301734,75,2024-10-13,3.048,3.2,0.955
CA_301734,75,2024-10-14,3.348,3.559,0.947
CA_301734,75,2024-10-15,3.683,4.027,0.917
CA_301734,75,2024-10-16,3.48,3.919,0.887
CA_301734,75,2024-10-17,3.271,3.811,0.856
CA_301734,75,2024-10-18,3.102,3.739,0.826
CA_301734,75,2024-10-19,2.8,3.505,0.793
CA_301734,75,2024-10-20,2.468,3.254,0.757
CA_301734,75,2024-10-21,2.366,3.29,0.718
CA_301734,75,2024-10-22,2.115,3.11,0.677
CA_301734,75,2024-10-23,1.925,3.038,0.633
CA_301734,75,2024-10-24,1.843,3.128,0.589
CA_301734,75,2024-10-25,1.79,3.326,0.544
CA_301734,75,2024-10-26,1.751,3.146,0.574
CA_301734,75,2024-10-27,1.894,3.218,0.608
CA_301734,75,2024-10-28,2.026,3.236,0.647
CA_301734,75,2024-10-29,2.055,3.074,0.691
CA_301734,75,2024-10-30,1.798,2.413,0.739
CA_301734,75,2024-10-31,1.628,2.24,0.718
CA_301734,75,2024-11-01,1.442,2.051,0.697
CA_301734,75,2024-11-02,1.339,1.991,0.676
CA_301734,75,2024-11-03,1.326,2.02,0.664
CA_301734,75,2024-11-04,1.508,2.313,0.654
CA_301734,75,2024-11-05,1.531,2.369,0.647
CA_301734,75,2024-11-06,1.604,2.497,0.643
CA_301734,75,2024-11-07,1.588,2.479,0.641
CA_301734,75,2024-11-08,1.568,2.479,0.634
CA_301734,75,2024-11-09,1.506,2.405,0.626
CA_301734,75,2024-11-10,1.503,2.424,0.619
CA_301734,75,2024-11-11,1.363,2.222,0.612
CA_301734,75,2024-11-12,1.246,2.056,0.605
CA_301734,75,2024-11-13,1.205,2.02,0.598
CA_301734,75,2024-11-14,1.18,2.001,0.59
CA_301734,75,2024-11-15,1.093,1.873,0.583
CA_301734,75,2024-11-16,1.04,1.799,0.576
CA_301734,75,2024-11-17,1.087,1.91,0.569
CA_301734,75,2024-11-18,0.999,1.781,0.561
CA_301734,75,2024-11-19,0.975,1.763,0.554
CA_301734,75,2024-11-20,0.955,1.744,0.547
CA_301734,75,2024-11-21,1.042,1.928,0.54
CA_301734,75,2024-11-22,0.919,1.726,0.533
CA_301734,75,2024-11-23,1.009,1.928,0.525
CA_301734,75,2024-11-24,1.033,2.001,0.518
CA_301734,75,2024-11-25,0.988,1.928,0.511
CA_301734,75,2024-11-26,0.837,1.652,0.504
CA_301734,75,2024-11-27,0.764,1.524,0.496
CA_301734,75,2024-11-28,0.535,1.083,0.489
CA_301734,75,2024-11-29,0.386,0.8,0.482
CA_301734,75,2024-11-30,0.403,0.852,0.475
CA_301734,75,2024-12-01,0.376,0.804,0.468
CA_301734,75,2024-12-02,0.357,0.776,0.46
CA_301734,75,2024-12-03,0.391,0.864,0.453
CA_301734,75,2024-12-04,0.47,1.06,0.446
CA_301734,75,2024-12-05,0.487,1.099,0.445
CA_301734,75,2024-12-06,0.528,1.177,0.45
CA_301734,75,2024-12-07,0.536,1.177,0.462
CA_301734,75,2024-12-08,0.513,1.099,0.479
CA_301734,75,2024-12-09,0.447,0.903,0.503
CA_301734,75,2024-12-10,0.446,0.844,0.527
CA_301734,75,2024-12-11,0.423,0.765,0.551
CA_301734,75,2024-12-12,0.476,0.824,0.575
CA_301734,75,2024-12-13,0.594,0.981,0.599
CA_301734,75,2024-12-14,0.635,1.02,0.619
CA_301734,75,2024-12-15,0.743,1.158,0.635
CA_301734,75,2024-12-16,0.919,1.413,0.648
CA_301734,75,2024-12-17,0.914,1.393,0.656
CA_301734,75,2024-12-18,0.882,1.335,0.661
CA_301734,75,2024-12-19,1.019,1.531,0.666
CA_301734,75,2024-12-20,1.001,1.492,0.671
CA_301734,75,2024-12-21,0.821,1.217,0.675
CA_301734,75,2024-12-22,0.812,1.197,0.68
CA_301734,75,2024-12-23,0.818,1.197,0.685
CA_301734,75,2024-12-24,0.649,0.942,0.69
CA_301734,75,2024-12-25,0.546,0.785,0.694
CA_301734,75,2024-12-26,0.576,0.824,0.699
CA_301734,75,2024-12-27,0.608,0.864,0.704
CA_301734,75,2024-12-28,0.571,0.805,0.709
CA_301734,75,2024-12-29,0.574,0.805,0.713
CA_301734,75,2024-12-30,0.579,0.809,0.716
CA_301734,75,2024-12-31,0.61,0.85,0.718
CA_301986,75,2024-01-01,0.426,0.802,0.532
CA_301986,75,2024-01-02,0.341,0.623,0.546
CA_301986,75,2024-01-03,0.649,1.158,0.561
CA_301986,75,2024-01-04,0.861,1.517,0.568
CA_301986,75,2024-01-05,0.563,0.98,0.575
CA_301986,75,2024-01-06,0.563,0.968,0.582
CA_301986,75,2024-01-07,0.629,1.069,0.589
CA_301986,75,2024-01-08,0.577,0.968,0.596
CA_301986,75,2024-01-09,0.59,0.98,0.603
CA_301986,75,2024-01-10,0.76,1.247,0.61
CA_301986,75,2024-01-11,0.762,1.235,0.617
CA_301986,75,2024-01-12,0.528,0.891,0.593
CA_301986,75,2024-01-13,0.454,0.798,0.568
CA_301986,75,2024-01-14,0.624,1.146,0.544
CA_301986,75,2024-01-15,0.372,0.715,0.52
CA_301986,75,2024-01-16,0.397,0.802,0.496
CA_301986,75,2024-01-17,0.463,0.982,0.471
CA_301986,75,2024-01-18,0.438,0.98,0.447
CA_301986,75,2024-01-19,0.491,1.161,0.423
CA_301986,75,2024-01-20,0.498,1.25,0.399
CA_301986,75,2024-01-21,0.429,1.146,0.374
CA_301986,75,2024-01-22,0.343,0.98,0.35
CA_301986,75,2024-01-23,0.407,1.25,0.326
CA_301986,75,2024-01-24,0.238,0.79,0.302
CA_301986,75,2024-01-25,0.321,1.158,0.277
CA_301986,75,2024-01-26,0.293,1.158,0.253
CA_301986,75,2024-01-27,0.245,1.069,0.229
CA_301986,75,2024-01-28,0.33,1.25,0.264
CA_301986,75,2024-01-29,0.4,1.336,0.299
CA_301986,75,2024-01-30,0.565,1.689,0.335
CA_301986,75,2024-01-31,0.951,2.571,0.37
CA_301986,75,2024-02-01,0.518,1.28,0.405
CA_301986,75,2024-02-02,0.602,1.368,0.44
CA_301986,75,2024-02-03,0.607,1.276,0.475
CA_301986,75,2024-02-04,0.974,1.908,0.511
CA_301986,75,2024-02-05,0.948,1.736,0.546
CA_301986,75,2024-02-06,0.741,1.276,0.581
CA_301986,75,2024-02-07,0.779,1.265,0.616
CA_301986,75,2024-02-08,0.653,1.002,0.651
CA_301986,75,2024-02-09,1.002,1.459,0.686
CA_301986,75,2024-02-10,0.858,1.188,0.722
CA_301986,75,2024-02-11,1.107,1.462,0.757
CA_301986,75,2024-02-12,1.231,1.554,0.792
CA_301986,75,2024-02-13,1.04,1.383,0.752
CA_301986,75,2024-02-14,1.103,1.551,0.712
CA_301986,75,2024-02-15,0.982,1.462,0.671
CA_301986,75,2024-02-16,0.981,1.554,0.631
CA_301986,75,2024-02-17,0.81,1.371,0.591
CA_301986,75,2024-02-18,1.114,2.023,0.551
CA_301986,75,2024-02-19,1.118,2.19,0.51
CA_301986,75,2024-02-20,0.945,2.011,0.47
CA_301986,75,2024-02-21,0.807,1.645,0.491
CA_301986,75,2024-02-22,1.026,2.008,0.511
CA_301986,75,2024-02-23,0.97,1.825,0.532
CA_301986,75,2024-02-24,0.857,1.551,0.552
CA_301986,75,2024-02-25,0.997,1.74,0.573
CA_301986,75,2024-02-26,1.085,1.828,0.594
CA_301986,75,2024-02-27,1.345,2.19,0.614
CA_301986,75,2024-02-28,1.499,2.362,0.635
CA_301986,75,2024-02-29,1.397,2.273,0.615
CA_301986,75,2024-03-01,1.049,1.765,0.594
CA_301986,75,2024-03-02,0.844,1.471,0.574
CA_301986,75,2024-03-03,0.977,1.765,0.554
CA_301986,75,2024-03-04,0.94,1.761,0.534
CA_301986,75,2024-03-05,1.049,2.043,0.513
CA_301986,75,2024-03-06,1.008,2.043,0.493
CA_301986,75,2024-03-07,1.098,2.322,0.473
CA_301986,75,2024-03-08,1.093,2.415,0.453
CA_301986,75,2024-03-09,1.044,2.414,0.432
CA_301986,75,2024-03-10,1.071,2.597,0.412
CA_301986,75,2024-03-11,1.019,2.6,0.392
CA_301986,75,2024-03-12,0.759,2.04,0.372
CA_301986,75,2024-03-13,0.947,2.693,0.352
CA_301986,75,2024-03-14,1.108,3.343,0.331
CA_301986,75,2024-03-15,0.978,3.143,0.311
CA_301986,75,2024-03-16,1.168,3.332,0.35
CA_301986,75,2024-03-17,1.406,3.607,0.39
CA_301986,75,2024-03-18,1.429,3.331,0.429
CA_301986,75,2024-03-19,1.695,3.619,0.468
CA_301986,75,2024-03-20,2.167,4.269,0.508
CA_301986,75,2024-03-21,2.03,3.712,0.547
CA_301986,75,2024-03-22,2.067,3.526,0.586
CA_301986,75,2024-03-23,1.387,2.217,0.625
CA_301986,75,2024-03-24,1.597,2.508,0.637
CA_301986,75,2024-03-25,1.987,3.065,0.648
CA_301986,75,2024-03-26,2.206,3.344,0.66
CA_301986,75,2024-03-27,1.985,2.957,0.671
CA_301986,75,2024-03-28,1.773,2.597,0.683
CA_301986,75,2024-03-29,1.676,2.415,0.694
CA_301986,75,2024-03-30,1.714,2.43,0.706
CA_301986,75,2024-03-31,1.998,2.786,0.717
CA_301986,75,2024-04-01,2.713,3.724,0.729
CA_301986,75,2024-04-02,2.756,3.724,0.74
CA_301986,75,2024-04-03,3.158,4.203,0.751
CA_301986,75,2024-04-04,1.355,1.776,0.763
CA_301986,75,2024-04-05,1.882,2.43,0.774
CA_301986,75,2024-04-06,2.498,3.178,0.786
CA_301986,75,2024-04-07,3.115,3.907,0.797
CA_301986,75,2024-04-08,3.087,3.817,0.809
CA_301986,75,2024-04-09,3.033,3.817,0.794
CA_301986,75,2024-04-10,3.352,4.297,0.78
CA_301986,75,2024-04-11,3.21,4.191,0.766
CA_301986,75,2024-04-12,4.415,5.873,0.752
CA_301986,75,2024-04-13,1.645,2.231,0.737
CA_301986,75,2024-04-14,1.746,2.415,0.723
CA_301986,75,2024-04-15,1.977,2.789,0.709
CA_301986,75,2024-04-16,2.792,4.02,0.695
CA_301986,75,2024-04-17,2.911,4.3,0.677
CA_301986,75,2024-04-18,2.713,4.113,0.66
CA_301986,75,2024-04-19,3.351,5.219,0.642
CA_301986,75,2024-04-20,3.436,5.5,0.625
CA_301986,75,2024-04-21,3.174,5.228,0.607
CA_301986,75,2024-04-22,3.03,5.138,0.59
CA_301986,75,2024-04-23,2.619,4.577,0.572
CA_301986,75,2024-04-24,2.23,4.02,0.555
CA_301986,75,2024-04-25,2.51,4.67,0.537
CA_301986,75,2024-04-26,1.944,3.739,0.52
CA_301986,75,2024-04-27,2.059,4.098,0.502
CA_301986,75,2024-04-28,2.712,5.593,0.485
CA_301986,75,2024-04-29,2.744,5.87,0.467
CA_301986,75,2024-04-30,2.475,5.5,0.45
CA_301986,75,2024-05-01,2.481,5.736,0.433
CA_301986,75,2024-05-02,2.419,5.827,0.415
CA_301986,75,2024-05-03,2.406,5.656,0.425
CA_301986,75,2024-05-04,1.034,2.373,0.436
CA_301986,75,2024-05-05,1.825,4.093,0.446
CA_301986,75,2024-05-06,2.08,4.561,0.456
CA_301986,75,2024-05-07,2.462,5.279,0.466
CA_301986,75,2024-05-08,2.565,5.382,0.477
CA_301986,75,2024-05-09,2.791,5.733,0.487
CA_301986,75,2024-05-10,3.129,6.295,0.497
CA_301986,75,2024-05-11,3.054,6.268,0.487
CA_301986,75,2024-05-12,3.308,6.931,0.477
CA_301986,75,2024-05-13,3.234,6.919,0.467
CA_301986,75,2024-05-14,3.041,6.645,0.458
CA_301986,75,2024-05-15,3.103,6.931,0.448
CA_301986,75,2024-05-16,2.951,6.74,0.438
CA_301986,75,2024-05-17,2.695,6.296,0.428
CA_301986,75,2024-05-18,2.519,6.025,0.418
CA_301986,75,2024-05-19,2.348,5.656,0.415
CA_301986,75,2024-05-20,2.592,6.292,0.412
CA_301986,75,2024-05-21,2.642,6.463,0.409
CA_301986,75,2024-05-22,2.663,6.563,0.406
CA_301986,75,2024-05-23,2.497,6.201,0.403
CA_301986,75,2024-05-24,2.403,6.015,0.4
CA_301986,75,2024-05-25,2.201,5.553,0.396
CA_301986,75,2024-05-26,2.295,5.836,0.393
CA_301986,75,2024-05-27,2.447,6.11,0.4
CA_301986,75,2024-05-28,2.715,6.66,0.408
CA_301986,75,2024-05-29,3.02,7.281,0.415
CA_301986,75,2024-05-30,3.038,7.202,0.422
CA_301986,75,2024-05-31,3.017,7.034,0.429
CA_301986,75,2024-06-01,3.115,7.142,0.436
CA_301986,75,2024-06-02,2.953,6.663,0.443
CA_301986,75,2024-06-03,2.884,6.403,0.45
CA_301986,75,2024-06-04,3.055,6.678,0.458
CA_301986,75,2024-06-05,3.445,7.414,0.465
CA_301986,75,2024-06-06,3.622,7.677,0.472
CA_301986,75,2024-06-07,3.419,7.139,0.479
CA_301986,75,2024-06-08,3.11,6.4,0.486
CA_301986,75,2024-06-09,3.292,6.675,0.493
CA_301986,75,2024-06-10,3.425,6.845,0.5
CA_301986,75,2024-06-11,3.497,7.258,0.482
CA_301986,75,2024-06-12,3.423,7.16,0.478
CA_301986,75,2024-06-13,3.393,7.217,0.47
CA_301986,75,2024-06-14,3.291,7.125,0.462
CA_301986,75,2024-06-15,3.27,7.161,0.457
CA_301986,75,2024-06-16,3.376,7.417,0.455
CA_301986,75,2024-06-17,3.448,7.559,0.456
CA_301986,75,2024-06-18,3.51,7.632,0.46
CA_301986,75,2024-06-19,3.622,7.761,0.466
CA_301986,75,2024-06-20,3.609,7.631,0.473
CA_301986,75,2024-06-21,3.64,7.593,0.48
CA_301986,75,2024-06-22,3.653,7.522,0.486
CA_301986,75,2024-06-23,3.657,7.427,0.493
CA_301986,75,2024-06-24,3.636,7.28,0.499
CA_301986,75,2024-06-25,3.844,7.593,0.506
CA_301986,75,2024-06-26,3.924,7.654,0.512
CA_301986,75,2024-06-27,3.973,7.658,0.519
CA_301986,75,2024-06-28,4.013,7.642,0.525
CA_301986,75,2024-06-29,4.013,7.55,0.532
CA_301986,75,2024-06-30,3.878,7.205,0.539
CA_301986,75,2024-07-01,3.85,7.072,0.545
CA_301986,75,2024-07-02,4.027,7.318,0.55
CA_301986,75,2024-07-03,4.349,7.827,0.555
CA_301986,75,2024-07-04,4.636,8.279,0.559
CA_301986,75,2024-07-05,4.811,8.54,0.563
CA_301986,75,2024-07-06,4.923,8.691,0.567
CA_301986,75,2024-07-07,4.888,8.574,0.571
CA_301986,75,2024-07-08,4.694,8.177,0.574
CA_301986,75,2024-07-09,4.518,7.817,0.578
CA_301986,75,2024-07-10,4.502,7.739,0.582
CA_301986,75,2024-07-11,4.532,7.74,0.586
CA_301986,75,2024-07-12,4.462,7.575,0.589
CA_301986,75,2024-07-13,4.301,7.257,0.593
CA_301986,75,2024-07-14,4.261,7.144,0.597
CA_301986,75,2024-07-15,4.189,6.977,0.601
CA_301986,75,2024-07-16,4.125,6.824,0.604
CA_301986,75,2024-07-17,4.217,6.934,0.608
CA_301986,75,2024-07-18,4.414,7.219,0.611
CA_301986,75,2024-07-19,4.402,7.164,0.614
CA_301986,75,2024-07-20,4.422,7.164,0.617
CA_301986,75,2024-07-21,4.383,7.072,0.62
CA_301986,75,2024-07-22,4.333,6.959,0.623
CA_301986,75,2024-07-23,4.316,6.9,0.625
CA_301986,75,2024-07-24,4.394,6.994,0.628
CA_301986,75,2024-07-25,4.442,7.066,0.628
CA_301986,75,2024-07-26,4.593,7.328,0.627
CA_301986,75,2024-07-27,4.601,7.385,0.623
CA_301986,75,2024-07-28,4.536,7.35,0.617
CA_301986,75,2024-07-29,4.521,7.424,0.609
CA_301986,75,2024-07-30,4.547,7.571,0.601
CA_301986,75,2024-07-31,4.565,7.714,0.593
CA_301986,75,2024-08-01,4.642,7.952,0.584
CA_301986,75,2024-08-02,4.672,8.061,0.58
CA_301986,75,2024-08-03,4.58,7.913,0.579
CA_301986,75,2024-08-04,4.342,7.474,0.582
CA_301986,75,2024-08-05,4.088,6.962,0.589
CA_301986,75,2024-08-06,3.915,6.538,0.6
CA_301986,75,2024-08-07,3.869,6.335,0.611
CA_301986,75,2024-08-08,3.998,6.423,0.621
CA_301986,75,2024-08-09,4.179,6.604,0.632
CA_301986,75,2024-08-10,4.301,6.734,0.638
CA_301986,75,2024-08-11,4.282,6.681,0.641
CA_301986,75,2024-08-12,4.304,6.738,0.639
CA_301986,75,2024-08-13,4.092,6.465,0.633
CA_301986,75,2024-08-14,4.253,6.85,0.622
CA_301986,75,2024-08-15,4.171,6.828,0.612
CA_301986,75,2024-08-16,4.287,7.136,0.601
CA_301986,75,2024-08-17,4.461,7.57,0.591
CA_301986,75,2024-08-18,4.744,8.097,0.586
CA_301986,75,2024-08-19,4.546,7.752,0.588
CA_301986,75,2024-08-20,4.615,7.789,0.595
CA_301986,75,2024-08-21,4.455,7.389,0.608
CA_301986,75,2024-08-22,4.329,6.939,0.626
CA_301986,75,2024-08-23,4.143,6.433,0.645
CA_301986,75,2024-08-24,4.131,6.231,0.664
CA_301986,75,2024-08-25,4.177,6.12,0.682
CA_301986,75,2024-08-26,4.273,6.19,0.691
CA_301986,75,2024-08-27,4.154,6.025,0.689
CA_301986,75,2024-08-28,4.106,6.058,0.678
CA_301986,75,2024-08-29,3.955,6.022,0.656
CA_301986,75,2024-08-30,3.651,5.827,0.624
CA_301986,75,2024-08-31,3.453,5.809,0.593
CA_301986,75,2024-09-01,3.282,5.858,0.561
CA_301986,75,2024-09-02,3.155,6.003,0.529
CA_301986,75,2024-09-03,3.045,6.087,0.503
CA_301986,75,2024-09-04,3.106,6.44,0.484
CA_301986,75,2024-09-05,3.423,7.306,0.47
CA_301986,75,2024-09-06,3.562,7.722,0.462
CA_301986,75,2024-09-07,3.327,7.235,0.46
CA_301986,75,2024-09-08,3.187,6.954,0.458
CA_301986,75,2024-09-09,2.923,6.399,0.456
CA_301986,75,2024-09-10,2.351,5.172,0.454
CA_301986,75,2024-09-11,1.982,4.375,0.453
CA_301986,75,2024-09-12,2.096,4.626,0.453
CA_301986,75,2024-09-13,2.114,4.657,0.454
CA_301986,75,2024-09-14,2.229,4.89,0.456
CA_301986,75,2024-09-15,2.242,4.893,0.458
CA_301986,75,2024-09-16,2.298,4.988,0.461
CA_301986,75,2024-09-17,2.213,4.773,0.464
CA_301986,75,2024-09-18,2.177,4.668,0.467
CA_301986,75,2024-09-19,2.168,4.577,0.473
CA_301986,75,2024-09-20,2.377,4.896,0.484
CA_301986,75,2024-09-21,2.518,5.021,0.499
CA_301986,75,2024-09-22,2.666,5.13,0.518
CA_301986,75,2024-09-23,2.768,5.131,0.541
CA_301986,75,2024-09-24,2.904,5.171,0.564
CA_301986,75,2024-09-25,2.866,4.907,0.586
CA_301986,75,2024-09-26,2.873,4.723,0.609
CA_301986,75,2024-09-27,2.938,4.686,0.626
CA_301986,75,2024-09-28,3.244,5.079,0.638
CA_301986,75,2024-09-29,3.217,4.988,0.644
CA_301986,75,2024-09-30,3.409,5.287,0.645
CA_301986,75,2024-10-01,3.489,5.45,0.64
CA_301986,75,2024-10-02,3.549,5.584,0.635
CA_301986,75,2024-10-03,3.316,5.259,0.631
CA_301986,75,2024-10-04,3.261,5.207,0.626
CA_301986,75,2024-10-05,3.041,4.893,0.621
CA_301986,75,2024-10-06,2.867,4.65,0.616
CA_301986,75,2024-10-07,2.602,4.255,0.611
CA_301986,75,2024-10-08,2.467,4.068,0.606
CA_301986,75,2024-10-09,2.335,3.881,0.601
CA_301986,75,2024-10-10,2.264,3.796,0.596
CA_301986,75,2024-10-11,2.252,3.811,0.591
CA_301986,75,2024-10-12,2.283,3.896,0.586
CA_301986,75,2024-10-13,2.212,3.787,0.584
CA_301986,75,2024-10-14,2.242,3.835,0.585
CA_301986,75,2024-10-15,2.276,3.869,0.589
CA_301986,75,2024-10-16,2.27,3.815,0.595
CA_301986,75,2024-10-17,2.327,3.848,0.604
CA_301986,75,2024-10-18,2.368,3.866,0.613
CA_301986,75,2024-10-19,2.279,3.675,0.622
CA_301986,75,2024-10-20,2.191,3.484,0.631
CA_301986,75,2024-10-21,2.074,3.258,0.638
CA_301986,75,2024-10-22,1.863,2.895,0.644
CA_301986,75,2024-10-23,1.744,2.689,0.648
CA_301986,75,2024-10-24,1.731,2.659,0.651
CA_301986,75,2024-10-25,1.567,2.402,0.652
CA_301986,75,2024-10-26,1.446,2.212,0.654
CA_301986,75,2024-10-27,1.367,2.087,0.655
CA_301986,75,2024-10-28,1.412,2.152,0.656
CA_301986,75,2024-10-29,1.417,2.149,0.659
CA_301986,75,2024-10-30,1.526,2.298,0.664
CA_301986,75,2024-10-31,1.617,2.414,0.67
CA_301986,75,2024-11-01,1.868,2.755,0.677
CA_301986,75,2024-11-02,1.986,2.887,0.686
CA_301986,75,2024-11-03,1.932,2.78,0.695
CA_301986,75,2024-11-04,1.968,2.798,0.704
CA_301986,75,2024-11-05,1.803,2.54,0.713
CA_301986,75,2024-11-06,1.53,2.129,0.723
CA_301986,75,2024-11-07,1.279,1.754,0.732
CA_301986,75,2024-11-08,1.168,1.584,0.741
CA_301986,75,2024-11-09,0.98,1.308,0.75
CA_301986,75,2024-11-10,0.94,1.241,0.759
CA_301986,75,2024-11-11,0.942,1.227,0.768
CA_301986,75,2024-11-12,0.997,1.279,0.777
CA_301986,75,2024-11-13,1.102,1.397,0.786
CA_301986,75,2024-11-14,1.187,1.499,0.791
CA_301986,75,2024-11-15,1.572,1.995,0.79
CA_301986,75,2024-11-16,1.578,2.012,0.785
CA_301986,75,2024-11-17,1.495,1.925,0.775
CA_301986,75,2024-11-18,1.384,1.806,0.761
CA_301986,75,2024-11-19,1.298,1.721,0.746
CA_301986,75,2024-11-20,0.971,1.327,0.731
CA_301986,75,2024-11-21,0.997,1.396,0.717
CA_301986,75,2024-11-22,0.965,1.377,0.703
CA_301986,75,2024-11-23,0.996,1.446,0.689
CA_301986,75,2024-11-24,0.992,1.464,0.677
CA_301986,75,2024-11-25,0.963,1.446,0.665
CA_301986,75,2024-11-26,0.865,1.322,0.654
CA_301986,75,2024-11-27,0.83,1.288,0.643
CA_301986,75,2024-11-28,0.845,1.339,0.632
CA_301986,75,2024-11-29,0.836,1.349,0.621
CA_301986,75,2024-11-30,0.797,1.306,0.611
CA_301986,75,2024-12-01,0.89,1.476,0.604
CA_301986,75,2024-12-02,0.911,1.521,0.598
CA_301986,75,2024-12-03,0.891,1.498,0.595
CA_301986,75,2024-12-04,0.93,1.567,0.593
CA_301986,75,2024-12-05,0.992,1.676,0.592
CA_301986,75,2024-12-06,0.896,1.518,0.59
CA_301986,75,2024-12-07,0.914,1.553,0.588
CA_301986,75,2024-12-08,0.904,1.538,0.588
CA_301986,75,2024-12-09,0.886,1.506,0.588
CA_301986,75,2024-12-10,0.782,1.327,0.59
CA_301986,75,2024-12-11,0.712,1.205,0.593
CA_301986,75,2024-12-12,0.644,1.084,0.596
CA_301986,75,2024-12-13,0.563,0.941,0.6
CA_301986,75,2024-12-14,0.491,0.813,0.604
CA_301986,75,2024-12-15,0.538,0.884,0.608
CA_301986,75,2024-12-16,0.56,0.917,0.611
CA_301986,75,2024-12-17,0.573,0.932,0.615
CA_301986,75,2024-12-18,0.565,0.914,0.619
CA_301986,75,2024-12-19,0.524,0.844,0.623
CA_301986,75,2024-12-20,0.472,0.755,0.626
CA_301986,75,2024-12-21,0.485,0.77,0.63
CA_301986,75,2024-12-22,0.488,0.77,0.634
CA_301986,75,2024-12-23,0.571,0.893,0.638
CA_301986,75,2024-12-24,0.726,1.129,0.641
CA_301986,75,2024-12-25,0.788,1.22,0.645
CA_301986,75,2024-12-26,0.817,1.258,0.649
CA_301986,75,2024-12-27,0.844,1.295,0.653
CA_301986,75,2024-12-28,0.79,1.205,0.656
CA_301986,75,2024-12-29,0.685,1.039,0.66
CA_301986,75,2024-12-30,0.666,1.006,0.662
CA_301986,75,2024-12-31,0.652,0.982,0.664
CA_302388,75,2024-01-01,0.854,0.816,1.046
CA_302388,75,2024-01-02,0.692,0.635,1.09
CA_302388,75,2024-01-03,1.257,1.109,1.134
CA_302388,75,2024-01-04,1.595,1.541,1.034
CA_302388,75,2024-01-05,0.932,0.997,0.935
CA_302388,75,2024-01-06,0.82,0.982,0.835
CA_302388,75,2024-01-07,0.852,1.158,0.736
CA_302388,75,2024-01-08,0.58,0.912,0.636
CA_302388,75,2024-01-09,0.535,0.997,0.536
CA_302388,75,2024-01-10,0.524,1.199,0.437
CA_302388,75,2024-01-11,0.399,1.184,0.337
CA_302388,75,2024-01-12,0.286,0.822,0.348
CA_302388,75,2024-01-13,0.318,0.886,0.359
CA_302388,75,2024-01-14,0.431,1.164,0.37
CA_302388,75,2024-01-15,0.276,0.725,0.381
CA_302388,75,2024-01-16,0.32,0.816,0.392
CA_302388,75,2024-01-17,0.402,0.997,0.403
CA_302388,75,2024-01-18,0.413,0.997,0.414
CA_302388,75,2024-01-19,0.495,1.164,0.425
CA_302388,75,2024-01-20,0.591,1.355,0.436
CA_302388,75,2024-01-21,0.52,1.164,0.447
CA_302388,75,2024-01-22,0.457,0.997,0.458
CA_302388,75,2024-01-23,0.596,1.269,0.469
CA_302388,75,2024-01-24,0.392,0.816,0.48
CA_302388,75,2024-01-25,0.579,1.179,0.491
CA_302388,75,2024-01-26,0.592,1.179,0.502
CA_302388,75,2024-01-27,0.558,1.088,0.513
CA_302388,75,2024-01-28,0.651,1.254,0.519
CA_302388,75,2024-01-29,0.714,1.36,0.525
CA_302388,75,2024-01-30,0.951,1.793,0.531
CA_302388,75,2024-01-31,1.403,2.615,0.536
CA_302388,75,2024-02-01,0.698,1.286,0.542
CA_302388,75,2024-02-02,0.708,1.292,0.548
CA_302388,75,2024-02-03,0.712,1.286,0.554
CA_302388,75,2024-02-04,0.983,1.757,0.56
CA_302388,75,2024-02-05,0.938,1.659,0.566
CA_302388,75,2024-02-06,0.735,1.286,0.571
CA_302388,75,2024-02-07,0.742,1.286,0.577
CA_302388,75,2024-02-08,0.589,1.011,0.583
CA_302388,75,2024-02-09,0.866,1.47,0.589
CA_302388,75,2024-02-10,0.719,1.21,0.595
CA_302388,75,2024-02-11,0.883,1.47,0.6
CA_302388,75,2024-02-12,0.947,1.562,0.606
CA_302388,75,2024-02-13,0.846,1.464,0.578
CA_302388,75,2024-02-14,0.905,1.648,0.549
CA_302388,75,2024-02-15,0.765,1.47,0.52
CA_302388,75,2024-02-16,0.768,1.562,0.491
CA_302388,75,2024-02-17,0.638,1.378,0.463
CA_302388,75,2024-02-18,0.877,2.021,0.434
CA_302388,75,2024-02-19,0.929,2.291,0.405
CA_302388,75,2024-02-20,0.755,2.006,0.377
CA_302388,75,2024-02-21,0.622,1.654,0.376
CA_302388,75,2024-02-22,0.759,2.021,0.375
CA_302388,75,2024-02-23,0.715,1.909,0.375
CA_302388,75,2024-02-24,0.584,1.562,0.374
CA_302388,75,2024-02-25,0.652,1.746,0.373
CA_302388,75,2024-02-26,0.685,1.838,0.373
CA_302388,75,2024-02-27,0.82,2.205,0.372
CA_302388,75,2024-02-28,0.887,2.389,0.371
CA_302388,75,2024-02-29,0.858,2.282,0.376
CA_302388,75,2024-03-01,0.673,1.767,0.381
CA_302388,75,2024-03-02,0.541,1.401,0.386
CA_302388,75,2024-03-03,0.691,1.767,0.391
CA_302388,75,2024-03-04,0.7,1.767,0.396
CA_302388,75,2024-03-05,0.855,2.133,0.401
CA_302388,75,2024-03-06,0.859,2.118,0.406
CA_302388,75,2024-03-07,0.955,2.325,0.411
CA_302388,75,2024-03-08,1.035,2.49,0.416
CA_302388,75,2024-03-09,1.047,2.49,0.42
CA_302388,75,2024-03-10,1.175,2.763,0.425
CA_302388,75,2024-03-11,1.121,2.604,0.43
CA_302388,75,2024-03-12,0.89,2.046,0.435
CA_302388,75,2024-03-13,1.225,2.784,0.44
CA_302388,75,2024-03-14,1.529,3.435,0.445
CA_302388,75,2024-03-15,1.423,3.162,0.45
CA_302388,75,2024-03-16,1.488,3.332,0.447
CA_302388,75,2024-03-17,1.639,3.699,0.443
CA_302388,75,2024-03-18,1.472,3.348,0.44
CA_302388,75,2024-03-19,1.613,3.699,0.436
CA_302388,75,2024-03-20,1.882,4.35,0.433
CA_302388,75,2024-03-21,1.672,3.894,0.429
CA_302388,75,2024-03-22,1.542,3.621,0.426
CA_302388,75,2024-03-23,0.906,2.145,0.422
CA_302388,75,2024-03-24,1.124,2.598,0.433
CA_302388,75,2024-03-25,1.359,3.069,0.443
CA_302388,75,2024-03-26,1.557,3.435,0.453
CA_302388,75,2024-03-27,1.379,2.976,0.463
CA_302388,75,2024-03-28,1.267,2.676,0.474
CA_302388,75,2024-03-29,1.212,2.505,0.484
CA_302388,75,2024-03-30,1.238,2.505,0.494
CA_302388,75,2024-03-31,1.452,2.877,0.505
CA_302388,75,2024-04-01,1.966,3.798,0.517
CA_302388,75,2024-04-02,1.977,3.726,0.53
CA_302388,75,2024-04-03,2.317,4.264,0.543
CA_302388,75,2024-04-04,1.033,1.857,0.556
CA_302388,75,2024-04-05,1.379,2.422,0.569
CA_302388,75,2024-04-06,1.895,3.255,0.582
CA_302388,75,2024-04-07,2.372,3.985,0.595
CA_302388,75,2024-04-08,2.367,3.892,0.608
CA_302388,75,2024-04-09,2.317,3.82,0.607
CA_302388,75,2024-04-10,2.69,4.445,0.605
CA_302388,75,2024-04-11,2.53,4.192,0.604
CA_302388,75,2024-04-12,3.524,5.854,0.602
CA_302388,75,2024-04-13,1.334,2.22,0.601
CA_302388,75,2024-04-14,1.442,2.407,0.599
CA_302388,75,2024-04-15,1.618,2.707,0.598
CA_302388,75,2024-04-16,2.43,4.078,0.596
CA_302388,75,2024-04-17,2.505,4.357,0.575
CA_302388,75,2024-04-18,2.31,4.171,0.554
CA_302388,75,2024-04-19,2.826,5.304,0.533
CA_302388,75,2024-04-20,2.858,5.584,0.512
CA_302388,75,2024-04-21,2.603,5.304,0.491
CA_302388,75,2024-04-22,2.447,5.211,0.47
CA_302388,75,2024-04-23,2.048,4.565,0.449
CA_302388,75,2024-04-24,1.75,4.093,0.428
CA_302388,75,2024-04-25,1.929,4.745,0.406
CA_302388,75,2024-04-26,1.47,3.814,0.385
CA_302388,75,2024-04-27,1.52,4.171,0.364
CA_302388,75,2024-04-28,1.949,5.677,0.343
CA_302388,75,2024-04-29,1.914,5.941,0.322
CA_302388,75,2024-04-30,1.651,5.481,0.301
CA_302388,75,2024-05-01,1.623,5.794,0.28
CA_302388,75,2024-05-02,1.52,5.87,0.259
CA_302388,75,2024-05-03,1.475,5.703,0.259
CA_302388,75,2024-05-04,0.588,2.277,0.258
CA_302388,75,2024-05-05,1.055,4.088,0.258
CA_302388,75,2024-05-06,1.171,4.543,0.258
CA_302388,75,2024-05-07,1.357,5.269,0.257
CA_302388,75,2024-05-08,1.4,5.446,0.257
CA_302388,75,2024-05-09,1.466,5.709,0.257
CA_302388,75,2024-05-10,1.626,6.339,0.256
CA_302388,75,2024-05-11,1.64,6.324,0.259
CA_302388,75,2024-05-12,1.869,7.13,0.262
CA_302388,75,2024-05-13,1.847,6.975,0.265
CA_302388,75,2024-05-14,1.817,6.788,0.268
CA_302388,75,2024-05-15,1.933,7.145,0.27
CA_302388,75,2024-05-16,1.837,6.723,0.273
CA_302388,75,2024-05-17,1.773,6.424,0.276
CA_302388,75,2024-05-18,1.692,6.066,0.279
CA_302388,75,2024-05-19,1.564,5.773,0.271
CA_302388,75,2024-05-20,1.688,6.424,0.263
CA_302388,75,2024-05-21,1.683,6.606,0.255
CA_302388,75,2024-05-22,1.674,6.782,0.247
CA_302388,75,2024-05-23,1.512,6.333,0.239
CA_302388,75,2024-05-24,1.419,6.152,0.231
CA_302388,75,2024-05-25,1.25,5.612,0.223
CA_302388,75,2024-05-26,1.267,5.9,0.215
CA_302388,75,2024-05-27,1.378,6.328,0.218
CA_302388,75,2024-05-28,1.517,6.873,0.221
CA_302388,75,2024-05-29,1.664,7.439,0.224
CA_302388,75,2024-05-30,1.685,7.433,0.227
CA_302388,75,2024-05-31,1.666,7.251,0.23
CA_302388,75,2024-06-01,1.685,7.241,0.233
CA_302388,75,2024-06-02,1.595,6.766,0.236
CA_302388,75,2024-06-03,1.533,6.419,0.239
CA_302388,75,2024-06-04,1.64,6.781,0.242
CA_302388,75,2024-06-05,1.865,7.618,0.245
CA_302388,75,2024-06-06,1.935,7.808,0.248
CA_302388,75,2024-06-07,1.798,7.17,0.251
CA_302388,75,2024-06-08,1.651,6.505,0.254
CA_302388,75,2024-06-09,1.742,6.781,0.257
CA_302388,75,2024-06-10,1.81,6.965,0.26
CA_302388,75,2024-06-11,0.83,5.608,0.148
CA_302388,75,2024-06-12,0.929,5.825,0.158
CA_302388,75,2024-06-13,1.099,6.079,0.178
CA_302388,75,2024-06-14,1.273,6.337,0.198
CA_302388,75,2024-06-15,1.498,6.831,0.218
CA_302388,75,2024-06-16,1.627,6.963,0.233
CA_302388,75,2024-06-17,1.688,6.911,0.244
CA_302388,75,2024-06-18,1.72,6.855,0.251
CA_302388,75,2024-06-19,1.739,6.869,0.253
CA_302388,75,2024-06-20,1.695,6.757,0.251
CA_302388,75,2024-06-21,1.64,6.592,0.249
CA_302388,75,2024-06-22,1.554,6.295,0.246
CA_302388,75,2024-06-23,1.548,6.333,0.244
CA_302388,75,2024-06-24,1.526,6.318,0.242
CA_302388,75,2024-06-25,1.494,6.261,0.239
CA_302388,75,2024-06-26,1.533,6.514,0.236
CA_302388,75,2024-06-27,1.63,7.016,0.232
CA_302388,75,2024-06-28,1.665,7.29,0.229
CA_302388,75,2024-06-29,1.72,7.662,0.225
CA_302388,75,2024-06-30,1.756,7.944,0.221
CA_302388,75,2024-07-01,1.754,8.06,0.218
CA_302388,75,2024-07-02,1.757,8.165,0.215
CA_302388,75,2024-07-03,1.784,8.334,0.214
CA_302388,75,2024-07-04,1.748,8.172,0.214
CA_302388,75,2024-07-05,1.761,8.19,0.215
CA_302388,75,2024-07-06,1.783,8.206,0.217
CA_302388,75,2024-07-07,1.778,8.098,0.22
CA_302388,75,2024-07-08,1.719,7.746,0.222
CA_302388,75,2024-07-09,1.711,7.625,0.225
CA_302388,75,2024-07-10,1.722,7.565,0.228
CA_302388,75,2024-07-11,1.797,7.75,0.231
CA_302388,75,2024-07-12,1.896,8.013,0.236
CA_302388,75,2024-07-13,2.006,8.295,0.241
CA_302388,75,2024-07-14,2.081,8.414,0.247
CA_302388,75,2024-07-15,2.124,8.402,0.253
CA_302388,75,2024-07-16,2.118,8.182,0.259
CA_302388,75,2024-07-17,2.143,8.086,0.265
CA_302388,75,2024-07-18,2.162,8.088,0.267
CA_302388,75,2024-07-19,2.176,8.198,0.266
CA_302388,75,2024-07-20,2.173,8.364,0.26
CA_302388,75,2024-07-21,2.078,8.267,0.251
CA_302388,75,2024-07-22,1.983,8.337,0.237
CA_302388,75,2024-07-23,1.866,8.333,0.224
CA_302388,75,2024-07-24,1.75,8.323,0.211
CA_302388,75,2024-07-25,1.64,8.339,0.198
CA_302388,75,2024-07-26,1.617,8.636,0.187
CA_302388,75,2024-07-27,1.559,8.66,0.18
CA_302388,75,2024-07-28,1.52,8.644,0.176
CA_302388,75,2024-07-29,1.508,8.631,0.175
CA_302388,75,2024-07-30,1.468,8.32,0.177
CA_302388,75,2024-07-31,1.394,7.826,0.178
CA_302388,75,2024-08-01,1.339,7.436,0.18
CA_302388,75,2024-08-02,1.287,7.07,0.182
CA_302388,75,2024-08-03,1.28,6.972,0.183
CA_302388,75,2024-08-04,1.334,7.239,0.184
CA_302388,75,2024-08-05,1.401,7.601,0.184
CA_302388,75,2024-08-06,1.399,7.604,0.184
CA_302388,75,2024-08-07,1.377,7.524,0.183
CA_302388,75,2024-08-08,1.271,6.977,0.182
CA_302388,75,2024-08-09,1.175,6.491,0.181
CA_302388,75,2024-08-10,1.122,6.235,0.18
CA_302388,75,2024-08-11,1.107,6.194,0.179
CA_302388,75,2024-08-12,1.12,6.299,0.178
CA_302388,75,2024-08-13,1.153,6.518,0.177
CA_302388,75,2024-08-14,1.141,6.477,0.176
CA_302388,75,2024-08-15,1.131,6.457,0.175
CA_302388,75,2024-08-16,1.057,6.063,0.174
CA_302388,75,2024-08-17,1.006,5.798,0.173
CA_302388,75,2024-08-18,0.883,5.112,0.173
CA_302388,75,2024-08-19,0.82,4.769,0.172
CA_302388,75,2024-08-20,0.765,4.481,0.171
CA_302388,75,2024-08-21,0.796,4.692,0.17
CA_302388,75,2024-08-22,0.794,4.71,0.169
CA_302388,75,2024-08-23,0.904,5.382,0.168
CA_302388,75,2024-08-24,0.992,5.94,0.167
CA_302388,75,2024-08-25,1.049,6.316,0.166
CA_302388,75,2024-08-26,1.095,6.623,0.165
CA_302388,75,2024-08-27,1.177,7.16,0.164
CA_302388,75,2024-08-28,1.189,7.264,0.164
CA_302388,75,2024-08-29,1.206,7.402,0.163
CA_302388,75,2024-08-30,1.183,7.289,0.162
CA_302388,75,2024-08-31,1.092,6.753,0.162
CA_302388,75,2024-09-01,0.947,5.88,0.161
CA_302388,75,2024-09-02,0.883,5.505,0.16
CA_302388,75,2024-09-03,0.819,5.136,0.159
CA_302388,75,2024-09-04,0.769,4.843,0.159
CA_302388,75,2024-09-05,0.791,4.986,0.159
CA_302388,75,2024-09-06,0.829,5.23,0.159
CA_302388,75,2024-09-07,0.861,5.423,0.159
CA_302388,75,2024-09-08,0.837,5.258,0.159
CA_302388,75,2024-09-09,0.869,5.447,0.16
CA_302388,75,2024-09-10,0.888,5.552,0.16
CA_302388,75,2024-09-11,0.896,5.587,0.16
CA_302388,75,2024-09-12,0.88,5.411,0.163
CA_302388,75,2024-09-13,0.934,5.592,0.167
CA_302388,75,2024-09-14,0.921,5.327,0.173
CA_302388,75,2024-09-15,0.904,5.008,0.182
CA_302388,75,2024-09-16,0.904,4.743,0.192
CA_302388,75,2024-09-17,0.923,4.601,0.202
CA_302388,75,2024-09-18,0.917,4.323,0.213
CA_302388,75,2024-09-19,0.919,4.133,0.223
CA_302388,75,2024-09-20,0.96,4.167,0.231
CA_302388,75,2024-09-21,1.01,4.289,0.236
CA_302388,75,2024-09-22,1.03,4.322,0.238
CA_302388,75,2024-09-23,1.033,4.332,0.239
CA_302388,75,2024-09-24,1.077,4.56,0.236
CA_302388,75,2024-09-25,1.088,4.653,0.234
CA_302388,75,2024-09-26,1.069,4.621,0.231
CA_302388,75,2024-09-27,1.076,4.697,0.229
CA_302388,75,2024-09-28,0.986,4.329,0.227
CA_302388,75,2024-09-29,0.851,3.749,0.227
CA_302388,75,2024-09-30,0.749,3.301,0.227
CA_302388,75,2024-10-01,0.703,3.082,0.229
CA_302388,75,2024-10-02,0.648,2.805,0.231
CA_302388,75,2024-10-03,0.751,3.218,0.233
CA_302388,75,2024-10-04,0.895,3.804,0.235
CA_302388,75,2024-10-05,0.963,4.062,0.237
CA_302388,75,2024-10-06,0.976,4.127,0.236
CA_302388,75,2024-10-07,1.003,4.304,0.233
CA_302388,75,2024-10-08,0.945,4.151,0.227
CA_302388,75,2024-10-09,0.846,3.862,0.219
CA_302388,75,2024-10-10,0.767,3.672,0.207
CA_302388,75,2024-10-11,0.702,3.539,0.196
CA_302388,75,2024-10-12,0.639,3.448,0.185
CA_302388,75,2024-10-13,0.593,3.425,0.174
CA_302388,75,2024-10-14,0.598,3.609,0.167
CA_302388,75,2024-10-15,0.609,3.734,0.164
CA_302388,75,2024-10-16,0.614,3.749,0.164
CA_302388,75,2024-10-17,0.581,3.474,0.169
CA_302388,75,2024-10-18,0.586,3.339,0.177
CA_302388,75,2024-10-19,0.581,3.131,0.186
CA_302388,75,2024-10-20,0.589,3.023,0.194
CA_302388,75,2024-10-21,0.552,2.733,0.203
CA_302388,75,2024-10-22,0.569,2.715,0.211
CA_302388,75,2024-10-23,0.618,2.814,0.22
CA_302388,75,2024-10-24,0.601,2.628,0.228
CA_302388,75,2024-10-25,0.61,2.563,0.237
CA_302388,75,2024-10-26,0.702,2.855,0.245
CA_302388,75,2024-10-27,0.699,2.769,0.254
CA_302388,75,2024-10-28,0.625,2.397,0.262
CA_302388,75,2024-10-29,0.595,2.221,0.271
CA_302388,75,2024-10-30,0.552,1.997,0.28
CA_302388,75,2024-10-31,0.535,1.84,0.29
CA_302388,75,2024-11-01,0.595,1.961,0.3
CA_302388,75,2024-11-02,0.64,2.041,0.311
CA_302388,75,2024-11-03,0.748,2.303,0.323
CA_302388,75,2024-11-04,0.79,2.369,0.334
CA_302388,75,2024-11-05,0.782,2.272,0.346
CA_302388,75,2024-11-06,0.767,2.152,0.358
CA_302388,75,2024-11-07,0.757,2.086,0.365
CA_302388,75,2024-11-08,0.719,1.963,0.367
CA_302388,75,2024-11-09,0.714,1.959,0.364
CA_302388,75,2024-11-10,0.716,2.007,0.357
CA_302388,75,2024-11-11,0.659,1.903,0.346
CA_302388,75,2024-11-12,0.649,1.935,0.334
CA_302388,75,2024-11-13,0.609,1.888,0.322
CA_302388,75,2024-11-14,0.558,1.787,0.311
CA_302388,75,2024-11-15,0.477,1.594,0.297
CA_302388,75,2024-11-16,0.421,1.458,0.281
CA_302388,75,2024-11-17,0.361,1.338,0.264
CA_302388,75,2024-11-18,0.293,1.198,0.244
CA_302388,75,2024-11-19,0.26,1.179,0.223
CA_302388,75,2024-11-20,0.232,1.164,0.202
CA_302388,75,2024-11-21,0.248,1.405,0.18
CA_302388,75,2024-11-22,0.234,1.523,0.159
CA_302388,75,2024-11-23,0.222,1.622,0.141
CA_302388,75,2024-11-24,0.203,1.608,0.127
CA_302388,75,2024-11-25,0.19,1.591,0.117
CA_302388,75,2024-11-26,0.162,1.451,0.111
CA_302388,75,2024-11-27,0.146,1.336,0.109
CA_302388,75,2024-11-28,0.133,1.257,0.106
CA_302388,75,2024-11-29,0.138,1.342,0.103
CA_302388,75,2024-11-30,0.14,1.388,0.101
CA_302388,75,2024-12-01,0.13,1.31,0.098
CA_302388,75,2024-12-02,0.124,1.286,0.096
CA_302388,75,2024-12-03,0.116,1.238,0.093
CA_302388,75,2024-12-04,0.112,1.238,0.091
CA_302388,75,2024-12-05,0.117,1.332,0.088
CA_302388,75,2024-12-06,0.115,1.336,0.086
CA_302388,75,2024-12-07,0.11,1.313,0.083
CA_302388,75,2024-12-08,0.103,1.264,0.081
CA_302388,75,2024-12-09,0.11,1.227,0.088
CA_302388,75,2024-12-10,0.123,1.134,0.104
CA_302388,75,2024-12-11,0.146,1.129,0.129
CA_302388,75,2024-12-12,0.188,1.149,0.164
CA_302388,75,2024-12-13,0.25,1.221,0.208
CA_302388,75,2024-12-14,0.301,1.18,0.252
CA_302388,75,2024-12-15,0.377,1.231,0.296
CA_302388,75,2024-12-16,0.496,1.416,0.34
CA_302388,75,2024-12-17,0.549,1.419,0.384
CA_302388,75,2024-12-18,0.577,1.364,0.429
CA_302388,75,2024-12-19,0.554,1.225,0.473
CA_302388,75,2024-12-20,0.493,1.012,0.517
CA_302388,75,2024-12-21,0.455,0.828,0.561
CA_302388,75,2024-12-22,0.52,0.846,0.605
CA_302388,75,2024-12-23,0.578,0.866,0.649
CA_302388,75,2024-12-24,0.659,0.937,0.693
CA_302388,75,2024-12-25,0.858,1.153,0.737
CA_302388,75,2024-12-26,0.927,1.186,0.781
CA_302388,75,2024-12-27,1.036,1.243,0.825
CA_302388,75,2024-12-28,0.981,1.136,0.87
CA_302388,75,2024-12-29,0.984,1.098,0.914
CA_302388,75,2024-12-30,0.91,0.984,0.936
CA_302388,75,2024-12-31,0.901,0.954,0.958
CA_302578,75,2024-01-01,0.432,0.748,0.578
CA_302578,75,2024-01-02,0.462,0.748,0.618
CA_302578,75,2024-01-03,0.712,1.08,0.659
CA_302578,75,2024-01-04,1.163,1.661,0.7
CA_302578,75,2024-01-05,0.8,1.08,0.741
CA_302578,75,2024-01-06,0.779,0.997,0.782
CA_302578,75,2024-01-07,0.82,0.997,0.823
CA_302578,75,2024-01-08,0.789,0.914,0.864
CA_302578,75,2024-01-09,0.977,1.08,0.904
CA_302578,75,2024-01-10,1.021,1.08,0.945
CA_302578,75,2024-01-11,1.147,1.163,0.986
CA_302578,75,2024-01-12,0.976,0.997,0.979
CA_302578,75,2024-01-13,0.727,0.748,0.972
CA_302578,75,2024-01-14,1.123,1.163,0.965
CA_302578,75,2024-01-15,0.796,0.831,0.958
CA_302578,75,2024-01-16,0.711,0.748,0.951
CA_302578,75,2024-01-17,0.941,0.997,0.944
CA_302578,75,2024-01-18,0.934,0.997,0.937
CA_302578,75,2024-01-19,1.391,1.495,0.931
CA_302578,75,2024-01-20,1.151,1.246,0.924
CA_302578,75,2024-01-21,1.066,1.163,0.917
CA_302578,75,2024-01-22,0.831,0.914,0.91
CA_302578,75,2024-01-23,1.125,1.246,0.903
CA_302578,75,2024-01-24,0.67,0.748,0.896
CA_302578,75,2024-01-25,1.034,1.163,0.889
CA_302578,75,2024-01-26,1.025,1.163,0.882
CA_302578,75,2024-01-27,0.945,1.08,0.875
CA_302578,75,2024-01-28,1.181,1.329,0.889
CA_302578,75,2024-01-29,1.199,1.329,0.902
CA_302578,75,2024-01-30,1.598,1.744,0.916
CA_302578,75,2024-01-31,2.471,2.658,0.93
CA_302578,75,2024-02-01,1.091,1.157,0.943
CA_302578,75,2024-02-02,1.107,1.157,0.957
CA_302578,75,2024-02-03,1.123,1.157,0.971
CA_302578,75,2024-02-04,2.103,2.136,0.984
CA_302578,75,2024-02-05,1.688,1.691,0.998
CA_302578,75,2024-02-06,1.081,1.068,1.012
CA_302578,75,2024-02-07,1.095,1.068,1.026
CA_302578,75,2024-02-08,0.925,0.89,1.039
CA_302578,75,2024-02-09,1.406,1.335,1.053
CA_302578,75,2024-02-10,1.234,1.157,1.067
CA_302578,75,2024-02-11,1.635,1.513,1.08
CA_302578,75,2024-02-12,1.753,1.602,1.094
CA_302578,75,2024-02-13,1.416,1.335,1.061
CA_302578,75,2024-02-14,1.463,1.424,1.028
CA_302578,75,2024-02-15,1.416,1.424,0.994
CA_302578,75,2024-02-16,1.454,1.513,0.961
CA_302578,75,2024-02-17,1.404,1.513,0.928
CA_302578,75,2024-02-18,1.831,2.047,0.895
CA_302578,75,2024-02-19,1.686,1.958,0.861
CA_302578,75,2024-02-20,1.621,1.958,0.828
CA_302578,75,2024-02-21,1.363,1.602,0.851
CA_302578,75,2024-02-22,1.555,1.78,0.874
CA_302578,75,2024-02-23,1.436,1.602,0.896
CA_302578,75,2024-02-24,1.391,1.513,0.919
CA_302578,75,2024-02-25,1.676,1.78,0.942
CA_302578,75,2024-02-26,1.717,1.78,0.965
CA_302578,75,2024-02-27,2.021,2.047,0.987
CA_302578,75,2024-02-28,2.247,2.225,1.01
CA_302578,75,2024-02-29,2.192,2.136,1.026
CA_302578,75,2024-03-01,1.724,1.653,1.043
CA_302578,75,2024-03-02,1.459,1.378,1.059
CA_302578,75,2024-03-03,1.778,1.653,1.076
CA_302578,75,2024-03-04,1.805,1.653,1.092
CA_302578,75,2024-03-05,2.239,2.02,1.108
CA_302578,75,2024-03-06,2.169,1.929,1.125
CA_302578,75,2024-03-07,2.515,2.204,1.141
CA_302578,75,2024-03-08,2.87,2.48,1.157
CA_302578,75,2024-03-09,2.803,2.388,1.174
CA_302578,75,2024-03-10,2.842,2.388,1.19
CA_302578,75,2024-03-11,2.992,2.48,1.207
CA_302578,75,2024-03-12,2.134,1.745,1.223
CA_302578,75,2024-03-13,2.959,2.388,1.239
CA_302578,75,2024-03-14,4.151,3.306,1.256
CA_302578,75,2024-03-15,3.855,3.031,1.272
CA_302578,75,2024-03-16,4.378,3.398,1.288
CA_302578,75,2024-03-17,4.553,3.49,1.305
CA_302578,75,2024-03-18,4.368,3.306,1.321
CA_302578,75,2024-03-19,4.667,3.49,1.337
CA_302578,75,2024-03-20,5.346,3.949,1.354
CA_302578,75,2024-03-21,4.656,3.398,1.37
CA_302578,75,2024-03-22,4.457,3.214,1.387
CA_302578,75,2024-03-23,2.963,2.112,1.4
CA_302578,75,2024-03-24,3.015,2.204,1.368
CA_302578,75,2024-03-25,3.672,2.755,1.333
CA_302578,75,2024-03-26,4.052,3.122,1.298
CA_302578,75,2024-03-27,3.478,2.755,1.262
CA_302578,75,2024-03-28,2.818,2.296,1.227
CA_302578,75,2024-03-29,2.847,2.388,1.192
CA_302578,75,2024-03-30,2.763,2.388,1.157
CA_302578,75,2024-03-31,2.885,2.571,1.122
CA_302578,75,2024-04-01,4.014,3.625,1.107
CA_302578,75,2024-04-02,3.96,3.625,1.093
CA_302578,75,2024-04-03,4.216,3.911,1.078
CA_302578,75,2024-04-04,1.521,1.431,1.063
CA_302578,75,2024-04-05,2.3,2.194,1.048
CA_302578,75,2024-04-06,3.156,3.053,1.034
CA_302578,75,2024-04-07,3.694,3.625,1.019
CA_302578,75,2024-04-08,3.641,3.625,1.004
CA_302578,75,2024-04-09,3.873,3.72,1.041
CA_302578,75,2024-04-10,4.421,4.102,1.078
CA_302578,75,2024-04-11,4.678,4.197,1.115
CA_302578,75,2024-04-12,6.479,5.628,1.151
CA_302578,75,2024-04-13,2.606,2.194,1.188
CA_302578,75,2024-04-14,2.804,2.289,1.225
CA_302578,75,2024-04-15,3.61,2.862,1.261
CA_302578,75,2024-04-16,5.077,3.911,1.298
CA_302578,75,2024-04-17,5.418,4.293,1.262
CA_302578,75,2024-04-18,5.03,4.102,1.226
CA_302578,75,2024-04-19,5.79,4.865,1.19
CA_302578,75,2024-04-20,6.056,5.247,1.154
CA_302578,75,2024-04-21,5.44,4.865,1.118
CA_302578,75,2024-04-22,5.368,4.96,1.082
CA_302578,75,2024-04-23,4.591,4.388,1.046
CA_302578,75,2024-04-24,3.855,3.816,1.01
CA_302578,75,2024-04-25,4.182,4.293,0.974
CA_302578,75,2024-04-26,3.311,3.53,0.938
CA_302578,75,2024-04-27,3.615,4.006,0.902
CA_302578,75,2024-04-28,4.71,5.437,0.866
CA_302578,75,2024-04-29,4.593,5.533,0.83
CA_302578,75,2024-04-30,4.243,5.342,0.794
CA_302578,75,2024-05-01,4.226,5.573,0.758
CA_302578,75,2024-05-02,4.162,5.762,0.722
CA_302578,75,2024-05-03,3.942,5.479,0.72
CA_302578,75,2024-05-04,1.761,2.456,0.717
CA_302578,75,2024-05-05,2.833,3.967,0.714
CA_302578,75,2024-05-06,3.226,4.534,0.712
CA_302578,75,2024-05-07,3.616,5.101,0.709
CA_302578,75,2024-05-08,3.802,5.384,0.706
CA_302578,75,2024-05-09,3.854,5.479,0.703
CA_302578,75,2024-05-10,4.369,6.234,0.701
CA_302578,75,2024-05-11,4.39,6.234,0.704
CA_302578,75,2024-05-12,4.745,6.706,0.708
CA_302578,75,2024-05-13,4.701,6.612,0.711
CA_302578,75,2024-05-14,4.588,6.423,0.714
CA_302578,75,2024-05-15,4.745,6.612,0.718
CA_302578,75,2024-05-16,4.768,6.612,0.721
CA_302578,75,2024-05-17,4.448,6.14,0.724
CA_302578,75,2024-05-18,4.331,5.951,0.728
CA_302578,75,2024-05-19,3.958,5.479,0.722
CA_302578,75,2024-05-20,4.267,5.951,0.717
CA_302578,75,2024-05-21,4.369,6.14,0.712
CA_302578,75,2024-05-22,4.402,6.234,0.706
CA_302578,75,2024-05-23,4.104,5.856,0.701
CA_302578,75,2024-05-24,3.81,5.479,0.695
CA_302578,75,2024-05-25,3.65,5.29,0.69
CA_302578,75,2024-05-26,3.75,5.479,0.685
CA_302578,75,2024-05-27,4.084,5.951,0.686
CA_302578,75,2024-05-28,4.485,6.518,0.688
CA_302578,75,2024-05-29,4.757,6.895,0.69
CA_302578,75,2024-05-30,4.704,6.801,0.692
CA_302578,75,2024-05-31,4.651,6.706,0.693
CA_302578,75,2024-06-01,4.771,6.862,0.695
CA_302578,75,2024-06-02,4.442,6.372,0.697
CA_302578,75,2024-06-03,4.316,6.176,0.699
CA_302578,75,2024-06-04,4.602,6.568,0.701
CA_302578,75,2024-06-05,5.027,7.156,0.702
CA_302578,75,2024-06-06,5.177,7.352,0.704
CA_302578,75,2024-06-07,4.845,6.862,0.706
CA_302578,75,2024-06-08,4.44,6.274,0.708
CA_302578,75,2024-06-09,4.591,6.47,0.71
CA_302578,75,2024-06-10,4.672,6.568,0.711
CA_302578,75,2024-06-11,4.621,7.401,0.624
CA_302578,75,2024-06-12,4.576,7.313,0.626
CA_302578,75,2024-06-13,4.534,7.215,0.629
CA_302578,75,2024-06-14,4.47,7.078,0.632
CA_302578,75,2024-06-15,4.229,6.666,0.635
CA_302578,75,2024-06-16,4.227,6.627,0.638
CA_302578,75,2024-06-17,4.325,6.744,0.641
CA_302578,75,2024-06-18,4.442,6.901,0.643
CA_302578,75,2024-06-19,4.604,7.137,0.645
CA_302578,75,2024-06-20,5.024,7.784,0.645
CA_302578,75,2024-06-21,5.287,8.195,0.645
CA_302578,75,2024-06-22,5.254,8.156,0.644
CA_302578,75,2024-06-23,5.133,7.98,0.643
CA_302578,75,2024-06-24,5.086,7.921,0.642
CA_302578,75,2024-06-25,5.002,7.803,0.641
CA_302578,75,2024-06-26,4.791,7.47,0.641
CA_302578,75,2024-06-27,4.919,7.646,0.643
CA_302578,75,2024-06-28,5.058,7.823,0.647
CA_302578,75,2024-06-29,5.199,7.981,0.651
CA_302578,75,2024-06-30,5.249,7.98,0.658
CA_302578,75,2024-07-01,5.24,7.899,0.664
CA_302578,75,2024-07-02,5.17,7.721,0.67
CA_302578,75,2024-07-03,5.067,7.502,0.676
CA_302578,75,2024-07-04,5.226,7.641,0.683
CA_302578,75,2024-07-05,5.478,7.899,0.692
CA_302578,75,2024-07-06,6.018,8.554,0.701
CA_302578,75,2024-07-07,6.461,9.05,0.712
CA_302578,75,2024-07-08,6.879,9.506,0.724
CA_302578,75,2024-07-09,6.639,9.05,0.735
CA_302578,75,2024-07-10,6.304,8.474,0.747
CA_302578,75,2024-07-11,5.943,7.859,0.759
CA_302578,75,2024-07-12,5.81,7.561,0.769
CA_302578,75,2024-07-13,5.844,7.502,0.778
CA_302578,75,2024-07-14,6.165,7.839,0.786
CA_302578,75,2024-07-15,6.541,8.256,0.792
CA_302578,75,2024-07-16,6.689,8.395,0.797
CA_302578,75,2024-07-17,6.49,8.097,0.802
CA_302578,75,2024-07-18,6.371,7.899,0.807
CA_302578,75,2024-07-19,6.153,7.581,0.812
CA_302578,75,2024-07-20,5.973,7.363,0.811
CA_302578,75,2024-07-21,5.968,7.422,0.805
CA_302578,75,2024-07-22,6.287,7.958,0.793
CA_302578,75,2024-07-23,6.38,8.276,0.775
CA_302578,75,2024-07-24,6.495,8.673,0.751
CA_302578,75,2024-07-25,6.534,8.99,0.727
CA_302578,75,2024-07-26,6.365,9.03,0.704
CA_302578,75,2024-07-27,5.976,8.772,0.68
CA_302578,75,2024-07-28,5.622,8.494,0.661
CA_302578,75,2024-07-29,5.238,8.097,0.645
CA_302578,75,2024-07-30,5.014,7.897,0.635
CA_302578,75,2024-07-31,5.005,7.97,0.628
CA_302578,75,2024-08-01,4.984,7.966,0.626
CA_302578,75,2024-08-02,5.181,8.313,0.624
CA_302578,75,2024-08-03,5.287,8.51,0.621
CA_302578,75,2024-08-04,5.329,8.607,0.619
CA_302578,75,2024-08-05,5.184,8.375,0.619
CA_302578,75,2024-08-06,5.057,8.143,0.622
CA_302578,75,2024-08-07,4.716,7.543,0.626
CA_302578,75,2024-08-08,4.721,7.466,0.633
CA_302578,75,2024-08-09,4.57,7.117,0.642
CA_302578,75,2024-08-10,4.459,6.847,0.652
CA_302578,75,2024-08-11,4.406,6.673,0.661
CA_302578,75,2024-08-12,4.414,6.595,0.67
CA_302578,75,2024-08-13,4.294,6.324,0.679
CA_302578,75,2024-08-14,4.315,6.266,0.689
CA_302578,75,2024-08-15,4.58,6.556,0.698
CA_302578,75,2024-08-16,4.958,7.001,0.707
CA_302578,75,2024-08-17,5.142,7.175,0.716
CA_302578,75,2024-08-18,5.212,7.195,0.725
CA_302578,75,2024-08-19,5.168,7.059,0.734
CA_302578,75,2024-08-20,4.885,6.595,0.743
CA_302578,75,2024-08-21,4.493,6.015,0.748
CA_302578,75,2024-08-22,4.245,5.667,0.75
CA_302578,75,2024-08-23,4.075,5.454,0.747
CA_302578,75,2024-08-24,4.067,5.493,0.741
CA_302578,75,2024-08-25,3.986,5.454,0.731
CA_302578,75,2024-08-26,3.849,5.338,0.721
CA_302578,75,2024-08-27,3.743,5.261,0.711
CA_302578,75,2024-08-28,3.677,5.241,0.701
CA_302578,75,2024-08-29,3.637,5.261,0.692
CA_302578,75,2024-08-30,3.734,5.467,0.684
CA_302578,75,2024-08-31,3.863,5.712,0.677
CA_302578,75,2024-09-01,4.009,5.976,0.671
CA_302578,75,2024-09-02,4.071,6.107,0.666
CA_302578,75,2024-09-03,4.087,6.177,0.662
CA_302578,75,2024-09-04,4.143,6.31,0.657
CA_302578,75,2024-09-05,4.198,6.442,0.652
CA_302578,75,2024-09-06,4.185,6.442,0.65
CA_302578,75,2024-09-07,4.238,6.518,0.65
CA_302578,75,2024-09-08,4.233,6.48,0.653
CA_302578,75,2024-09-09,4.273,6.48,0.659
CA_302578,75,2024-09-10,4.253,6.367,0.668
CA_302578,75,2024-09-11,4.031,5.969,0.676
CA_302578,75,2024-09-12,3.71,5.438,0.685
CA_302578,75,2024-09-13,3.575,5.173,0.693
CA_302578,75,2024-09-14,3.246,4.642,0.7
CA_302578,75,2024-09-15,2.997,4.244,0.706
CA_302578,75,2024-09-16,3.11,4.377,0.71
CA_302578,75,2024-09-17,3.404,4.775,0.713
CA_302578,75,2024-09-18,3.342,4.68,0.714
CA_302578,75,2024-09-19,3.388,4.737,0.715
CA_302578,75,2024-09-20,3.393,4.737,0.716
CA_302578,75,2024-09-21,3.399,4.737,0.718
CA_302578,75,2024-09-22,3.318,4.605,0.72
CA_302578,75,2024-09-23,3.434,4.737,0.725
CA_302578,75,2024-09-24,3.63,4.965,0.73
CA_302578,75,2024-09-25,3.775,5.116,0.738
CA_302578,75,2024-09-26,3.774,5.059,0.746
CA_302578,75,2024-09-27,3.67,4.87,0.755
CA_302578,75,2024-09-28,3.492,4.585,0.764
CA_302578,75,2024-09-29,3.256,4.223,0.772
CA_302578,75,2024-09-30,3.107,3.994,0.779
CA_302578,75,2024-10-01,2.78,3.552,0.783
CA_302578,75,2024-10-02,2.575,3.28,0.785
CA_302578,75,2024-10-03,2.517,3.208,0.784
CA_302578,75,2024-10-04,2.563,3.28,0.782
CA_302578,75,2024-10-05,2.58,3.316,0.779
CA_302578,75,2024-10-06,2.643,3.406,0.776
CA_302578,75,2024-10-07,2.789,3.604,0.774
CA_302578,75,2024-10-08,2.7,3.496,0.772
CA_302578,75,2024-10-09,2.432,3.154,0.771
CA_302578,75,2024-10-10,2.349,3.045,0.771
CA_302578,75,2024-10-11,2.491,3.226,0.772
CA_302578,75,2024-10-12,2.484,3.208,0.774
CA_302578,75,2024-10-13,2.489,3.208,0.776
CA_302578,75,2024-10-14,2.579,3.316,0.778
CA_302578,75,2024-10-15,2.472,3.172,0.78
CA_302578,75,2024-10-16,2.351,3.01,0.781
CA_302578,75,2024-10-17,2.27,2.901,0.782
CA_302578,75,2024-10-18,2.3,2.938,0.783
CA_302578,75,2024-10-19,2.456,3.136,0.783
CA_302578,75,2024-10-20,2.61,3.334,0.783
CA_302578,75,2024-10-21,2.666,3.406,0.783
CA_302578,75,2024-10-22,2.652,3.388,0.783
CA_302578,75,2024-10-23,2.708,3.46,0.783
CA_302578,75,2024-10-24,2.423,3.1,0.782
CA_302578,75,2024-10-25,2.166,2.775,0.78
CA_302578,75,2024-10-26,2.088,2.685,0.777
CA_302578,75,2024-10-27,2.051,2.649,0.774
CA_302578,75,2024-10-28,1.997,2.595,0.77
CA_302578,75,2024-10-29,1.974,2.577,0.766
CA_302578,75,2024-10-30,1.936,2.539,0.762
CA_302578,75,2024-10-31,1.891,2.494,0.758
CA_302578,75,2024-11-01,1.901,2.538,0.75
CA_302578,75,2024-11-02,1.841,2.508,0.737
CA_302578,75,2024-11-03,1.964,2.744,0.72
CA_302578,75,2024-11-04,2.045,2.933,0.699
CA_302578,75,2024-11-05,2.031,3.019,0.674
CA_302578,75,2024-11-06,1.887,2.899,0.648
CA_302578,75,2024-11-07,1.666,2.641,0.623
CA_302578,75,2024-11-08,1.422,2.35,0.598
CA_302578,75,2024-11-09,1.266,2.144,0.586
CA_302578,75,2024-11-10,1.066,1.818,0.588
CA_302578,75,2024-11-11,1.032,1.715,0.604
CA_302578,75,2024-11-12,1.055,1.681,0.633
CA_302578,75,2024-11-13,1.058,1.578,0.676
CA_302578,75,2024-11-14,1.029,1.441,0.719
CA_302578,75,2024-11-15,1.019,1.355,0.762
CA_302578,75,2024-11-16,1.001,1.252,0.806
CA_302578,75,2024-11-17,1.055,1.252,0.843
CA_302578,75,2024-11-18,1.129,1.287,0.874
CA_302578,75,2024-11-19,1.287,1.424,0.899
CA_302578,75,2024-11-20,1.339,1.458,0.918
CA_302578,75,2024-11-21,1.289,1.39,0.931
CA_302578,75,2024-11-22,1.175,1.252,0.944
CA_302578,75,2024-11-23,1.094,1.149,0.957
CA_302578,75,2024-11-24,0.931,0.961,0.97
CA_302578,75,2024-11-25,0.96,0.978,0.98
CA_302578,75,2024-11-26,0.897,0.909,0.986
CA_302578,75,2024-11-27,0.968,0.978,0.99
CA_302578,75,2024-11-28,0.934,0.943,0.99
CA_302578,75,2024-11-29,0.88,0.891,0.987
CA_302578,75,2024-11-30,0.808,0.822,0.984
CA_302578,75,2024-12-01,0.939,0.958,0.981
CA_302578,75,2024-12-02,1.017,1.042,0.978
CA_302578,75,2024-12-03,0.997,1.024,0.975
CA_302578,75,2024-12-04,0.962,0.99,0.972
CA_302578,75,2024-12-05,0.927,0.956,0.969
CA_302578,75,2024-12-06,0.874,0.905,0.966
CA_302578,75,2024-12-07,0.788,0.819,0.963
CA_302578,75,2024-12-08,0.802,0.836,0.96
CA_302578,75,2024-12-09,0.881,0.922,0.957
CA_302578,75,2024-12-10,0.911,0.956,0.954
CA_302578,75,2024-12-11,1.003,1.058,0.949
CA_302578,75,2024-12-12,1.06,1.126,0.943
CA_302578,75,2024-12-13,1.163,1.246,0.936
CA_302578,75,2024-12-14,1.324,1.433,0.927
CA_302578,75,2024-12-15,1.284,1.399,0.916
CA_302578,75,2024-12-16,1.194,1.314,0.906
CA_302578,75,2024-12-17,1.089,1.212,0.896
CA_302578,75,2024-12-18,1.0,1.126,0.885
CA_302578,75,2024-12-19,0.82,0.939,0.875
CA_302578,75,2024-12-20,0.855,0.99,0.864
CA_302578,75,2024-12-21,0.845,0.99,0.854
CA_302578,75,2024-12-22,0.835,0.99,0.843
CA_302578,75,2024-12-23,0.797,0.956,0.833
CA_302578,75,2024-12-24,0.814,0.99,0.823
CA_302578,75,2024-12-25,0.817,1.007,0.812
CA_302578,75,2024-12-26,0.833,1.041,0.802
CA_302578,75,2024-12-27,0.826,1.041,0.794
CA_302578,75,2024-12-28,0.836,1.058,0.79
CA_302578,75,2024-12-29,0.794,1.007,0.789
CA_302578,75,2024-12-30,0.774,0.982,0.789
CA_302578,75,2024-12-31,0.72,0.91,0.791
CA_302669,72,2024-01-01,0.802,0.987,0.813
CA_302669,72,2024-01-02,0.399,0.494,0.808
CA_302669,72,2024-01-03,0.872,1.086,0.803
CA_302669,72,2024-01-04,1.451,1.975,0.735
CA_302669,72,2024-01-05,0.856,1.284,0.667
CA_302669,72,2024-01-06,0.591,0.987,0.599
CA_302669,72,2024-01-07,0.786,1.481,0.531
CA_302669,72,2024-01-08,0.503,1.086,0.463
CA_302669,72,2024-01-09,0.468,1.185,0.395
CA_302669,72,2024-01-10,0.484,1.481,0.327
CA_302669,72,2024-01-11,0.684,1.382,0.495
CA_302669,72,2024-01-12,0.433,0.889,0.487
CA_302669,72,2024-01-13,0.473,0.987,0.479
CA_302669,72,2024-01-14,0.651,1.382,0.471
CA_302669,72,2024-01-15,0.412,0.889,0.463
CA_302669,72,2024-01-16,0.45,0.987,0.456
CA_302669,72,2024-01-17,0.486,1.086,0.448
CA_302669,72,2024-01-18,0.478,1.086,0.44
CA_302669,72,2024-01-19,0.555,1.284,0.432
CA_302669,72,2024-01-20,0.628,1.481,0.424
CA_302669,72,2024-01-21,0.535,1.284,0.416
CA_302669,72,2024-01-22,0.444,1.086,0.409
CA_302669,72,2024-01-23,0.554,1.382,0.401
CA_302669,72,2024-01-24,0.31,0.79,0.393
CA_302669,72,2024-01-25,0.533,1.382,0.385
CA_302669,72,2024-01-26,0.447,1.185,0.377
CA_302669,72,2024-01-27,0.398,0.987,0.403
CA_302669,72,2024-01-28,0.549,1.284,0.428
CA_302669,72,2024-01-29,0.715,1.58,0.453
CA_302669,72,2024-01-30,0.944,1.975,0.478
CA_302669,72,2024-01-31,1.391,2.765,0.503
CA_302669,72,2024-02-01,0.711,1.347,0.528
CA_302669,72,2024-02-02,0.745,1.347,0.553
CA_302669,72,2024-02-03,0.835,1.443,0.578
CA_302669,72,2024-02-04,1.103,1.828,0.604
CA_302669,72,2024-02-05,1.149,1.828,0.629
CA_302669,72,2024-02-06,0.818,1.25,0.654
CA_302669,72,2024-02-07,0.914,1.347,0.679
CA_302669,72,2024-02-08,0.745,1.058,0.704
CA_302669,72,2024-02-09,1.192,1.635,0.729
CA_302669,72,2024-02-10,1.016,1.347,0.754
CA_302669,72,2024-02-11,1.2,1.539,0.779
CA_302669,72,2024-02-12,1.204,1.635,0.736
CA_302669,72,2024-02-13,1.159,1.635,0.709
CA_302669,72,2024-02-14,1.115,1.635,0.682
CA_302669,72,2024-02-15,1.008,1.539,0.655
CA_302669,72,2024-02-16,1.027,1.635,0.628
CA_302669,72,2024-02-17,0.867,1.443,0.601
CA_302669,72,2024-02-18,1.159,2.02,0.574
CA_302669,72,2024-02-19,1.42,2.597,0.547
CA_302669,72,2024-02-20,2.282,1.924,1.186
CA_302669,72,2024-02-21,1.962,1.828,1.073
CA_302669,72,2024-02-22,2.125,2.212,0.961
CA_302669,72,2024-02-23,1.631,1.924,0.848
CA_302669,72,2024-02-24,1.202,1.635,0.735
CA_302669,72,2024-02-25,1.077,1.731,0.622
CA_302669,72,2024-02-26,0.979,1.924,0.509
CA_302669,72,2024-02-27,0.877,2.212,0.396
CA_302669,72,2024-02-28,1.386,2.405,0.576
CA_302669,72,2024-02-29,1.193,2.116,0.564
CA_302669,72,2024-03-01,1.061,1.924,0.551
CA_302669,72,2024-03-02,0.985,1.828,0.539
CA_302669,72,2024-03-03,0.861,1.636,0.526
CA_302669,72,2024-03-04,0.939,1.828,0.514
CA_302669,72,2024-03-05,1.013,2.021,0.501
CA_302669,72,2024-03-06,1.034,2.117,0.489
CA_302669,72,2024-03-07,1.099,2.309,0.476
CA_302669,72,2024-03-08,1.07,2.309,0.464
CA_302669,72,2024-03-09,1.128,2.502,0.451
CA_302669,72,2024-03-10,1.224,2.79,0.439
CA_302669,72,2024-03-11,1.148,2.694,0.426
CA_302669,72,2024-03-12,0.796,1.924,0.413
CA_302669,72,2024-03-13,1.157,2.886,0.401
CA_302669,72,2024-03-14,1.57,4.041,0.388
CA_302669,72,2024-03-15,1.468,3.464,0.424
CA_302669,72,2024-03-16,1.447,3.56,0.406
CA_302669,72,2024-03-17,1.46,3.752,0.389
CA_302669,72,2024-03-18,1.251,3.368,0.372
CA_302669,72,2024-03-19,1.329,3.752,0.354
CA_302669,72,2024-03-20,1.522,4.522,0.337
CA_302669,72,2024-03-21,1.29,4.041,0.319
CA_302669,72,2024-03-22,1.161,3.849,0.302
CA_302669,72,2024-03-23,2.048,2.405,0.851
CA_302669,72,2024-03-24,2.559,2.983,0.858
CA_302669,72,2024-03-25,2.746,3.175,0.865
CA_302669,72,2024-03-26,3.186,3.656,0.871
CA_302669,72,2024-03-27,2.619,2.983,0.878
CA_302669,72,2024-03-28,2.639,2.983,0.885
CA_302669,72,2024-03-29,2.402,2.694,0.892
CA_302669,72,2024-03-30,2.679,2.983,0.898
CA_302669,72,2024-03-31,1.492,2.886,0.517
CA_302669,72,2024-04-01,1.954,3.903,0.501
CA_302669,72,2024-04-02,1.844,3.808,0.484
CA_302669,72,2024-04-03,2.182,4.664,0.468
CA_302669,72,2024-04-04,0.816,1.809,0.451
CA_302669,72,2024-04-05,0.911,2.094,0.435
CA_302669,72,2024-04-06,1.395,3.332,0.419
CA_302669,72,2024-04-07,1.608,3.998,0.402
CA_302669,72,2024-04-08,2.2,4.284,0.514
CA_302669,72,2024-04-09,2.239,3.998,0.56
CA_302669,72,2024-04-10,2.828,4.664,0.606
CA_302669,72,2024-04-11,2.92,4.474,0.653
CA_302669,72,2024-04-12,4.125,5.902,0.699
CA_302669,72,2024-04-13,1.277,1.713,0.745
CA_302669,72,2024-04-14,1.808,2.285,0.792
CA_302669,72,2024-04-15,2.393,2.856,0.838
CA_302669,72,2024-04-16,3.25,3.998,0.813
CA_302669,72,2024-04-17,3.524,4.474,0.788
CA_302669,72,2024-04-18,3.412,4.474,0.763
CA_302669,72,2024-04-19,4.002,5.426,0.738
CA_302669,72,2024-04-20,4.137,5.807,0.713
CA_302669,72,2024-04-21,3.861,5.616,0.687
CA_302669,72,2024-04-22,3.783,5.712,0.662
CA_302669,72,2024-04-23,3.033,4.76,0.637
CA_302669,72,2024-04-24,2.592,4.284,0.605
CA_302669,72,2024-04-25,3.055,5.331,0.573
CA_302669,72,2024-04-26,2.369,4.379,0.541
CA_302669,72,2024-04-27,2.52,4.95,0.509
CA_302669,72,2024-04-28,2.815,5.902,0.477
CA_302669,72,2024-04-29,2.837,6.378,0.445
CA_302669,72,2024-04-30,2.554,6.187,0.413
CA_302669,72,2024-05-01,2.593,6.811,0.381
CA_302669,72,2024-05-02,2.593,6.531,0.397
CA_302669,72,2024-05-03,2.5,6.251,0.4
CA_302669,72,2024-05-04,0.827,2.053,0.403
CA_302669,72,2024-05-05,1.779,4.385,0.406
CA_302669,72,2024-05-06,1.982,4.852,0.409
CA_302669,72,2024-05-07,2.303,5.598,0.411
CA_302669,72,2024-05-08,2.513,6.065,0.414
CA_302669,72,2024-05-09,2.53,6.065,0.417
CA_302669,72,2024-05-10,2.72,6.998,0.389
CA_302669,72,2024-05-11,2.707,6.904,0.392
CA_302669,72,2024-05-12,2.989,7.558,0.395
CA_302669,72,2024-05-13,2.977,7.464,0.399
CA_302669,72,2024-05-14,3.039,7.558,0.402
CA_302669,72,2024-05-15,3.178,7.838,0.405
CA_302669,72,2024-05-16,2.975,7.278,0.409
CA_302669,72,2024-05-17,2.769,6.718,0.412
CA_302669,72,2024-05-18,2.983,6.438,0.463
CA_302669,72,2024-05-19,2.825,6.158,0.459
CA_302669,72,2024-05-20,3.137,6.904,0.454
CA_302669,72,2024-05-21,3.231,7.184,0.45
CA_302669,72,2024-05-22,3.365,7.558,0.445
CA_302669,72,2024-05-23,3.043,6.904,0.441
CA_302669,72,2024-05-24,2.849,6.531,0.436
CA_302669,72,2024-05-25,2.537,5.878,0.432
CA_302669,72,2024-05-26,2.479,6.251,0.397
CA_302669,72,2024-05-27,2.779,6.811,0.408
CA_302669,72,2024-05-28,3.132,7.464,0.42
CA_302669,72,2024-05-29,3.419,7.931,0.431
CA_302669,72,2024-05-30,3.511,7.931,0.443
CA_302669,72,2024-05-31,3.603,7.931,0.454
CA_302669,72,2024-06-01,3.579,7.684,0.466
CA_302669,72,2024-06-02,3.45,7.227,0.477
CA_302669,72,2024-06-03,3.075,6.403,0.48
CA_302669,72,2024-06-04,3.536,7.318,0.483
CA_302669,72,2024-06-05,3.914,8.05,0.486
CA_302669,72,2024-06-06,4.161,8.507,0.489
CA_302669,72,2024-06-07,3.826,7.775,0.492
CA_302669,72,2024-06-08,3.26,6.586,0.495
CA_302669,72,2024-06-09,3.598,7.227,0.498
CA_302669,72,2024-06-10,3.711,7.409,0.501
CA_302669,72,2024-06-11,1.628,5.534,0.294
CA_302669,72,2024-06-12,1.723,5.818,0.296
CA_302669,72,2024-06-13,1.83,6.111,0.299
CA_302669,72,2024-06-14,1.938,6.403,0.302
CA_302669,72,2024-06-15,2.085,6.934,0.301
CA_302669,72,2024-06-16,2.209,7.044,0.314
CA_302669,72,2024-06-17,2.375,6.97,0.343
CA_302669,72,2024-06-18,2.658,6.934,0.387
CA_302669,72,2024-06-19,3.08,6.952,0.445
CA_302669,72,2024-06-20,3.596,6.842,0.523
CA_302669,72,2024-06-21,4.019,6.714,0.6
CA_302669,72,2024-06-22,4.272,6.403,0.678
CA_302669,72,2024-06-23,4.066,6.458,0.645
CA_302669,72,2024-06-24,3.713,6.44,0.596
CA_302669,72,2024-06-25,3.237,6.367,0.533
CA_302669,72,2024-06-26,2.879,6.696,0.454
CA_302669,72,2024-06-27,2.611,7.263,0.359
CA_302669,72,2024-06-28,2.703,7.483,0.361
CA_302669,72,2024-06-29,2.854,7.863,0.363
CA_302669,72,2024-06-30,2.965,8.135,0.364
CA_302669,72,2024-07-01,3.101,8.223,0.377
CA_302669,72,2024-07-02,3.21,8.274,0.388
CA_302669,72,2024-07-03,3.348,8.417,0.398
CA_302669,72,2024-07-04,3.331,8.198,0.406
CA_302669,72,2024-07-05,3.354,8.125,0.413
CA_302669,72,2024-07-06,3.269,8.034,0.407
CA_302669,72,2024-07-07,3.157,7.87,0.401
CA_302669,72,2024-07-08,2.992,7.578,0.395
CA_302669,72,2024-07-09,2.872,7.523,0.382
CA_302669,72,2024-07-10,2.818,7.596,0.372
CA_302669,72,2024-07-11,2.838,7.815,0.364
CA_302669,72,2024-07-12,2.928,8.162,0.359
CA_302669,72,2024-07-13,3.012,8.436,0.356
CA_302669,72,2024-07-14,3.093,8.509,0.364
CA_302669,72,2024-07-15,3.109,8.399,0.371
CA_302669,72,2024-07-16,3.078,8.162,0.378
CA_302669,72,2024-07-17,3.192,8.016,0.398
CA_302669,72,2024-07-18,3.334,8.016,0.414
CA_302669,72,2024-07-19,3.528,8.235,0.427
CA_302669,72,2024-07-20,3.74,8.582,0.435
CA_302669,72,2024-07-21,3.759,8.545,0.44
CA_302669,72,2024-07-22,3.688,8.618,0.427
CA_302669,72,2024-07-23,3.575,8.6,0.415
CA_302669,72,2024-07-24,3.437,8.527,0.403
CA_302669,72,2024-07-25,3.175,8.381,0.38
CA_302669,72,2024-07-26,3.114,8.691,0.358
CA_302669,72,2024-07-27,2.972,8.764,0.339
CA_302669,72,2024-07-28,2.85,8.837,0.323
CA_302669,72,2024-07-29,2.719,8.819,0.308
CA_302669,72,2024-07-30,2.67,8.68,0.308
CA_302669,72,2024-07-31,2.52,8.214,0.307
CA_302669,72,2024-08-01,2.387,7.802,0.306
CA_302669,72,2024-08-02,2.265,7.444,0.304
CA_302669,72,2024-08-03,2.278,7.377,0.308
CA_302669,72,2024-08-04,2.426,7.576,0.318
CA_302669,72,2024-08-05,2.677,7.957,0.334
CA_302669,72,2024-08-06,2.82,7.939,0.355
CA_302669,72,2024-08-07,2.945,7.758,0.384
CA_302669,72,2024-08-08,2.983,7.341,0.412
CA_302669,72,2024-08-09,2.97,6.815,0.44
CA_302669,72,2024-08-10,2.732,6.543,0.422
CA_302669,72,2024-08-11,2.581,6.561,0.399
CA_302669,72,2024-08-12,2.484,6.797,0.372
CA_302669,72,2024-08-13,2.323,6.887,0.342
CA_302669,72,2024-08-14,2.126,6.942,0.307
CA_302669,72,2024-08-15,2.171,6.906,0.315
CA_302669,72,2024-08-16,2.068,6.434,0.323
CA_302669,72,2024-08-17,2.009,6.09,0.331
CA_302669,72,2024-08-18,1.872,5.582,0.336
CA_302669,72,2024-08-19,1.748,5.166,0.339
CA_302669,72,2024-08-20,1.658,4.894,0.339
CA_302669,72,2024-08-21,1.734,5.166,0.336
CA_302669,72,2024-08-22,1.731,5.256,0.33
CA_302669,72,2024-08-23,1.873,5.782,0.325
CA_302669,72,2024-08-24,2.034,6.38,0.319
CA_302669,72,2024-08-25,2.129,6.797,0.314
CA_302669,72,2024-08-26,2.188,7.141,0.307
CA_302669,72,2024-08-27,2.347,7.703,0.305
CA_302669,72,2024-08-28,2.423,7.884,0.307
CA_302669,72,2024-08-29,2.45,7.812,0.314
CA_302669,72,2024-08-30,2.425,7.489,0.326
CA_302669,72,2024-08-31,2.309,6.82,0.344
CA_302669,72,2024-09-01,2.083,5.844,0.362
CA_302669,72,2024-09-02,2.01,5.339,0.38
CA_302669,72,2024-09-03,1.948,5.106,0.383
CA_302669,72,2024-09-04,1.899,4.979,0.383
CA_302669,72,2024-09-05,1.947,5.161,0.379
CA_302669,72,2024-09-06,2.0,5.397,0.371
CA_302669,72,2024-09-07,2.01,5.579,0.36
CA_302669,72,2024-09-08,1.999,5.543,0.361
CA_302669,72,2024-09-09,2.106,5.833,0.361
CA_302669,72,2024-09-10,2.194,6.069,0.361
CA_302669,72,2024-09-11,2.158,6.178,0.349
CA_302669,72,2024-09-12,2.071,6.106,0.338
CA_302669,72,2024-09-13,2.045,6.178,0.329
CA_302669,72,2024-09-14,1.862,5.761,0.322
CA_302669,72,2024-09-15,1.69,5.343,0.318
CA_302669,72,2024-09-16,1.638,5.015,0.328
CA_302669,72,2024-09-17,1.612,4.779,0.339
CA_302669,72,2024-09-18,1.581,4.525,0.349
CA_302669,72,2024-09-19,1.524,4.343,0.35
CA_302669,72,2024-09-20,1.527,4.379,0.348
CA_302669,72,2024-09-21,1.56,4.543,0.343
CA_302669,72,2024-09-22,1.557,4.634,0.336
CA_302669,72,2024-09-23,1.503,4.616,0.326
CA_302669,72,2024-09-24,1.55,4.797,0.323
CA_302669,72,2024-09-25,1.571,4.906,0.32
CA_302669,72,2024-09-26,1.551,4.888,0.317
CA_302669,72,2024-09-27,1.511,4.943,0.306
CA_302669,72,2024-09-28,1.361,4.561,0.296
CA_302669,72,2024-09-29,1.175,4.039,0.287
CA_302669,72,2024-09-30,1.019,3.628,0.278
CA_302669,72,2024-10-01,0.928,3.437,0.27
CA_302669,72,2024-10-02,0.851,3.136,0.271
CA_302669,72,2024-10-03,0.987,3.62,0.272
CA_302669,72,2024-10-04,1.151,4.208,0.273
CA_302669,72,2024-10-05,1.293,4.484,0.288
CA_302669,72,2024-10-06,1.396,4.613,0.303
CA_302669,72,2024-10-07,1.491,4.741,0.317
CA_302669,72,2024-10-08,1.49,4.539,0.33
CA_302669,72,2024-10-09,1.485,4.337,0.342
CA_302669,72,2024-10-10,1.4,4.117,0.34
CA_302669,72,2024-10-11,1.315,3.896,0.337
CA_302669,72,2024-10-12,1.298,3.878,0.335
CA_302669,72,2024-10-13,1.285,3.823,0.336
CA_302669,72,2024-10-14,1.337,3.97,0.337
CA_302669,72,2024-10-15,1.382,4.117,0.336
CA_302669,72,2024-10-16,1.363,4.08,0.334
CA_302669,72,2024-10-17,1.262,3.804,0.33
CA_302669,72,2024-10-18,1.218,3.767,0.322
CA_302669,72,2024-10-19,1.099,3.51,0.313
CA_302669,72,2024-10-20,1.011,3.326,0.304
CA_302669,72,2024-10-21,0.952,3.179,0.3
CA_302669,72,2024-10-22,0.939,3.143,0.299
CA_302669,72,2024-10-23,0.964,3.179,0.303
CA_302669,72,2024-10-24,0.925,2.977,0.31
CA_302669,72,2024-10-25,0.962,2.977,0.322
CA_302669,72,2024-10-26,1.059,3.161,0.334
CA_302669,72,2024-10-27,1.077,3.124,0.346
CA_302669,72,2024-10-28,0.982,2.757,0.358
CA_302669,72,2024-10-29,0.924,2.591,0.356
CA_302669,72,2024-10-30,0.825,2.305,0.356
CA_302669,72,2024-10-31,0.767,2.134,0.357
CA_302669,72,2024-11-01,0.815,2.24,0.36
CA_302669,72,2024-11-02,0.873,2.362,0.364
CA_302669,72,2024-11-03,1.005,2.596,0.384
CA_302669,72,2024-11-04,1.063,2.653,0.403
CA_302669,72,2024-11-05,1.098,2.615,0.422
CA_302669,72,2024-11-06,1.078,2.465,0.439
CA_302669,72,2024-11-07,1.038,2.314,0.45
CA_302669,72,2024-11-08,1.034,2.277,0.454
CA_302669,72,2024-11-09,1.054,2.333,0.452
CA_302669,72,2024-11-10,1.057,2.39,0.444
CA_302669,72,2024-11-11,0.998,2.314,0.431
CA_302669,72,2024-11-12,1.034,2.465,0.419
CA_302669,72,2024-11-13,0.956,2.352,0.406
CA_302669,72,2024-11-14,0.88,2.22,0.394
CA_302669,72,2024-11-15,0.75,1.957,0.381
CA_302669,72,2024-11-16,0.669,1.787,0.369
CA_302669,72,2024-11-17,0.58,1.618,0.356
CA_302669,72,2024-11-18,0.511,1.486,0.344
CA_302669,72,2024-11-19,0.479,1.449,0.331
CA_302669,72,2024-11-20,0.444,1.392,0.319
CA_302669,72,2024-11-21,0.51,1.674,0.306
CA_302669,72,2024-11-22,0.5,1.75,0.29
CA_302669,72,2024-11-23,0.5,1.825,0.277
CA_302669,72,2024-11-24,0.478,1.788,0.269
CA_302669,72,2024-11-25,0.477,1.806,0.264
CA_302669,72,2024-11-26,0.428,1.637,0.263
CA_302669,72,2024-11-27,0.4,1.486,0.27
CA_302669,72,2024-11-28,0.418,1.505,0.277
CA_302669,72,2024-11-29,0.482,1.692,0.283
CA_302669,72,2024-11-30,0.517,1.703,0.307
CA_302669,72,2024-12-01,0.518,1.599,0.334
CA_302669,72,2024-12-02,0.561,1.592,0.367
CA_302669,72,2024-12-03,0.559,1.432,0.405
CA_302669,72,2024-12-04,0.59,1.314,0.447
CA_302669,72,2024-12-05,0.716,1.471,0.477
CA_302669,72,2024-12-06,0.804,1.569,0.507
CA_302669,72,2024-12-07,0.822,1.53,0.537
CA_302669,72,2024-12-08,0.862,1.51,0.583
CA_302669,72,2024-12-09,0.941,1.53,0.625
CA_302669,72,2024-12-10,0.951,1.432,0.662
CA_302669,72,2024-12-11,0.931,1.334,0.695
CA_302669,72,2024-12-12,1.009,1.393,0.724
CA_302669,72,2024-12-13,1.063,1.451,0.733
CA_302669,72,2024-12-14,1.034,1.393,0.743
CA_302669,72,2024-12-15,1.004,1.334,0.752
CA_302669,72,2024-12-16,1.229,1.608,0.762
CA_302669,72,2024-12-17,1.29,1.667,0.771
CA_302669,72,2024-12-18,1.256,1.608,0.781
CA_302669,72,2024-12-19,1.142,1.451,0.79
CA_302669,72,2024-12-20,1.074,1.353,0.8
CA_302669,72,2024-12-21,0.854,1.059,0.809
CA_302669,72,2024-12-22,0.772,0.942,0.819
CA_302669,72,2024-12-23,0.782,0.942,0.828
CA_302669,72,2024-12-24,0.852,1.02,0.835
CA_302669,72,2024-12-25,0.987,1.177,0.838
CA_302669,72,2024-12-26,1.02,1.216,0.839
CA_302669,72,2024-12-27,1.115,1.334,0.837
CA_302669,72,2024-12-28,1.094,1.314,0.832
CA_302669,72,2024-12-29,1.073,1.295,0.827
CA_302669,72,2024-12-30,0.992,1.202,0.825
CA_302669,72,2024-12-31,0.997,1.21,0.823
CA_303433,72,2024-01-01,0.3,0.723,0.415
CA_303433,72,2024-01-02,0.229,0.542,0.423
CA_303433,72,2024-01-03,0.468,1.084,0.432
CA_303433,72,2024-01-04,0.672,1.445,0.465
CA_303433,72,2024-01-05,0.45,0.903,0.498
CA_303433,72,2024-01-06,0.432,0.813,0.531
CA_303433,72,2024-01-07,0.51,0.903,0.564
CA_303433,72,2024-01-08,0.485,0.813,0.597
CA_303433,72,2024-01-09,0.569,0.903,0.63
CA_303433,72,2024-01-10,0.839,1.264,0.663
CA_303433,72,2024-01-11,0.755,1.084,0.697
CA_303433,72,2024-01-12,0.579,0.813,0.713
CA_303433,72,2024-01-13,0.526,0.723,0.729
CA_303433,72,2024-01-14,0.807,1.084,0.745
CA_303433,72,2024-01-15,0.55,0.723,0.761
CA_303433,72,2024-01-16,0.561,0.723,0.777
CA_303433,72,2024-01-17,0.787,0.993,0.793
CA_303433,72,2024-01-18,0.73,0.903,0.809
CA_303433,72,2024-01-19,0.894,1.084,0.825
CA_303433,72,2024-01-20,0.987,1.174,0.841
CA_303433,72,2024-01-21,0.851,0.993,0.857
CA_303433,72,2024-01-22,0.709,0.813,0.872
CA_303433,72,2024-01-23,1.043,1.174,0.888
CA_303433,72,2024-01-24,0.572,0.632,0.904
CA_303433,72,2024-01-25,0.998,1.084,0.92
CA_303433,72,2024-01-26,1.015,1.084,0.936
CA_303433,72,2024-01-27,0.946,0.993,0.952
CA_303433,72,2024-01-28,1.113,1.174,0.948
CA_303433,72,2024-01-29,1.279,1.355,0.944
CA_303433,72,2024-01-30,1.443,1.535,0.94
CA_303433,72,2024-01-31,2.196,2.348,0.935
CA_303433,72,2024-02-01,1.124,1.207,0.931
CA_303433,72,2024-02-02,1.205,1.3,0.927
CA_303433,72,2024-02-03,1.114,1.207,0.922
CA_303433,72,2024-02-04,1.62,1.764,0.918
CA_303433,72,2024-02-05,1.443,1.578,0.914
CA_303433,72,2024-02-06,1.098,1.207,0.91
CA_303433,72,2024-02-07,1.009,1.114,0.905
CA_303433,72,2024-02-08,0.837,0.929,0.901
CA_303433,72,2024-02-09,1.249,1.393,0.897
CA_303433,72,2024-02-10,1.077,1.207,0.893
CA_303433,72,2024-02-11,1.237,1.393,0.888
CA_303433,72,2024-02-12,1.313,1.486,0.884
CA_303433,72,2024-02-13,1.18,1.393,0.847
CA_303433,72,2024-02-14,1.204,1.486,0.81
CA_303433,72,2024-02-15,1.077,1.393,0.774
CA_303433,72,2024-02-16,1.095,1.486,0.737
CA_303433,72,2024-02-17,0.91,1.3,0.7
CA_303433,72,2024-02-18,1.355,2.043,0.663
CA_303433,72,2024-02-19,1.396,2.228,0.626
CA_303433,72,2024-02-20,1.15,1.95,0.59
CA_303433,72,2024-02-21,1.059,1.671,0.634
CA_303433,72,2024-02-22,1.385,2.043,0.678
CA_303433,72,2024-02-23,1.341,1.857,0.722
CA_303433,72,2024-02-24,1.138,1.486,0.766
CA_303433,72,2024-02-25,1.43,1.764,0.81
CA_303433,72,2024-02-26,1.587,1.857,0.854
CA_303433,72,2024-02-27,2.002,2.228,0.899
CA_303433,72,2024-02-28,2.188,2.321,0.943
CA_303433,72,2024-02-29,2.104,2.228,0.944
CA_303433,72,2024-03-01,1.597,1.689,0.945
CA_303433,72,2024-03-02,1.244,1.314,0.946
CA_303433,72,2024-03-03,1.601,1.689,0.948
CA_303433,72,2024-03-04,1.603,1.689,0.949
CA_303433,72,2024-03-05,1.962,2.065,0.95
CA_303433,72,2024-03-06,1.964,2.065,0.951
CA_303433,72,2024-03-07,2.235,2.346,0.953
CA_303433,72,2024-03-08,2.328,2.44,0.954
CA_303433,72,2024-03-09,2.241,2.346,0.955
CA_303433,72,2024-03-10,2.423,2.534,0.956
CA_303433,72,2024-03-11,2.427,2.534,0.958
CA_303433,72,2024-03-12,1.98,2.065,0.959
CA_303433,72,2024-03-13,2.523,2.628,0.96
CA_303433,72,2024-03-14,3.158,3.285,0.961
CA_303433,72,2024-03-15,2.891,3.003,0.963
CA_303433,72,2024-03-16,3.103,3.191,0.973
CA_303433,72,2024-03-17,3.32,3.379,0.983
CA_303433,72,2024-03-18,3.26,3.285,0.993
CA_303433,72,2024-03-19,3.575,3.566,1.003
CA_303433,72,2024-03-20,4.181,4.129,1.012
CA_303433,72,2024-03-21,3.742,3.66,1.022
CA_303433,72,2024-03-22,3.585,3.473,1.032
CA_303433,72,2024-03-23,2.25,2.159,1.042
CA_303433,72,2024-03-24,2.644,2.534,1.043
CA_303433,72,2024-03-25,3.135,3.003,1.044
CA_303433,72,2024-03-26,3.53,3.379,1.045
CA_303433,72,2024-03-27,2.944,2.816,1.046
CA_303433,72,2024-03-28,2.651,2.534,1.046
CA_303433,72,2024-03-29,2.555,2.44,1.047
CA_303433,72,2024-03-30,2.557,2.44,1.048
CA_303433,72,2024-03-31,2.854,2.722,1.049
CA_303433,72,2024-04-01,3.574,3.468,1.031
CA_303433,72,2024-04-02,3.607,3.561,1.013
CA_303433,72,2024-04-03,3.916,3.936,0.995
CA_303433,72,2024-04-04,1.648,1.687,0.977
CA_303433,72,2024-04-05,2.247,2.343,0.959
CA_303433,72,2024-04-06,2.911,3.093,0.941
CA_303433,72,2024-04-07,3.375,3.655,0.923
CA_303433,72,2024-04-08,3.394,3.749,0.905
CA_303433,72,2024-04-09,3.357,3.749,0.895
CA_303433,72,2024-04-10,3.817,4.311,0.886
CA_303433,72,2024-04-11,3.528,4.03,0.876
CA_303433,72,2024-04-12,4.867,5.623,0.866
CA_303433,72,2024-04-13,1.844,2.155,0.856
CA_303433,72,2024-04-14,1.902,2.249,0.846
CA_303433,72,2024-04-15,2.193,2.624,0.836
CA_303433,72,2024-04-16,3.328,4.03,0.826
CA_303433,72,2024-04-17,3.441,4.217,0.816
CA_303433,72,2024-04-18,3.248,4.03,0.806
CA_303433,72,2024-04-19,4.103,5.154,0.796
CA_303433,72,2024-04-20,4.273,5.436,0.786
CA_303433,72,2024-04-21,4.0,5.154,0.776
CA_303433,72,2024-04-22,3.949,5.154,0.766
CA_303433,72,2024-04-23,3.402,4.498,0.756
CA_303433,72,2024-04-24,3.007,4.03,0.746
CA_303433,72,2024-04-25,3.45,4.686,0.736
CA_303433,72,2024-04-26,2.655,3.655,0.726
CA_303433,72,2024-04-27,2.82,3.936,0.716
CA_303433,72,2024-04-28,3.84,5.436,0.706
CA_303433,72,2024-04-29,3.982,5.717,0.697
CA_303433,72,2024-04-30,3.732,5.436,0.687
CA_303433,72,2024-05-01,3.812,5.634,0.677
CA_303433,72,2024-05-02,3.756,5.634,0.667
CA_303433,72,2024-05-03,3.704,5.634,0.657
CA_303433,72,2024-05-04,1.531,2.363,0.648
CA_303433,72,2024-05-05,2.612,4.089,0.639
CA_303433,72,2024-05-06,2.803,4.453,0.63
CA_303433,72,2024-05-07,3.213,5.18,0.62
CA_303433,72,2024-05-08,3.22,5.271,0.611
CA_303433,72,2024-05-09,3.335,5.543,0.602
CA_303433,72,2024-05-10,3.607,6.089,0.592
CA_303433,72,2024-05-11,3.516,5.998,0.586
CA_303433,72,2024-05-12,3.954,6.816,0.58
CA_303433,72,2024-05-13,3.86,6.725,0.574
CA_303433,72,2024-05-14,3.767,6.634,0.568
CA_303433,72,2024-05-15,3.931,6.997,0.562
CA_303433,72,2024-05-16,3.736,6.725,0.556
CA_303433,72,2024-05-17,3.495,6.361,0.55
CA_303433,72,2024-05-18,3.259,5.998,0.543
CA_303433,72,2024-05-19,2.99,5.634,0.531
CA_303433,72,2024-05-20,3.249,6.27,0.518
CA_303433,72,2024-05-21,3.216,6.361,0.506
CA_303433,72,2024-05-22,3.225,6.543,0.493
CA_303433,72,2024-05-23,2.968,6.179,0.48
CA_303433,72,2024-05-24,2.805,5.998,0.468
CA_303433,72,2024-05-25,2.523,5.543,0.455
CA_303433,72,2024-05-26,2.573,5.816,0.442
CA_303433,72,2024-05-27,2.677,6.089,0.44
CA_303433,72,2024-05-28,2.899,6.634,0.437
CA_303433,72,2024-05-29,3.157,7.27,0.434
CA_303433,72,2024-05-30,3.138,7.27,0.432
CA_303433,72,2024-05-31,3.04,7.088,0.429
CA_303433,72,2024-06-01,3.012,7.067,0.426
CA_303433,72,2024-06-02,2.798,6.608,0.423
CA_303433,72,2024-06-03,2.664,6.333,0.421
CA_303433,72,2024-06-04,2.762,6.608,0.418
CA_303433,72,2024-06-05,3.049,7.342,0.415
CA_303433,72,2024-06-06,3.105,7.526,0.413
CA_303433,72,2024-06-07,2.896,7.067,0.41
CA_303433,72,2024-06-08,2.578,6.333,0.407
CA_303433,72,2024-06-09,2.672,6.608,0.404
CA_303433,72,2024-06-10,2.728,6.792,0.402
CA_303433,72,2024-06-11,2.594,5.506,0.471
CA_303433,72,2024-06-12,2.702,5.708,0.473
CA_303433,72,2024-06-13,2.831,5.929,0.477
CA_303433,72,2024-06-14,2.97,6.168,0.481
CA_303433,72,2024-06-15,3.225,6.645,0.485
CA_303433,72,2024-06-16,3.316,6.792,0.488
CA_303433,72,2024-06-17,3.313,6.755,0.49
CA_303433,72,2024-06-18,3.295,6.7,0.492
CA_303433,72,2024-06-19,3.299,6.7,0.492
CA_303433,72,2024-06-20,3.234,6.571,0.492
CA_303433,72,2024-06-21,3.142,6.388,0.492
CA_303433,72,2024-06-22,2.987,6.076,0.492
CA_303433,72,2024-06-23,3.021,6.149,0.491
CA_303433,72,2024-06-24,3.018,6.167,0.49
CA_303433,72,2024-06-25,2.961,6.094,0.486
CA_303433,72,2024-06-26,3.063,6.369,0.481
CA_303433,72,2024-06-27,3.269,6.883,0.475
CA_303433,72,2024-06-28,3.307,7.085,0.467
CA_303433,72,2024-06-29,3.378,7.365,0.46
CA_303433,72,2024-06-30,3.459,7.661,0.452
CA_303433,72,2024-07-01,3.444,7.755,0.444
CA_303433,72,2024-07-02,3.404,7.794,0.436
CA_303433,72,2024-07-03,3.421,7.984,0.429
CA_303433,72,2024-07-04,3.319,7.891,0.421
CA_303433,72,2024-07-05,3.267,7.91,0.413
CA_303433,72,2024-07-06,3.2,7.891,0.405
CA_303433,72,2024-07-07,3.113,7.817,0.398
CA_303433,72,2024-07-08,2.919,7.482,0.39
CA_303433,72,2024-07-09,2.797,7.314,0.382
CA_303433,72,2024-07-10,2.688,7.221,0.372
CA_303433,72,2024-07-11,2.658,7.407,0.36
CA_303433,72,2024-07-12,2.63,7.649,0.346
CA_303433,72,2024-07-13,2.587,7.91,0.329
CA_303433,72,2024-07-14,2.501,8.077,0.31
CA_303433,72,2024-07-15,2.389,8.17,0.291
CA_303433,72,2024-07-16,2.186,7.984,0.273
CA_303433,72,2024-07-17,2.012,7.91,0.254
CA_303433,72,2024-07-18,1.876,7.928,0.237
CA_303433,72,2024-07-19,1.779,8.003,0.223
CA_303433,72,2024-07-20,1.703,8.096,0.211
CA_303433,72,2024-07-21,1.614,8.021,0.201
CA_303433,72,2024-07-22,1.556,8.04,0.193
CA_303433,72,2024-07-23,1.481,7.984,0.185
CA_303433,72,2024-07-24,1.412,7.947,0.178
CA_303433,72,2024-07-25,1.349,7.947,0.17
CA_303433,72,2024-07-26,1.335,8.152,0.164
CA_303433,72,2024-07-27,1.306,8.226,0.159
CA_303433,72,2024-07-28,1.275,8.226,0.155
CA_303433,72,2024-07-29,1.257,8.226,0.153
CA_303433,72,2024-07-30,1.208,7.952,0.152
CA_303433,72,2024-07-31,1.132,7.496,0.151
CA_303433,72,2024-08-01,1.069,7.13,0.15
CA_303433,72,2024-08-02,1.016,6.819,0.149
CA_303433,72,2024-08-03,0.994,6.709,0.148
CA_303433,72,2024-08-04,1.022,6.927,0.148
CA_303433,72,2024-08-05,1.072,7.273,0.147
CA_303433,72,2024-08-06,1.078,7.309,0.147
CA_303433,72,2024-08-07,1.061,7.182,0.148
CA_303433,72,2024-08-08,0.979,6.618,0.148
CA_303433,72,2024-08-09,0.921,6.218,0.148
CA_303433,72,2024-08-10,0.888,5.982,0.148
CA_303433,72,2024-08-11,0.878,5.909,0.148
CA_303433,72,2024-08-12,0.882,5.946,0.148
CA_303433,72,2024-08-13,0.919,6.2,0.148
CA_303433,72,2024-08-14,0.897,6.073,0.148
CA_303433,72,2024-08-15,0.888,6.037,0.147
CA_303433,72,2024-08-16,0.825,5.637,0.146
CA_303433,72,2024-08-17,0.798,5.473,0.146
CA_303433,72,2024-08-18,0.702,4.837,0.145
CA_303433,72,2024-08-19,0.655,4.527,0.144
CA_303433,72,2024-08-20,0.615,4.273,0.144
CA_303433,72,2024-08-21,0.638,4.455,0.143
CA_303433,72,2024-08-22,0.637,4.473,0.143
CA_303433,72,2024-08-23,0.727,5.127,0.142
CA_303433,72,2024-08-24,0.796,5.637,0.141
CA_303433,72,2024-08-25,0.838,5.964,0.141
CA_303433,72,2024-08-26,0.873,6.236,0.14
CA_303433,72,2024-08-27,0.931,6.691,0.139
CA_303433,72,2024-08-28,0.932,6.745,0.138
CA_303433,72,2024-08-29,0.959,7.0,0.137
CA_303433,72,2024-08-30,0.951,7.006,0.136
CA_303433,72,2024-08-31,0.882,6.561,0.134
CA_303433,72,2024-09-01,0.775,5.826,0.133
CA_303433,72,2024-09-02,0.727,5.526,0.131
CA_303433,72,2024-09-03,0.659,5.079,0.13
CA_303433,72,2024-09-04,0.606,4.719,0.129
CA_303433,72,2024-09-05,0.613,4.809,0.128
CA_303433,72,2024-09-06,0.63,4.971,0.127
CA_303433,72,2024-09-07,0.646,5.115,0.126
CA_303433,72,2024-09-08,0.623,4.935,0.126
CA_303433,72,2024-09-09,0.638,5.061,0.126
CA_303433,72,2024-09-10,0.649,5.152,0.126
CA_303433,72,2024-09-11,0.65,5.17,0.126
CA_303433,72,2024-09-12,0.643,5.007,0.129
CA_303433,72,2024-09-13,0.698,5.206,0.134
CA_303433,72,2024-09-14,0.711,5.007,0.143
CA_303433,72,2024-09-15,0.723,4.737,0.154
CA_303433,72,2024-09-16,0.753,4.521,0.168
CA_303433,72,2024-09-17,0.793,4.395,0.183
CA_303433,72,2024-09-18,0.817,4.161,0.197
CA_303433,72,2024-09-19,0.843,3.999,0.211
CA_303433,72,2024-09-20,0.885,3.999,0.222
CA_303433,72,2024-09-21,0.929,4.071,0.228
CA_303433,72,2024-09-22,0.946,4.089,0.231
CA_303433,72,2024-09-23,0.939,4.071,0.231
CA_303433,72,2024-09-24,0.962,4.251,0.226
CA_303433,72,2024-09-25,0.967,4.359,0.222
CA_303433,72,2024-09-26,0.948,4.359,0.218
CA_303433,72,2024-09-27,0.948,4.449,0.213
CA_303433,72,2024-09-28,0.867,4.125,0.21
CA_303433,72,2024-09-29,0.749,3.608,0.207
CA_303433,72,2024-09-30,0.653,3.178,0.205
CA_303433,72,2024-10-01,0.603,2.959,0.204
CA_303433,72,2024-10-02,0.542,2.669,0.203
CA_303433,72,2024-10-03,0.612,3.02,0.203
CA_303433,72,2024-10-04,0.706,3.492,0.202
CA_303433,72,2024-10-05,0.744,3.684,0.202
CA_303433,72,2024-10-06,0.74,3.701,0.2
CA_303433,72,2024-10-07,0.764,3.911,0.195
CA_303433,72,2024-10-08,0.715,3.789,0.189
CA_303433,72,2024-10-09,0.648,3.597,0.18
CA_303433,72,2024-10-10,0.592,3.457,0.17
CA_303433,72,2024-10-11,0.548,3.387,0.16
CA_303433,72,2024-10-12,0.486,3.247,0.149
CA_303433,72,2024-10-13,0.442,3.195,0.139
CA_303433,72,2024-10-14,0.44,3.317,0.133
CA_303433,72,2024-10-15,0.458,3.44,0.133
CA_303433,72,2024-10-16,0.468,3.405,0.138
CA_303433,72,2024-10-17,0.457,3.143,0.149
CA_303433,72,2024-10-18,0.489,3.038,0.164
CA_303433,72,2024-10-19,0.511,2.846,0.18
CA_303433,72,2024-10-20,0.542,2.758,0.195
CA_303433,72,2024-10-21,0.535,2.549,0.211
CA_303433,72,2024-10-22,0.569,2.549,0.226
CA_303433,72,2024-10-23,0.633,2.619,0.242
CA_303433,72,2024-10-24,0.635,2.462,0.257
CA_303433,72,2024-10-25,0.658,2.392,0.273
CA_303433,72,2024-10-26,0.763,2.636,0.288
CA_303433,72,2024-10-27,0.774,2.567,0.304
CA_303433,72,2024-10-28,0.708,2.235,0.32
CA_303433,72,2024-10-29,0.672,2.043,0.335
CA_303433,72,2024-10-30,0.629,1.832,0.349
CA_303433,72,2024-10-31,0.605,1.674,0.361
CA_303433,72,2024-11-01,0.665,1.778,0.372
CA_303433,72,2024-11-02,0.7,1.83,0.381
CA_303433,72,2024-11-03,0.808,2.073,0.388
CA_303433,72,2024-11-04,0.855,2.16,0.396
CA_303433,72,2024-11-05,0.849,2.108,0.403
CA_303433,72,2024-11-06,0.822,2.004,0.411
CA_303433,72,2024-11-07,0.8,1.951,0.41
CA_303433,72,2024-11-08,0.738,1.847,0.4
CA_303433,72,2024-11-09,0.681,1.777,0.381
CA_303433,72,2024-11-10,0.639,1.812,0.354
CA_303433,72,2024-11-11,0.556,1.742,0.319
CA_303433,72,2024-11-12,0.508,1.777,0.283
CA_303433,72,2024-11-13,0.436,1.777,0.248
CA_303433,72,2024-11-14,0.373,1.725,0.212
CA_303433,72,2024-11-15,0.284,1.516,0.184
CA_303433,72,2024-11-16,0.238,1.411,0.163
CA_303433,72,2024-11-17,0.2,1.307,0.149
CA_303433,72,2024-11-18,0.164,1.15,0.143
CA_303433,72,2024-11-19,0.161,1.115,0.144
CA_303433,72,2024-11-20,0.162,1.115,0.145
CA_303433,72,2024-11-21,0.189,1.289,0.146
CA_303433,72,2024-11-22,0.203,1.376,0.147
CA_303433,72,2024-11-23,0.216,1.446,0.149
CA_303433,72,2024-11-24,0.216,1.428,0.152
CA_303433,72,2024-11-25,0.217,1.411,0.155
CA_303433,72,2024-11-26,0.204,1.289,0.16
CA_303433,72,2024-11-27,0.197,1.202,0.165
CA_303433,72,2024-11-28,0.199,1.167,0.17
CA_303433,72,2024-11-29,0.227,1.287,0.175
CA_303433,72,2024-11-30,0.24,1.332,0.18
CA_303433,72,2024-12-01,0.234,1.271,0.185
CA_303433,72,2024-12-02,0.235,1.246,0.19
CA_303433,72,2024-12-03,0.226,1.168,0.195
CA_303433,72,2024-12-04,0.235,1.168,0.2
CA_303433,72,2024-12-05,0.264,1.277,0.205
CA_303433,72,2024-12-06,0.269,1.277,0.21
CA_303433,72,2024-12-07,0.266,1.241,0.215
CA_303433,72,2024-12-08,0.267,1.222,0.22
CA_303433,72,2024-12-09,0.263,1.167,0.226
CA_303433,72,2024-12-10,0.247,1.058,0.232
CA_303433,72,2024-12-11,0.249,1.04,0.239
CA_303433,72,2024-12-12,0.266,1.076,0.247
CA_303433,72,2024-12-13,0.283,1.113,0.256
CA_303433,72,2024-12-14,0.274,1.04,0.264
CA_303433,72,2024-12-15,0.29,1.058,0.272
CA_303433,72,2024-12-16,0.351,1.241,0.281
CA_303433,72,2024-12-17,0.366,1.259,0.289
CA_303433,72,2024-12-18,0.369,1.241,0.298
CA_303433,72,2024-12-19,0.354,1.168,0.306
CA_303433,72,2024-12-20,0.316,1.022,0.314
CA_303433,72,2024-12-21,0.281,0.876,0.323
CA_303433,72,2024-12-22,0.291,0.876,0.331
CA_303433,72,2024-12-23,0.306,0.894,0.339
CA_303433,72,2024-12-24,0.332,0.949,0.348
CA_303433,72,2024-12-25,0.404,1.131,0.356
CA_303433,72,2024-12-26,0.413,1.131,0.365
CA_303433,72,2024-12-27,0.458,1.223,0.373
CA_303433,72,2024-12-28,0.431,1.131,0.381
CA_303433,72,2024-12-29,0.424,1.095,0.39
CA_303433,72,2024-12-30,0.393,1.004,0.394
CA_303433,72,2024-12-31,0.397,1.004,0.398
CA_303972,47,2024-01-01,0.509,0.937,0.544
CA_303972,47,2024-01-02,0.307,0.562,0.546
CA_303972,47,2024-01-03,0.616,1.124,0.548
CA_303972,47,2024-01-04,0.876,1.592,0.55
CA_303972,47,2024-01-05,0.569,1.03,0.553
CA_303972,47,2024-01-06,0.572,1.03,0.555
CA_303972,47,2024-01-07,0.731,1.311,0.557
CA_303972,47,2024-01-08,0.576,1.03,0.559
CA_303972,47,2024-01-09,0.631,1.124,0.562
CA_303972,47,2024-01-10,0.74,1.311,0.564
CA_303972,47,2024-01-11,0.742,1.311,0.566
CA_303972,47,2024-01-12,0.486,0.843,0.577
CA_303972,47,2024-01-13,0.55,0.937,0.588
CA_303972,47,2024-01-14,0.728,1.218,0.598
CA_303972,47,2024-01-15,0.456,0.749,0.609
CA_303972,47,2024-01-16,0.522,0.843,0.62
CA_303972,47,2024-01-17,0.649,1.03,0.63
CA_303972,47,2024-01-18,0.66,1.03,0.641
CA_303972,47,2024-01-19,0.733,1.124,0.652
CA_303972,47,2024-01-20,0.993,1.499,0.662
CA_303972,47,2024-01-21,0.82,1.218,0.673
CA_303972,47,2024-01-22,0.769,1.124,0.684
CA_303972,47,2024-01-23,0.911,1.311,0.695
CA_303972,47,2024-01-24,0.66,0.937,0.705
CA_303972,47,2024-01-25,0.872,1.218,0.716
CA_303972,47,2024-01-26,0.885,1.218,0.727
CA_303972,47,2024-01-27,0.829,1.124,0.737
CA_303972,47,2024-01-28,0.911,1.218,0.748
CA_303972,47,2024-01-29,1.066,1.405,0.759
CA_303972,47,2024-01-30,1.513,1.967,0.769
CA_303972,47,2024-01-31,2.119,2.716,0.78
CA_303972,47,2024-02-01,0.953,1.205,0.791
CA_303972,47,2024-02-02,1.04,1.298,0.801
CA_303972,47,2024-02-03,1.054,1.298,0.812
CA_303972,47,2024-02-04,1.297,1.576,0.823
CA_303972,47,2024-02-05,1.314,1.576,0.833
CA_303972,47,2024-02-06,1.096,1.298,0.844
CA_303972,47,2024-02-07,1.11,1.298,0.855
CA_303972,47,2024-02-08,0.803,0.927,0.866
CA_303972,47,2024-02-09,1.381,1.576,0.876
CA_303972,47,2024-02-10,1.069,1.205,0.887
CA_303972,47,2024-02-11,1.332,1.484,0.898
CA_303972,47,2024-02-12,1.432,1.576,0.908
CA_303972,47,2024-02-13,1.382,1.576,0.877
CA_303972,47,2024-02-14,1.41,1.669,0.845
CA_303972,47,2024-02-15,1.207,1.484,0.813
CA_303972,47,2024-02-16,1.232,1.576,0.782
CA_303972,47,2024-02-17,0.974,1.298,0.75
CA_303972,47,2024-02-18,1.399,1.947,0.719
CA_303972,47,2024-02-19,1.529,2.225,0.687
CA_303972,47,2024-02-20,1.216,1.854,0.655
CA_303972,47,2024-02-21,1.127,1.669,0.675
CA_303972,47,2024-02-22,1.482,2.133,0.695
CA_303972,47,2024-02-23,1.392,1.947,0.715
CA_303972,47,2024-02-24,1.226,1.669,0.735
CA_303972,47,2024-02-25,1.329,1.762,0.755
CA_303972,47,2024-02-26,1.436,1.854,0.774
CA_303972,47,2024-02-27,1.767,2.225,0.794
CA_303972,47,2024-02-28,1.962,2.411,0.814
CA_303972,47,2024-02-29,1.896,2.318,0.818
CA_303972,47,2024-03-01,1.38,1.679,0.822
CA_303972,47,2024-03-02,1.156,1.399,0.826
CA_303972,47,2024-03-03,1.472,1.772,0.83
CA_303972,47,2024-03-04,1.479,1.772,0.834
CA_303972,47,2024-03-05,1.799,2.145,0.839
CA_303972,47,2024-03-06,1.808,2.145,0.843
CA_303972,47,2024-03-07,1.975,2.332,0.847
CA_303972,47,2024-03-08,2.064,2.425,0.851
CA_303972,47,2024-03-09,2.153,2.518,0.855
CA_303972,47,2024-03-10,2.484,2.892,0.859
CA_303972,47,2024-03-11,2.335,2.705,0.863
CA_303972,47,2024-03-12,1.78,2.052,0.867
CA_303972,47,2024-03-13,2.52,2.892,0.871
CA_303972,47,2024-03-14,3.103,3.544,0.876
CA_303972,47,2024-03-15,2.872,3.265,0.88
CA_303972,47,2024-03-16,3.074,3.358,0.916
CA_303972,47,2024-03-17,3.55,3.731,0.951
CA_303972,47,2024-03-18,3.315,3.358,0.987
CA_303972,47,2024-03-19,3.817,3.731,1.023
CA_303972,47,2024-03-20,4.742,4.477,1.059
CA_303972,47,2024-03-21,4.494,4.104,1.095
CA_303972,47,2024-03-22,4.219,3.731,1.131
CA_303972,47,2024-03-23,2.503,2.145,1.167
CA_303972,47,2024-03-24,2.909,2.518,1.155
CA_303972,47,2024-03-25,3.519,3.078,1.143
CA_303972,47,2024-03-26,3.904,3.451,1.131
CA_303972,47,2024-03-27,3.341,2.985,1.119
CA_303972,47,2024-03-28,2.996,2.705,1.108
CA_303972,47,2024-03-29,2.76,2.518,1.096
CA_303972,47,2024-03-30,2.73,2.518,1.084
CA_303972,47,2024-03-31,3.1,2.892,1.072
CA_303972,47,2024-04-01,3.993,3.804,1.05
CA_303972,47,2024-04-02,3.907,3.804,1.027
CA_303972,47,2024-04-03,4.381,4.36,1.005
CA_303972,47,2024-04-04,1.823,1.855,0.982
CA_303972,47,2024-04-05,2.226,2.319,0.96
CA_303972,47,2024-04-06,3.044,3.247,0.937
CA_303972,47,2024-04-07,3.735,4.082,0.915
CA_303972,47,2024-04-08,3.561,3.989,0.893
CA_303972,47,2024-04-09,3.369,3.804,0.886
CA_303972,47,2024-04-10,4.077,4.639,0.879
CA_303972,47,2024-04-11,3.721,4.268,0.872
CA_303972,47,2024-04-12,5.137,5.937,0.865
CA_303972,47,2024-04-13,1.911,2.227,0.858
CA_303972,47,2024-04-14,2.054,2.412,0.851
CA_303972,47,2024-04-15,2.351,2.783,0.845
CA_303972,47,2024-04-16,3.419,4.082,0.838
CA_303972,47,2024-04-17,3.623,4.36,0.831
CA_303972,47,2024-04-18,3.593,4.36,0.824
CA_303972,47,2024-04-19,4.473,5.474,0.817
CA_303972,47,2024-04-20,4.661,5.752,0.81
CA_303972,47,2024-04-21,4.472,5.566,0.803
CA_303972,47,2024-04-22,4.212,5.288,0.797
CA_303972,47,2024-04-23,3.663,4.639,0.79
CA_303972,47,2024-04-24,3.268,4.175,0.783
CA_303972,47,2024-04-25,3.743,4.824,0.776
CA_303972,47,2024-04-26,2.997,3.896,0.769
CA_303972,47,2024-04-27,3.324,4.36,0.762
CA_303972,47,2024-04-28,4.275,5.659,0.755
CA_303972,47,2024-04-29,4.514,6.03,0.749
CA_303972,47,2024-04-30,4.197,5.659,0.742
CA_303972,47,2024-05-01,4.45,6.056,0.735
CA_303972,47,2024-05-02,4.408,6.056,0.728
CA_303972,47,2024-05-03,4.247,5.875,0.723
CA_303972,47,2024-05-04,1.687,2.35,0.718
CA_303972,47,2024-05-05,3.027,4.248,0.713
CA_303972,47,2024-05-06,3.325,4.7,0.707
CA_303972,47,2024-05-07,3.809,5.423,0.702
CA_303972,47,2024-05-08,3.97,5.694,0.697
CA_303972,47,2024-05-09,4.066,5.875,0.692
CA_303972,47,2024-05-10,4.595,6.689,0.687
CA_303972,47,2024-05-11,4.458,6.508,0.685
CA_303972,47,2024-05-12,5.063,7.412,0.683
CA_303972,47,2024-05-13,4.987,7.321,0.681
CA_303972,47,2024-05-14,4.789,7.05,0.679
CA_303972,47,2024-05-15,5.02,7.412,0.677
CA_303972,47,2024-05-16,4.639,6.869,0.675
CA_303972,47,2024-05-17,4.382,6.508,0.673
CA_303972,47,2024-05-18,4.188,6.237,0.671
CA_303972,47,2024-05-19,3.916,5.875,0.667
CA_303972,47,2024-05-20,4.365,6.598,0.662
CA_303972,47,2024-05-21,4.57,6.96,0.657
CA_303972,47,2024-05-22,4.654,7.141,0.652
CA_303972,47,2024-05-23,4.209,6.508,0.647
CA_303972,47,2024-05-24,4.061,6.327,0.642
CA_303972,47,2024-05-25,3.685,5.785,0.637
CA_303972,47,2024-05-26,3.885,6.146,0.632
CA_303972,47,2024-05-27,4.151,6.598,0.629
CA_303972,47,2024-05-28,4.359,6.96,0.626
CA_303972,47,2024-05-29,4.79,7.683,0.623
CA_303972,47,2024-05-30,4.824,7.773,0.621
CA_303972,47,2024-05-31,4.746,7.683,0.618
CA_303972,47,2024-06-01,4.586,7.459,0.615
CA_303972,47,2024-06-02,4.286,7.004,0.612
CA_303972,47,2024-06-03,3.989,6.549,0.609
CA_303972,47,2024-06-04,4.191,6.913,0.606
CA_303972,47,2024-06-05,4.829,8.005,0.603
CA_303972,47,2024-06-06,4.97,8.278,0.6
CA_303972,47,2024-06-07,4.457,7.459,0.598
CA_303972,47,2024-06-08,3.949,6.64,0.595
CA_303972,47,2024-06-09,4.199,7.095,0.592
CA_303972,47,2024-06-10,4.286,7.277,0.589
CA_303972,47,2024-06-11,3.232,5.662,0.571
CA_303972,47,2024-06-12,3.383,5.894,0.574
CA_303972,47,2024-06-13,3.556,6.131,0.579
CA_303972,47,2024-06-14,3.762,6.422,0.585
CA_303972,47,2024-06-15,4.107,6.949,0.591
CA_303972,47,2024-06-16,4.209,7.077,0.595
CA_303972,47,2024-06-17,4.204,7.04,0.597
CA_303972,47,2024-06-18,4.187,7.004,0.598
CA_303972,47,2024-06-19,4.192,7.022,0.597
CA_303972,47,2024-06-20,4.13,6.949,0.594
CA_303972,47,2024-06-21,4.005,6.768,0.592
CA_303972,47,2024-06-22,3.808,6.458,0.589
CA_303972,47,2024-06-23,3.811,6.495,0.587
CA_303972,47,2024-06-24,3.775,6.458,0.585
CA_303972,47,2024-06-25,3.711,6.367,0.583
CA_303972,47,2024-06-26,3.853,6.622,0.582
CA_303972,47,2024-06-27,4.136,7.113,0.582
CA_303972,47,2024-06-28,4.306,7.404,0.581
CA_303972,47,2024-06-29,4.541,7.81,0.581
CA_303972,47,2024-06-30,4.712,8.103,0.581
CA_303972,47,2024-07-01,4.776,8.214,0.581
CA_303972,47,2024-07-02,4.846,8.344,0.58
CA_303972,47,2024-07-03,4.923,8.494,0.579
CA_303972,47,2024-07-04,4.801,8.31,0.577
CA_303972,47,2024-07-05,4.791,8.329,0.575
CA_303972,47,2024-07-06,4.799,8.384,0.572
CA_303972,47,2024-07-07,4.712,8.273,0.569
CA_303972,47,2024-07-08,4.509,7.96,0.566
CA_303972,47,2024-07-09,4.422,7.85,0.563
CA_303972,47,2024-07-10,4.37,7.794,0.56
CA_303972,47,2024-07-11,4.454,7.979,0.558
CA_303972,47,2024-07-12,4.593,8.255,0.556
CA_303972,47,2024-07-13,4.735,8.531,0.555
CA_303972,47,2024-07-14,4.788,8.642,0.554
CA_303972,47,2024-07-15,4.75,8.587,0.553
CA_303972,47,2024-07-16,4.598,8.329,0.552
CA_303972,47,2024-07-17,4.528,8.218,0.551
CA_303972,47,2024-07-18,4.505,8.218,0.548
CA_303972,47,2024-07-19,4.548,8.366,0.544
CA_303972,47,2024-07-20,4.629,8.605,0.538
CA_303972,47,2024-07-21,4.552,8.568,0.531
CA_303972,47,2024-07-22,4.522,8.66,0.522
CA_303972,47,2024-07-23,4.45,8.679,0.513
CA_303972,47,2024-07-24,4.351,8.642,0.504
CA_303972,47,2024-07-25,4.28,8.66,0.495
CA_303972,47,2024-07-26,4.388,8.974,0.489
CA_303972,47,2024-07-27,4.373,8.992,0.487
CA_303972,47,2024-07-28,4.36,8.955,0.487
CA_303972,47,2024-07-29,4.411,8.992,0.491
CA_303972,47,2024-07-30,4.304,8.662,0.498
CA_303972,47,2024-07-31,4.093,8.132,0.504
CA_303972,47,2024-08-01,3.944,7.729,0.511
CA_303972,47,2024-08-02,3.792,7.327,0.518
CA_303972,47,2024-08-03,3.769,7.194,0.523
CA_303972,47,2024-08-04,3.922,7.428,0.527
CA_303972,47,2024-08-05,4.128,7.787,0.53
CA_303972,47,2024-08-06,4.105,7.734,0.531
CA_303972,47,2024-08-07,4.052,7.644,0.53
CA_303972,47,2024-08-08,3.762,7.104,0.529
CA_303972,47,2024-08-09,3.49,6.601,0.529
CA_303972,47,2024-08-10,3.343,6.331,0.528
CA_303972,47,2024-08-11,3.331,6.331,0.526
CA_303972,47,2024-08-12,3.406,6.511,0.524
CA_303972,47,2024-08-13,3.486,6.709,0.52
CA_303972,47,2024-08-14,3.458,6.709,0.515
CA_303972,47,2024-08-15,3.417,6.709,0.509
CA_303972,47,2024-08-16,3.166,6.277,0.503
CA_303972,47,2024-08-17,2.939,5.899,0.498
CA_303972,47,2024-08-18,2.556,5.18,0.492
CA_303972,47,2024-08-19,2.342,4.802,0.486
CA_303972,47,2024-08-20,2.159,4.497,0.48
CA_303972,47,2024-08-21,2.257,4.766,0.474
CA_303972,47,2024-08-22,2.242,4.802,0.469
CA_303972,47,2024-08-23,2.541,5.504,0.463
CA_303972,47,2024-08-24,2.806,6.151,0.457
CA_303972,47,2024-08-25,2.964,6.583,0.451
CA_303972,47,2024-08-26,3.078,6.924,0.445
CA_303972,47,2024-08-27,3.342,7.554,0.442
CA_303972,47,2024-08-28,3.418,7.716,0.443
CA_303972,47,2024-08-29,3.443,7.716,0.446
CA_303972,47,2024-08-30,3.383,7.482,0.453
CA_303972,47,2024-08-31,3.164,6.875,0.463
CA_303972,47,2024-09-01,2.793,5.946,0.473
CA_303972,47,2024-09-02,2.64,5.499,0.482
CA_303972,47,2024-09-03,2.565,5.213,0.492
CA_303972,47,2024-09-04,2.494,4.982,0.499
CA_303972,47,2024-09-05,2.597,5.142,0.504
CA_303972,47,2024-09-06,2.705,5.337,0.507
CA_303972,47,2024-09-07,2.81,5.55,0.506
CA_303972,47,2024-09-08,2.732,5.425,0.504
CA_303972,47,2024-09-09,2.823,5.638,0.501
CA_303972,47,2024-09-10,2.87,5.762,0.498
CA_303972,47,2024-09-11,2.908,5.869,0.496
CA_303972,47,2024-09-12,2.815,5.674,0.496
CA_303972,47,2024-09-13,2.901,5.798,0.501
CA_303972,47,2024-09-14,2.789,5.496,0.508
CA_303972,47,2024-09-15,2.652,5.124,0.519
CA_303972,47,2024-09-16,2.565,4.823,0.534
CA_303972,47,2024-09-17,2.558,4.681,0.549
CA_303972,47,2024-09-18,2.465,4.38,0.563
CA_303972,47,2024-09-19,2.406,4.167,0.578
CA_303972,47,2024-09-20,2.488,4.238,0.587
CA_303972,47,2024-09-21,2.589,4.379,0.592
CA_303972,47,2024-09-22,2.605,4.415,0.591
CA_303972,47,2024-09-23,2.589,4.433,0.585
CA_303972,47,2024-09-24,2.685,4.681,0.574
CA_303972,47,2024-09-25,2.682,4.77,0.563
CA_303972,47,2024-09-26,2.609,4.734,0.551
CA_303972,47,2024-09-27,2.594,4.805,0.54
CA_303972,47,2024-09-28,2.362,4.433,0.531
CA_303972,47,2024-09-29,2.023,3.841,0.525
CA_303972,47,2024-09-30,1.76,3.371,0.522
CA_303972,47,2024-10-01,1.638,3.145,0.521
CA_303972,47,2024-10-02,1.509,2.884,0.523
CA_303972,47,2024-10-03,1.747,3.328,0.524
CA_303972,47,2024-10-04,2.083,3.955,0.526
CA_303972,47,2024-10-05,2.253,4.269,0.528
CA_303972,47,2024-10-06,2.299,4.356,0.528
CA_303972,47,2024-10-07,2.373,4.513,0.526
CA_303972,47,2024-10-08,2.267,4.338,0.522
CA_303972,47,2024-10-09,2.083,4.025,0.517
CA_303972,47,2024-10-10,1.941,3.798,0.51
CA_303972,47,2024-10-11,1.828,3.624,0.503
CA_303972,47,2024-10-12,1.772,3.572,0.496
CA_303972,47,2024-10-13,1.761,3.607,0.489
CA_303972,47,2024-10-14,1.859,3.816,0.488
CA_303972,47,2024-10-15,1.944,3.955,0.492
CA_303972,47,2024-10-16,2.002,4.008,0.501
CA_303972,47,2024-10-17,1.89,3.694,0.516
CA_303972,47,2024-10-18,1.874,3.52,0.537
CA_303972,47,2024-10-19,1.844,3.311,0.558
CA_303972,47,2024-10-20,1.857,3.206,0.578
CA_303972,47,2024-10-21,1.715,2.875,0.599
CA_303972,47,2024-10-22,1.746,2.84,0.62
CA_303972,47,2024-10-23,1.872,2.927,0.641
CA_303972,47,2024-10-24,1.799,2.718,0.661
CA_303972,47,2024-10-25,1.79,2.613,0.682
CA_303972,47,2024-10-26,2.06,2.927,0.703
CA_303972,47,2024-10-27,2.044,2.84,0.723
CA_303972,47,2024-10-28,1.818,2.457,0.744
CA_303972,47,2024-10-29,1.702,2.248,0.765
CA_303972,47,2024-10-30,1.576,2.043,0.777
CA_303972,47,2024-10-31,1.463,1.876,0.782
CA_303972,47,2024-11-01,1.568,2.023,0.779
CA_303972,47,2024-11-02,1.63,2.135,0.768
CA_303972,47,2024-11-03,1.818,2.439,0.749
CA_303972,47,2024-11-04,1.835,2.51,0.73
CA_303972,47,2024-11-05,1.729,2.422,0.711
CA_303972,47,2024-11-06,1.596,2.298,0.692
CA_303972,47,2024-11-07,1.5,2.21,0.675
CA_303972,47,2024-11-08,1.387,2.104,0.66
CA_303972,47,2024-11-09,1.371,2.121,0.646
CA_303972,47,2024-11-10,1.358,2.139,0.635
CA_303972,47,2024-11-11,1.241,1.98,0.625
CA_303972,47,2024-11-12,1.223,1.98,0.616
CA_303972,47,2024-11-13,1.137,1.874,0.606
CA_303972,47,2024-11-14,1.035,1.732,0.597
CA_303972,47,2024-11-15,0.914,1.556,0.587
CA_303972,47,2024-11-16,0.832,1.432,0.577
CA_303972,47,2024-11-17,0.756,1.326,0.568
CA_303972,47,2024-11-18,0.671,1.202,0.558
CA_303972,47,2024-11-19,0.639,1.167,0.549
CA_303972,47,2024-11-20,0.609,1.131,0.539
CA_303972,47,2024-11-21,0.737,1.397,0.529
CA_303972,47,2024-11-22,0.795,1.538,0.52
CA_303972,47,2024-11-23,0.856,1.679,0.512
CA_303972,47,2024-11-24,0.857,1.697,0.506
CA_303972,47,2024-11-25,0.853,1.697,0.502
CA_303972,47,2024-11-26,0.769,1.538,0.5
CA_303972,47,2024-11-27,0.698,1.397,0.499
CA_303972,47,2024-11-28,0.644,1.291,0.499
CA_303972,47,2024-11-29,0.69,1.383,0.499
CA_303972,47,2024-11-30,0.715,1.435,0.498
CA_303972,47,2024-12-01,0.685,1.375,0.498
CA_303972,47,2024-12-02,0.683,1.374,0.497
CA_303972,47,2024-12-03,0.655,1.318,0.497
CA_303972,47,2024-12-04,0.645,1.299,0.497
CA_303972,47,2024-12-05,0.7,1.412,0.496
CA_303972,47,2024-12-06,0.709,1.431,0.496
CA_303972,47,2024-12-07,0.69,1.394,0.495
CA_303972,47,2024-12-08,0.662,1.337,0.495
CA_303972,47,2024-12-09,0.644,1.299,0.495
CA_303972,47,2024-12-10,0.588,1.186,0.496
CA_303972,47,2024-12-11,0.59,1.186,0.497
CA_303972,47,2024-12-12,0.591,1.186,0.499
CA_303972,47,2024-12-13,0.622,1.243,0.501
CA_303972,47,2024-12-14,0.597,1.186,0.503
CA_303972,47,2024-12-15,0.628,1.243,0.505
CA_303972,47,2024-12-16,0.708,1.393,0.508
CA_303972,47,2024-12-17,0.72,1.412,0.51
CA_303972,47,2024-12-18,0.694,1.356,0.512
CA_303972,47,2024-12-19,0.628,1.224,0.514
CA_303972,47,2024-12-20,0.514,0.998,0.517
CA_303972,47,2024-12-21,0.429,0.828,0.519
CA_303972,47,2024-12-22,0.442,0.847,0.521
CA_303972,47,2024-12-23,0.464,0.885,0.523
CA_303972,47,2024-12-24,0.495,0.941,0.526
CA_303972,47,2024-12-25,0.607,1.148,0.528
CA_303972,47,2024-12-26,0.619,1.167,0.53
CA_303972,47,2024-12-27,0.652,1.224,0.532
CA_303972,47,2024-12-28,0.604,1.13,0.535
CA_303972,47,2024-12-29,0.596,1.111,0.537
CA_303972,47,2024-12-30,0.544,1.012,0.538
CA_303972,47,2024-12-31,0.541,1.004,0.539
CA_304258,72,2024-01-01,0.986,0.768,1.284
CA_304258,72,2024-01-02,0.984,0.755,1.304
CA_304258,72,2024-01-03,1.47,1.11,1.324
CA_304258,72,2024-01-04,2.051,1.609,1.275
CA_304258,72,2024-01-05,1.256,1.025,1.226
CA_304258,72,2024-01-06,1.19,1.011,1.177
CA_304258,72,2024-01-07,1.252,1.11,1.128
CA_304258,72,2024-01-08,0.998,0.926,1.078
CA_304258,72,2024-01-09,1.041,1.011,1.029
CA_304258,72,2024-01-10,1.158,1.182,0.98
CA_304258,72,2024-01-11,1.113,1.195,0.931
CA_304258,72,2024-01-12,0.87,0.926,0.939
CA_304258,72,2024-01-13,0.728,0.768,0.948
CA_304258,72,2024-01-14,1.061,1.11,0.956
CA_304258,72,2024-01-15,0.741,0.768,0.965
CA_304258,72,2024-01-16,0.748,0.768,0.973
CA_304258,72,2024-01-17,1.005,1.025,0.981
CA_304258,72,2024-01-18,1.0,1.011,0.99
CA_304258,72,2024-01-19,1.35,1.352,0.998
CA_304258,72,2024-01-20,1.375,1.366,1.006
CA_304258,72,2024-01-21,1.199,1.182,1.015
CA_304258,72,2024-01-22,0.961,0.939,1.023
CA_304258,72,2024-01-23,1.321,1.281,1.031
CA_304258,72,2024-01-24,0.799,0.768,1.04
CA_304258,72,2024-01-25,1.253,1.195,1.048
CA_304258,72,2024-01-26,1.248,1.182,1.056
CA_304258,72,2024-01-27,1.091,1.025,1.065
CA_304258,72,2024-01-28,1.372,1.281,1.071
CA_304258,72,2024-01-29,1.472,1.366,1.078
CA_304258,72,2024-01-30,1.837,1.694,1.084
CA_304258,72,2024-01-31,2.887,2.647,1.091
CA_304258,72,2024-02-01,1.279,1.165,1.097
CA_304258,72,2024-02-02,1.302,1.179,1.104
CA_304258,72,2024-02-03,1.294,1.165,1.111
CA_304258,72,2024-02-04,2.103,1.882,1.117
CA_304258,72,2024-02-05,1.913,1.703,1.124
CA_304258,72,2024-02-06,1.317,1.165,1.13
CA_304258,72,2024-02-07,1.239,1.089,1.137
CA_304258,72,2024-02-08,1.025,0.896,1.143
CA_304258,72,2024-02-09,1.562,1.358,1.15
CA_304258,72,2024-02-10,1.347,1.165,1.156
CA_304258,72,2024-02-11,1.668,1.434,1.163
CA_304258,72,2024-02-12,1.782,1.524,1.17
CA_304258,72,2024-02-13,1.519,1.344,1.13
CA_304258,72,2024-02-14,1.564,1.434,1.09
CA_304258,72,2024-02-15,1.507,1.434,1.051
CA_304258,72,2024-02-16,1.541,1.524,1.011
CA_304258,72,2024-02-17,1.393,1.434,0.972
CA_304258,72,2024-02-18,1.921,2.061,0.932
CA_304258,72,2024-02-19,1.84,2.061,0.893
CA_304258,72,2024-02-20,1.682,1.972,0.853
CA_304258,72,2024-02-21,1.416,1.613,0.878
CA_304258,72,2024-02-22,1.698,1.882,0.902
CA_304258,72,2024-02-23,1.591,1.717,0.927
CA_304258,72,2024-02-24,1.436,1.51,0.951
CA_304258,72,2024-02-25,1.735,1.778,0.976
CA_304258,72,2024-02-26,1.793,1.792,1.0
CA_304258,72,2024-02-27,2.204,2.151,1.025
CA_304258,72,2024-02-28,2.351,2.241,1.049
CA_304258,72,2024-02-29,2.252,2.151,1.047
CA_304258,72,2024-03-01,1.826,1.747,1.045
CA_304258,72,2024-03-02,1.438,1.379,1.043
CA_304258,72,2024-03-03,1.723,1.655,1.041
CA_304258,72,2024-03-04,1.815,1.747,1.039
CA_304258,72,2024-03-05,2.112,2.037,1.037
CA_304258,72,2024-03-06,2.093,2.023,1.035
CA_304258,72,2024-03-07,2.293,2.221,1.033
CA_304258,72,2024-03-08,2.463,2.39,1.03
CA_304258,72,2024-03-09,2.443,2.376,1.028
CA_304258,72,2024-03-10,2.562,2.497,1.026
CA_304258,72,2024-03-11,2.557,2.497,1.024
CA_304258,72,2024-03-12,1.879,1.839,1.022
CA_304258,72,2024-03-13,2.64,2.589,1.02
CA_304258,72,2024-03-14,3.383,3.324,1.018
CA_304258,72,2024-03-15,3.082,3.034,1.016
CA_304258,72,2024-03-16,3.448,3.402,1.014
CA_304258,72,2024-03-17,3.548,3.508,1.012
CA_304258,72,2024-03-18,3.341,3.31,1.009
CA_304258,72,2024-03-19,3.612,3.586,1.007
CA_304258,72,2024-03-20,4.081,4.06,1.005
CA_304258,72,2024-03-21,3.533,3.522,1.003
CA_304258,72,2024-03-22,3.342,3.338,1.001
CA_304258,72,2024-03-23,2.112,2.115,0.999
CA_304258,72,2024-03-24,2.315,2.313,1.001
CA_304258,72,2024-03-25,2.872,2.864,1.003
CA_304258,72,2024-03-26,3.247,3.232,1.005
CA_304258,72,2024-03-27,2.791,2.772,1.007
CA_304258,72,2024-03-28,2.425,2.405,1.009
CA_304258,72,2024-03-29,2.508,2.482,1.011
CA_304258,72,2024-03-30,2.42,2.39,1.012
CA_304258,72,2024-03-31,2.719,2.681,1.014
CA_304258,72,2024-04-01,3.665,3.606,1.016
CA_304258,72,2024-04-02,3.657,3.591,1.018
CA_304258,72,2024-04-03,4.161,4.078,1.02
CA_304258,72,2024-04-04,1.56,1.527,1.022
CA_304258,72,2024-04-05,2.323,2.268,1.024
CA_304258,72,2024-04-06,3.2,3.119,1.026
CA_304258,72,2024-04-07,3.804,3.7,1.028
CA_304258,72,2024-04-08,3.811,3.7,1.03
CA_304258,72,2024-04-09,3.869,3.78,1.024
CA_304258,72,2024-04-10,4.245,4.173,1.017
CA_304258,72,2024-04-11,4.204,4.158,1.011
CA_304258,72,2024-04-12,5.618,5.59,1.005
CA_304258,72,2024-04-13,2.185,2.188,0.999
CA_304258,72,2024-04-14,2.251,2.268,0.992
CA_304258,72,2024-04-15,2.703,2.741,0.986
CA_304258,72,2024-04-16,3.811,3.889,0.98
CA_304258,72,2024-04-17,4.14,4.253,0.974
CA_304258,72,2024-04-18,3.945,4.078,0.967
CA_304258,72,2024-04-19,4.737,4.929,0.961
CA_304258,72,2024-04-20,4.977,5.212,0.955
CA_304258,72,2024-04-21,4.765,5.023,0.949
CA_304258,72,2024-04-22,4.72,5.009,0.942
CA_304258,72,2024-04-23,4.083,4.362,0.936
CA_304258,72,2024-04-24,3.616,3.889,0.93
CA_304258,72,2024-04-25,4.042,4.376,0.924
CA_304258,72,2024-04-26,3.308,3.606,0.917
CA_304258,72,2024-04-27,3.629,3.984,0.911
CA_304258,72,2024-04-28,4.973,5.496,0.905
CA_304258,72,2024-04-29,5.108,5.685,0.899
CA_304258,72,2024-04-30,4.82,5.401,0.892
CA_304258,72,2024-05-01,5.051,5.701,0.886
CA_304258,72,2024-05-02,5.098,5.794,0.88
CA_304258,72,2024-05-03,4.856,5.529,0.878
CA_304258,72,2024-05-04,2.207,2.517,0.877
CA_304258,72,2024-05-05,3.508,4.009,0.875
CA_304258,72,2024-05-06,3.922,4.489,0.874
CA_304258,72,2024-05-07,4.496,5.156,0.872
CA_304258,72,2024-05-08,4.719,5.421,0.871
CA_304258,72,2024-05-09,4.792,5.515,0.869
CA_304258,72,2024-05-10,5.43,6.26,0.867
CA_304258,72,2024-05-11,5.447,6.26,0.87
CA_304258,72,2024-05-12,5.965,6.834,0.873
CA_304258,72,2024-05-13,5.902,6.741,0.876
CA_304258,72,2024-05-14,5.743,6.54,0.878
CA_304258,72,2024-05-15,6.02,6.834,0.881
CA_304258,72,2024-05-16,5.874,6.648,0.884
CA_304258,72,2024-05-17,5.548,6.26,0.886
CA_304258,72,2024-05-18,5.317,5.981,0.889
CA_304258,72,2024-05-19,4.902,5.529,0.887
CA_304258,72,2024-05-20,5.384,6.088,0.884
CA_304258,72,2024-05-21,5.534,6.275,0.882
CA_304258,72,2024-05-22,5.602,6.368,0.88
CA_304258,72,2024-05-23,5.26,5.995,0.877
CA_304258,72,2024-05-24,5.001,5.715,0.875
CA_304258,72,2024-05-25,4.731,5.421,0.873
CA_304258,72,2024-05-26,4.893,5.622,0.87
CA_304258,72,2024-05-27,5.279,6.088,0.867
CA_304258,72,2024-05-28,5.73,6.633,0.864
CA_304258,72,2024-05-29,6.121,7.114,0.86
CA_304258,72,2024-05-30,6.03,7.035,0.857
CA_304258,72,2024-05-31,5.848,6.848,0.854
CA_304258,72,2024-06-01,5.923,6.963,0.851
CA_304258,72,2024-06-02,5.48,6.468,0.847
CA_304258,72,2024-06-03,5.297,6.276,0.844
CA_304258,72,2024-06-04,5.599,6.66,0.841
CA_304258,72,2024-06-05,6.072,7.251,0.837
CA_304258,72,2024-06-06,6.289,7.54,0.834
CA_304258,72,2024-06-07,5.852,7.044,0.831
CA_304258,72,2024-06-08,5.273,6.372,0.827
CA_304258,72,2024-06-09,5.422,6.579,0.824
CA_304258,72,2024-06-10,5.558,6.771,0.821
CA_304258,72,2024-06-11,5.851,7.477,0.783
CA_304258,72,2024-06-12,5.836,7.47,0.781
CA_304258,72,2024-06-13,5.972,7.674,0.778
CA_304258,72,2024-06-14,6.045,7.796,0.776
CA_304258,72,2024-06-15,5.995,7.757,0.773
CA_304258,72,2024-06-16,5.716,7.422,0.77
CA_304258,72,2024-06-17,5.811,7.572,0.767
CA_304258,72,2024-06-18,5.84,7.646,0.764
CA_304258,72,2024-06-19,6.001,7.903,0.76
CA_304258,72,2024-06-20,6.063,8.032,0.755
CA_304258,72,2024-06-21,6.188,8.246,0.75
CA_304258,72,2024-06-22,5.886,7.9,0.744
CA_304258,72,2024-06-23,5.707,7.722,0.738
CA_304258,72,2024-06-24,5.586,7.628,0.732
CA_304258,72,2024-06-25,5.711,7.871,0.727
CA_304258,72,2024-06-26,6.058,8.379,0.724
CA_304258,72,2024-06-27,6.34,8.764,0.724
CA_304258,72,2024-06-28,6.332,8.722,0.727
CA_304258,72,2024-06-29,6.137,8.392,0.733
CA_304258,72,2024-06-30,5.998,8.099,0.742
CA_304258,72,2024-07-01,5.594,7.457,0.751
CA_304258,72,2024-07-02,5.442,7.165,0.76
CA_304258,72,2024-07-03,5.558,7.229,0.769
CA_304258,72,2024-07-04,5.939,7.65,0.776
CA_304258,72,2024-07-05,6.117,7.825,0.781
CA_304258,72,2024-07-06,6.355,8.101,0.784
CA_304258,72,2024-07-07,6.595,8.396,0.786
CA_304258,72,2024-07-08,6.938,8.841,0.785
CA_304258,72,2024-07-09,7.07,9.016,0.784
CA_304258,72,2024-07-10,7.13,9.1,0.784
CA_304258,72,2024-07-11,6.987,8.925,0.783
CA_304258,72,2024-07-12,6.81,8.705,0.782
CA_304258,72,2024-07-13,6.404,8.192,0.782
CA_304258,72,2024-07-14,5.876,7.524,0.781
CA_304258,72,2024-07-15,5.504,7.054,0.78
CA_304258,72,2024-07-16,5.161,6.619,0.78
CA_304258,72,2024-07-17,5.156,6.619,0.779
CA_304258,72,2024-07-18,5.342,6.865,0.778
CA_304258,72,2024-07-19,5.612,7.219,0.778
CA_304258,72,2024-07-20,5.736,7.374,0.778
CA_304258,72,2024-07-21,6.099,7.831,0.779
CA_304258,72,2024-07-22,6.055,7.756,0.781
CA_304258,72,2024-07-23,5.859,7.478,0.784
CA_304258,72,2024-07-24,5.53,7.024,0.788
CA_304258,72,2024-07-25,5.541,7.001,0.791
CA_304258,72,2024-07-26,5.549,6.976,0.795
CA_304258,72,2024-07-27,5.627,7.04,0.799
CA_304258,72,2024-07-28,5.688,7.082,0.803
CA_304258,72,2024-07-29,5.87,7.277,0.807
CA_304258,72,2024-07-30,5.884,7.26,0.81
CA_304258,72,2024-07-31,5.946,7.301,0.814
CA_304258,72,2024-08-01,5.992,7.324,0.818
CA_304258,72,2024-08-02,6.105,7.427,0.822
CA_304258,72,2024-08-03,6.19,7.496,0.826
CA_304258,72,2024-08-04,6.234,7.515,0.829
CA_304258,72,2024-08-05,6.063,7.304,0.83
CA_304258,72,2024-08-06,5.943,7.181,0.827
CA_304258,72,2024-08-07,5.655,6.879,0.821
CA_304258,72,2024-08-08,5.366,6.602,0.812
CA_304258,72,2024-08-09,5.296,6.634,0.799
CA_304258,72,2024-08-10,5.636,7.187,0.786
CA_304258,72,2024-08-11,5.883,7.632,0.774
CA_304258,72,2024-08-12,6.045,7.961,0.761
CA_304258,72,2024-08-13,6.191,8.229,0.752
CA_304258,72,2024-08-14,6.241,8.343,0.748
CA_304258,72,2024-08-15,5.989,8.017,0.747
CA_304258,72,2024-08-16,5.633,7.513,0.75
CA_304258,72,2024-08-17,5.455,7.206,0.758
CA_304258,72,2024-08-18,5.259,6.884,0.765
CA_304258,72,2024-08-19,5.083,6.583,0.773
CA_304258,72,2024-08-20,4.895,6.277,0.78
CA_304258,72,2024-08-21,4.911,6.264,0.784
CA_304258,72,2024-08-22,4.947,6.302,0.785
CA_304258,72,2024-08-23,4.876,6.226,0.783
CA_304258,72,2024-08-24,4.801,6.175,0.778
CA_304258,72,2024-08-25,4.844,6.3,0.769
CA_304258,72,2024-08-26,4.793,6.306,0.76
CA_304258,72,2024-08-27,4.739,6.309,0.752
CA_304258,72,2024-08-28,5.026,6.77,0.743
CA_304258,72,2024-08-29,5.074,6.897,0.736
CA_304258,72,2024-08-30,4.838,6.62,0.731
CA_304258,72,2024-08-31,4.646,6.387,0.727
CA_304258,72,2024-09-01,4.455,6.14,0.725
CA_304258,72,2024-09-02,4.2,5.79,0.725
CA_304258,72,2024-09-03,4.076,5.622,0.725
CA_304258,72,2024-09-04,4.285,5.912,0.725
CA_304258,72,2024-09-05,4.488,6.194,0.725
CA_304258,72,2024-09-06,4.634,6.379,0.726
CA_304258,72,2024-09-07,4.677,6.405,0.73
CA_304258,72,2024-09-08,4.639,6.306,0.736
CA_304258,72,2024-09-09,4.444,5.982,0.744
CA_304258,72,2024-09-10,4.306,5.719,0.754
CA_304258,72,2024-09-11,4.21,5.517,0.764
CA_304258,72,2024-09-12,4.118,5.324,0.774
CA_304258,72,2024-09-13,4.098,5.228,0.784
CA_304258,72,2024-09-14,4.163,5.266,0.791
CA_304258,72,2024-09-15,4.075,5.127,0.795
CA_304258,72,2024-09-16,4.046,5.081,0.796
CA_304258,72,2024-09-17,3.949,4.97,0.794
CA_304258,72,2024-09-18,3.751,4.747,0.79
CA_304258,72,2024-09-19,3.521,4.481,0.785
CA_304258,72,2024-09-20,3.593,4.601,0.781
CA_304258,72,2024-09-21,3.615,4.66,0.776
CA_304258,72,2024-09-22,3.664,4.737,0.774
CA_304258,72,2024-09-23,3.809,4.923,0.774
CA_304258,72,2024-09-24,3.993,5.146,0.776
CA_304258,72,2024-09-25,4.027,5.159,0.781
CA_304258,72,2024-09-26,3.882,4.933,0.787
CA_304258,72,2024-09-27,3.774,4.757,0.794
CA_304258,72,2024-09-28,3.533,4.419,0.801
CA_304258,72,2024-09-29,3.339,4.142,0.808
CA_304258,72,2024-09-30,3.013,3.702,0.815
CA_304258,72,2024-10-01,2.972,3.612,0.823
CA_304258,72,2024-10-02,3.044,3.652,0.832
CA_304258,72,2024-10-03,3.451,4.086,0.842
CA_304258,72,2024-10-04,3.512,4.112,0.853
CA_304258,72,2024-10-05,3.642,4.221,0.863
CA_304258,72,2024-10-06,3.424,3.934,0.874
CA_304258,72,2024-10-07,3.304,3.75,0.884
CA_304258,72,2024-10-08,2.905,3.288,0.884
CA_304258,72,2024-10-09,3.121,3.6,0.874
CA_304258,72,2024-10-10,3.126,3.706,0.852
CA_304258,72,2024-10-11,3.142,3.828,0.821
CA_304258,72,2024-10-12,2.985,3.813,0.778
CA_304258,72,2024-10-13,2.8,3.739,0.736
CA_304258,72,2024-10-14,2.282,3.259,0.694
CA_304258,72,2024-10-15,2.132,3.307,0.651
CA_304258,72,2024-10-16,1.988,3.203,0.623
CA_304258,72,2024-10-17,1.828,3.02,0.61
CA_304258,72,2024-10-18,1.926,3.165,0.611
CA_304258,72,2024-10-19,1.995,3.2,0.626
CA_304258,72,2024-10-20,1.837,2.794,0.656
CA_304258,72,2024-10-21,1.95,2.85,0.686
CA_304258,72,2024-10-22,1.9,2.69,0.716
CA_304258,72,2024-10-23,1.547,2.119,0.745
CA_304258,72,2024-10-24,1.474,1.92,0.775
CA_304258,72,2024-10-25,1.482,1.846,0.805
CA_304258,72,2024-10-26,1.257,1.506,0.835
CA_304258,72,2024-10-27,1.176,1.364,0.865
CA_304258,72,2024-10-28,1.231,1.399,0.895
CA_304258,72,2024-10-29,1.177,1.28,0.925
CA_304258,72,2024-10-30,1.073,1.118,0.954
CA_304258,72,2024-10-31,1.221,1.232,0.984
CA_304258,72,2024-11-01,1.449,1.414,1.016
CA_304258,72,2024-11-02,1.703,1.615,1.049
CA_304258,72,2024-11-03,1.821,1.671,1.083
CA_304258,72,2024-11-04,1.988,1.774,1.119
CA_304258,72,2024-11-05,2.047,1.774,1.157
CA_304258,72,2024-11-06,2.052,1.723,1.195
CA_304258,72,2024-11-07,1.944,1.585,1.232
CA_304258,72,2024-11-08,1.823,1.445,1.27
CA_304258,72,2024-11-09,1.716,1.322,1.306
CA_304258,72,2024-11-10,1.695,1.27,1.339
CA_304258,72,2024-11-11,1.638,1.199,1.365
CA_304258,72,2024-11-12,1.632,1.179,1.384
CA_304258,72,2024-11-13,1.692,1.213,1.395
CA_304258,72,2024-11-14,1.747,1.248,1.4
CA_304258,72,2024-11-15,1.698,1.213,1.4
CA_304258,72,2024-11-16,1.717,1.199,1.4
CA_304258,72,2024-11-17,1.749,1.221,1.4
CA_304258,72,2024-11-18,1.777,1.241,1.4
CA_304258,72,2024-11-19,1.801,1.258,1.4
CA_304258,72,2024-11-20,1.801,1.258,1.4
CA_304258,72,2024-11-21,1.834,1.31,1.4
CA_304258,72,2024-11-22,1.899,1.359,1.397
CA_304258,72,2024-11-23,1.837,1.322,1.389
CA_304258,72,2024-11-24,1.745,1.268,1.374
CA_304258,72,2024-11-25,1.677,1.233,1.354
CA_304258,72,2024-11-26,1.592,1.196,1.328
CA_304258,72,2024-11-27,1.546,1.194,1.299
CA_304258,72,2024-11-28,1.511,1.194,1.269
CA_304258,72,2024-11-29,1.56,1.263,1.24
CA_304258,72,2024-11-30,1.572,1.298,1.21
CA_304258,72,2024-12-01,1.444,1.217,1.181
CA_304258,72,2024-12-02,1.291,1.116,1.152
CA_304258,72,2024-12-03,1.192,1.052,1.127
CA_304258,72,2024-12-04,1.037,0.935,1.106
CA_304258,72,2024-12-05,0.91,0.833,1.09
CA_304258,72,2024-12-06,0.881,0.816,1.079
CA_304258,72,2024-12-07,0.822,0.767,1.071
CA_304258,72,2024-12-08,0.797,0.749,1.064
CA_304258,72,2024-12-09,0.791,0.749,1.057
CA_304258,72,2024-12-10,0.949,0.906,1.05
CA_304258,72,2024-12-11,0.956,0.918,1.043
CA_304258,72,2024-12-12,0.862,0.831,1.036
CA_304258,72,2024-12-13,0.909,0.883,1.028
CA_304258,72,2024-12-14,0.921,0.9,1.021
CA_304258,72,2024-12-15,0.824,0.813,1.014
CA_304258,72,2024-12-16,0.788,0.784,1.007
CA_304258,72,2024-12-17,0.955,0.955,1.0
CA_304258,72,2024-12-18,0.914,0.921,0.993
CA_304258,72,2024-12-19,0.853,0.866,0.985
CA_304258,72,2024-12-20,0.827,0.845,0.978
CA_304258,72,2024-12-21,0.922,0.95,0.971
CA_304258,72,2024-12-22,0.848,0.88,0.964
CA_304258,72,2024-12-23,0.858,0.898,0.957
CA_304258,72,2024-12-24,0.902,0.95,0.949
CA_304258,72,2024-12-25,0.882,0.935,0.942
CA_304258,72,2024-12-26,0.745,0.796,0.935
CA_304258,72,2024-12-27,0.726,0.781,0.928
CA_304258,72,2024-12-28,0.672,0.729,0.921
CA_304258,72,2024-12-29,0.605,0.662,0.914
CA_304258,72,2024-12-30,0.574,0.632,0.91
CA_304258,72,2024-12-31,0.606,0.668,0.906
CA_304688,72,2024-01-01,0.537,0.899,0.598
CA_304688,72,2024-01-02,0.432,0.719,0.601
CA_304688,72,2024-01-03,0.706,1.169,0.604
CA_304688,72,2024-01-04,1.037,1.708,0.607
CA_304688,72,2024-01-05,0.658,1.079,0.61
CA_304688,72,2024-01-06,0.607,0.989,0.613
CA_304688,72,2024-01-07,0.721,1.169,0.617
CA_304688,72,2024-01-08,0.613,0.989,0.62
CA_304688,72,2024-01-09,0.672,1.079,0.623
CA_304688,72,2024-01-10,0.675,1.079,0.626
CA_304688,72,2024-01-11,0.792,1.259,0.629
CA_304688,72,2024-01-12,0.594,0.899,0.66
CA_304688,72,2024-01-13,0.622,0.899,0.692
CA_304688,72,2024-01-14,0.78,1.079,0.723
CA_304688,72,2024-01-15,0.61,0.809,0.754
CA_304688,72,2024-01-16,0.635,0.809,0.785
CA_304688,72,2024-01-17,0.881,1.079,0.816
CA_304688,72,2024-01-18,0.915,1.079,0.848
CA_304688,72,2024-01-19,1.264,1.439,0.879
CA_304688,72,2024-01-20,1.309,1.439,0.91
CA_304688,72,2024-01-21,1.185,1.259,0.941
CA_304688,72,2024-01-22,0.962,0.989,0.972
CA_304688,72,2024-01-23,1.354,1.349,1.004
CA_304688,72,2024-01-24,0.931,0.899,1.035
CA_304688,72,2024-01-25,1.438,1.349,1.066
CA_304688,72,2024-01-26,1.283,1.169,1.097
CA_304688,72,2024-01-27,1.218,1.079,1.128
CA_304688,72,2024-01-28,1.398,1.259,1.11
CA_304688,72,2024-01-29,1.571,1.439,1.092
CA_304688,72,2024-01-30,1.932,1.798,1.074
CA_304688,72,2024-01-31,2.944,2.788,1.056
CA_304688,72,2024-02-01,1.217,1.172,1.038
CA_304688,72,2024-02-02,1.195,1.172,1.02
CA_304688,72,2024-02-03,1.264,1.262,1.002
CA_304688,72,2024-02-04,1.862,1.893,0.984
CA_304688,72,2024-02-05,1.654,1.713,0.966
CA_304688,72,2024-02-06,1.11,1.172,0.947
CA_304688,72,2024-02-07,1.089,1.172,0.929
CA_304688,72,2024-02-08,0.822,0.902,0.911
CA_304688,72,2024-02-09,1.288,1.443,0.893
CA_304688,72,2024-02-10,1.104,1.262,0.875
CA_304688,72,2024-02-11,1.313,1.533,0.857
CA_304688,72,2024-02-12,1.286,1.533,0.839
CA_304688,72,2024-02-13,1.176,1.443,0.815
CA_304688,72,2024-02-14,1.214,1.533,0.792
CA_304688,72,2024-02-15,1.177,1.533,0.768
CA_304688,72,2024-02-16,1.209,1.623,0.745
CA_304688,72,2024-02-17,1.105,1.533,0.721
CA_304688,72,2024-02-18,1.51,2.164,0.698
CA_304688,72,2024-02-19,1.519,2.254,0.674
CA_304688,72,2024-02-20,1.29,1.984,0.651
CA_304688,72,2024-02-21,1.077,1.623,0.664
CA_304688,72,2024-02-22,1.403,2.074,0.677
CA_304688,72,2024-02-23,1.306,1.893,0.69
CA_304688,72,2024-02-24,1.14,1.623,0.703
CA_304688,72,2024-02-25,1.291,1.803,0.716
CA_304688,72,2024-02-26,1.314,1.803,0.729
CA_304688,72,2024-02-27,1.672,2.254,0.742
CA_304688,72,2024-02-28,1.838,2.434,0.755
CA_304688,72,2024-02-29,1.654,2.164,0.764
CA_304688,72,2024-03-01,1.416,1.83,0.774
CA_304688,72,2024-03-02,1.146,1.464,0.783
CA_304688,72,2024-03-03,1.305,1.647,0.792
CA_304688,72,2024-03-04,1.467,1.83,0.802
CA_304688,72,2024-03-05,1.781,2.196,0.811
CA_304688,72,2024-03-06,1.801,2.196,0.82
CA_304688,72,2024-03-07,1.898,2.288,0.83
CA_304688,72,2024-03-08,1.996,2.379,0.839
CA_304688,72,2024-03-09,2.018,2.379,0.848
CA_304688,72,2024-03-10,2.354,2.745,0.858
CA_304688,72,2024-03-11,2.221,2.562,0.867
CA_304688,72,2024-03-12,1.604,1.83,0.876
CA_304688,72,2024-03-13,2.35,2.654,0.886
CA_304688,72,2024-03-14,3.194,3.569,0.895
CA_304688,72,2024-03-15,2.73,3.02,0.904
CA_304688,72,2024-03-16,3.053,3.386,0.902
CA_304688,72,2024-03-17,3.291,3.66,0.899
CA_304688,72,2024-03-18,3.036,3.386,0.897
CA_304688,72,2024-03-19,3.273,3.66,0.894
CA_304688,72,2024-03-20,3.753,4.209,0.892
CA_304688,72,2024-03-21,3.417,3.843,0.889
CA_304688,72,2024-03-22,3.164,3.569,0.887
CA_304688,72,2024-03-23,1.942,2.196,0.884
CA_304688,72,2024-03-24,2.134,2.379,0.897
CA_304688,72,2024-03-25,2.664,2.928,0.91
CA_304688,72,2024-03-26,2.955,3.203,0.922
CA_304688,72,2024-03-27,2.653,2.837,0.935
CA_304688,72,2024-03-28,2.342,2.471,0.948
CA_304688,72,2024-03-29,2.462,2.562,0.961
CA_304688,72,2024-03-30,2.406,2.471,0.974
CA_304688,72,2024-03-31,2.708,2.745,0.986
CA_304688,72,2024-04-01,3.704,3.69,1.004
CA_304688,72,2024-04-02,3.767,3.69,1.021
CA_304688,72,2024-04-03,4.405,4.244,1.038
CA_304688,72,2024-04-04,1.558,1.476,1.055
CA_304688,72,2024-04-05,2.374,2.214,1.072
CA_304688,72,2024-04-06,3.418,3.137,1.09
CA_304688,72,2024-04-07,4.186,3.783,1.107
CA_304688,72,2024-04-08,4.148,3.69,1.124
CA_304688,72,2024-04-09,4.167,3.69,1.129
CA_304688,72,2024-04-10,4.918,4.336,1.134
CA_304688,72,2024-04-11,4.625,4.06,1.139
CA_304688,72,2024-04-12,6.335,5.536,1.144
CA_304688,72,2024-04-13,2.545,2.214,1.15
CA_304688,72,2024-04-14,2.557,2.214,1.155
CA_304688,72,2024-04-15,3.103,2.676,1.16
CA_304688,72,2024-04-16,4.622,3.967,1.165
CA_304688,72,2024-04-17,4.874,4.244,1.148
CA_304688,72,2024-04-18,4.699,4.152,1.132
CA_304688,72,2024-04-19,5.453,4.89,1.115
CA_304688,72,2024-04-20,5.777,5.259,1.099
CA_304688,72,2024-04-21,5.69,5.259,1.082
CA_304688,72,2024-04-22,5.209,4.89,1.065
CA_304688,72,2024-04-23,4.547,4.336,1.049
CA_304688,72,2024-04-24,3.904,3.783,1.032
CA_304688,72,2024-04-25,4.591,4.521,1.015
CA_304688,72,2024-04-26,3.594,3.598,0.999
CA_304688,72,2024-04-27,3.987,4.06,0.982
CA_304688,72,2024-04-28,5.345,5.536,0.966
CA_304688,72,2024-04-29,5.516,5.813,0.949
CA_304688,72,2024-04-30,5.076,5.443,0.932
CA_304688,72,2024-05-01,5.228,5.709,0.916
CA_304688,72,2024-05-02,5.296,5.89,0.899
CA_304688,72,2024-05-03,4.93,5.528,0.892
CA_304688,72,2024-05-04,2.165,2.447,0.885
CA_304688,72,2024-05-05,3.419,3.897,0.877
CA_304688,72,2024-05-06,3.943,4.531,0.87
CA_304688,72,2024-05-07,4.457,5.165,0.863
CA_304688,72,2024-05-08,4.652,5.437,0.856
CA_304688,72,2024-05-09,4.767,5.618,0.848
CA_304688,72,2024-05-10,5.412,6.434,0.841
CA_304688,72,2024-05-11,5.479,6.434,0.852
CA_304688,72,2024-05-12,6.015,6.978,0.862
CA_304688,72,2024-05-13,6.009,6.887,0.872
CA_304688,72,2024-05-14,5.92,6.706,0.883
CA_304688,72,2024-05-15,6.152,6.887,0.893
CA_304688,72,2024-05-16,5.978,6.615,0.904
CA_304688,72,2024-05-17,5.716,6.253,0.914
CA_304688,72,2024-05-18,5.53,5.981,0.925
CA_304688,72,2024-05-19,5.179,5.618,0.922
CA_304688,72,2024-05-20,5.829,6.343,0.919
CA_304688,72,2024-05-21,5.977,6.525,0.916
CA_304688,72,2024-05-22,6.124,6.706,0.913
CA_304688,72,2024-05-23,5.61,6.162,0.91
CA_304688,72,2024-05-24,5.346,5.89,0.908
CA_304688,72,2024-05-25,4.92,5.437,0.905
CA_304688,72,2024-05-26,5.231,5.8,0.902
CA_304688,72,2024-05-27,5.743,6.434,0.893
CA_304688,72,2024-05-28,6.002,6.796,0.883
CA_304688,72,2024-05-29,6.413,7.34,0.874
CA_304688,72,2024-05-30,6.422,7.431,0.864
CA_304688,72,2024-05-31,6.119,7.159,0.855
CA_304688,72,2024-06-01,5.92,7.004,0.845
CA_304688,72,2024-06-02,5.392,6.451,0.836
CA_304688,72,2024-06-03,5.179,6.267,0.826
CA_304688,72,2024-06-04,5.496,6.728,0.817
CA_304688,72,2024-06-05,6.251,7.741,0.807
CA_304688,72,2024-06-06,6.398,8.018,0.798
CA_304688,72,2024-06-07,5.668,7.189,0.789
CA_304688,72,2024-06-08,5.026,6.451,0.779
CA_304688,72,2024-06-09,5.249,6.82,0.77
CA_304688,72,2024-06-10,5.394,7.096,0.76
CA_304688,72,2024-06-11,4.492,5.53,0.812
CA_304688,72,2024-06-12,4.67,5.732,0.814
CA_304688,72,2024-06-13,4.876,5.954,0.818
CA_304688,72,2024-06-14,5.128,6.23,0.822
CA_304688,72,2024-06-15,5.533,6.691,0.827
CA_304688,72,2024-06-16,5.62,6.765,0.831
CA_304688,72,2024-06-17,5.586,6.691,0.835
CA_304688,72,2024-06-18,5.554,6.617,0.84
CA_304688,72,2024-06-19,5.586,6.617,0.844
CA_304688,72,2024-06-20,5.493,6.47,0.849
CA_304688,72,2024-06-21,5.427,6.359,0.854
CA_304688,72,2024-06-22,5.201,6.064,0.858
CA_304688,72,2024-06-23,5.263,6.101,0.863
CA_304688,72,2024-06-24,5.232,6.046,0.865
CA_304688,72,2024-06-25,5.186,5.991,0.866
CA_304688,72,2024-06-26,5.409,6.267,0.863
CA_304688,72,2024-06-27,5.871,6.839,0.859
CA_304688,72,2024-06-28,6.09,7.152,0.852
CA_304688,72,2024-06-29,6.42,7.602,0.846
CA_304688,72,2024-06-30,6.673,7.958,0.839
CA_304688,72,2024-07-01,6.719,8.074,0.832
CA_304688,72,2024-07-02,6.721,8.134,0.826
CA_304688,72,2024-07-03,6.77,8.253,0.82
CA_304688,72,2024-07-04,6.541,8.028,0.815
CA_304688,72,2024-07-05,6.472,7.991,0.81
CA_304688,72,2024-07-06,6.423,7.972,0.805
CA_304688,72,2024-07-07,6.314,7.879,0.801
CA_304688,72,2024-07-08,6.054,7.598,0.797
CA_304688,72,2024-07-09,5.946,7.504,0.792
CA_304688,72,2024-07-10,5.927,7.523,0.788
CA_304688,72,2024-07-11,6.069,7.748,0.784
CA_304688,72,2024-07-12,6.314,8.103,0.78
CA_304688,72,2024-07-13,6.501,8.384,0.776
CA_304688,72,2024-07-14,6.574,8.515,0.772
CA_304688,72,2024-07-15,6.502,8.459,0.768
CA_304688,72,2024-07-16,6.313,8.253,0.765
CA_304688,72,2024-07-17,6.166,8.103,0.761
CA_304688,72,2024-07-18,6.15,8.141,0.756
CA_304688,72,2024-07-19,6.222,8.309,0.749
CA_304688,72,2024-07-20,6.313,8.515,0.742
CA_304688,72,2024-07-21,6.109,8.328,0.733
CA_304688,72,2024-07-22,6.061,8.384,0.722
CA_304688,72,2024-07-23,5.942,8.347,0.712
CA_304688,72,2024-07-24,5.8,8.272,0.702
CA_304688,72,2024-07-25,5.711,8.272,0.691
CA_304688,72,2024-07-26,5.943,8.683,0.684
CA_304688,72,2024-07-27,5.94,8.721,0.681
CA_304688,72,2024-07-28,5.955,8.739,0.681
CA_304688,72,2024-07-29,6.0,8.758,0.685
CA_304688,72,2024-07-30,5.823,8.42,0.692
CA_304688,72,2024-07-31,5.516,7.899,0.7
CA_304688,72,2024-08-01,5.27,7.468,0.707
CA_304688,72,2024-08-02,5.034,7.056,0.714
CA_304688,72,2024-08-03,4.992,6.919,0.721
CA_304688,72,2024-08-04,5.225,7.174,0.727
CA_304688,72,2024-08-05,5.494,7.484,0.734
CA_304688,72,2024-08-06,5.519,7.466,0.739
CA_304688,72,2024-08-07,5.487,7.375,0.745
CA_304688,72,2024-08-08,5.182,6.919,0.75
CA_304688,72,2024-08-09,4.905,6.501,0.755
CA_304688,72,2024-08-10,4.806,6.318,0.761
CA_304688,72,2024-08-11,4.817,6.3,0.764
CA_304688,72,2024-08-12,4.956,6.464,0.767
CA_304688,72,2024-08-13,5.071,6.61,0.767
CA_304688,72,2024-08-14,5.037,6.573,0.766
CA_304688,72,2024-08-15,4.991,6.537,0.763
CA_304688,72,2024-08-16,4.671,6.136,0.761
CA_304688,72,2024-08-17,4.392,5.79,0.758
CA_304688,72,2024-08-18,3.856,5.098,0.756
CA_304688,72,2024-08-19,3.568,4.734,0.753
CA_304688,72,2024-08-20,3.347,4.461,0.75
CA_304688,72,2024-08-21,3.511,4.698,0.748
CA_304688,72,2024-08-22,3.551,4.771,0.745
CA_304688,72,2024-08-23,4.067,5.481,0.743
CA_304688,72,2024-08-24,4.471,6.045,0.74
CA_304688,72,2024-08-25,4.737,6.428,0.737
CA_304688,72,2024-08-26,4.947,6.737,0.735
CA_304688,72,2024-08-27,5.359,7.301,0.734
CA_304688,72,2024-08-28,5.461,7.429,0.735
CA_304688,72,2024-08-29,5.482,7.429,0.738
CA_304688,72,2024-08-30,5.345,7.2,0.743
CA_304688,72,2024-08-31,4.907,6.561,0.75
CA_304688,72,2024-09-01,4.195,5.561,0.757
CA_304688,72,2024-09-02,3.873,5.084,0.764
CA_304688,72,2024-09-03,3.7,4.803,0.77
CA_304688,72,2024-09-04,3.584,4.625,0.774
CA_304688,72,2024-09-05,3.749,4.839,0.774
CA_304688,72,2024-09-06,3.967,5.141,0.772
CA_304688,72,2024-09-07,4.099,5.355,0.766
CA_304688,72,2024-09-08,3.969,5.248,0.756
CA_304688,72,2024-09-09,4.037,5.408,0.747
CA_304688,72,2024-09-10,4.066,5.515,0.738
CA_304688,72,2024-09-11,4.056,5.568,0.729
CA_304688,72,2024-09-12,3.931,5.426,0.725
CA_304688,72,2024-09-13,4.032,5.55,0.726
CA_304688,72,2024-09-14,3.858,5.266,0.734
CA_304688,72,2024-09-15,3.68,4.946,0.746
CA_304688,72,2024-09-16,3.551,4.661,0.765
CA_304688,72,2024-09-17,3.51,4.501,0.783
CA_304688,72,2024-09-18,3.374,4.216,0.801
CA_304688,72,2024-09-19,3.291,4.021,0.819
CA_304688,72,2024-09-20,3.392,4.074,0.833
CA_304688,72,2024-09-21,3.551,4.216,0.842
CA_304688,72,2024-09-22,3.617,4.269,0.847
CA_304688,72,2024-09-23,3.635,4.287,0.848
CA_304688,72,2024-09-24,3.799,4.5,0.844
CA_304688,72,2024-09-25,3.842,4.572,0.84
CA_304688,72,2024-09-26,3.81,4.554,0.837
CA_304688,72,2024-09-27,3.837,4.607,0.833
CA_304688,72,2024-09-28,3.484,4.198,0.829
CA_304688,72,2024-09-29,3.018,3.651,0.824
CA_304688,72,2024-09-30,2.651,3.225,0.82
CA_304688,72,2024-10-01,2.467,3.023,0.815
CA_304688,72,2024-10-02,2.239,2.769,0.81
CA_304688,72,2024-10-03,2.628,3.271,0.805
CA_304688,72,2024-10-04,3.08,3.856,0.8
CA_304688,72,2024-10-05,3.283,4.132,0.795
CA_304688,72,2024-10-06,3.325,4.201,0.791
CA_304688,72,2024-10-07,3.453,4.373,0.789
CA_304688,72,2024-10-08,3.246,4.115,0.789
CA_304688,72,2024-10-09,3.031,3.839,0.79
CA_304688,72,2024-10-10,2.861,3.615,0.792
CA_304688,72,2024-10-11,2.732,3.443,0.794
CA_304688,72,2024-10-12,2.673,3.357,0.796
CA_304688,72,2024-10-13,2.736,3.426,0.798
CA_304688,72,2024-10-14,2.917,3.633,0.802
CA_304688,72,2024-10-15,3.072,3.805,0.807
CA_304688,72,2024-10-16,3.12,3.839,0.813
CA_304688,72,2024-10-17,2.904,3.547,0.821
CA_304688,72,2024-10-18,2.865,3.46,0.83
CA_304688,72,2024-10-19,2.685,3.202,0.839
CA_304688,72,2024-10-20,2.555,3.013,0.848
CA_304688,72,2024-10-21,2.298,2.686,0.857
CA_304688,72,2024-10-22,2.335,2.703,0.866
CA_304688,72,2024-10-23,2.38,2.72,0.875
CA_304688,72,2024-10-24,2.286,2.582,0.884
CA_304688,72,2024-10-25,2.342,2.617,0.893
CA_304688,72,2024-10-26,2.673,2.961,0.902
CA_304688,72,2024-10-27,2.584,2.841,0.911
CA_304688,72,2024-10-28,2.26,2.462,0.92
CA_304688,72,2024-10-29,2.055,2.221,0.929
CA_304688,72,2024-10-30,1.807,1.947,0.93
CA_304688,72,2024-10-31,1.635,1.777,0.924
CA_304688,72,2024-11-01,1.745,1.934,0.91
CA_304688,72,2024-11-02,1.814,2.057,0.889
CA_304688,72,2024-11-03,2.011,2.352,0.86
CA_304688,72,2024-11-04,1.953,2.335,0.832
CA_304688,72,2024-11-05,1.777,2.197,0.803
CA_304688,72,2024-11-06,1.613,2.075,0.774
CA_304688,72,2024-11-07,1.495,1.989,0.747
CA_304688,72,2024-11-08,1.365,1.902,0.722
CA_304688,72,2024-11-09,1.388,1.989,0.699
CA_304688,72,2024-11-10,1.416,2.092,0.678
CA_304688,72,2024-11-11,1.312,1.989,0.659
CA_304688,72,2024-11-12,1.321,2.058,0.64
CA_304688,72,2024-11-13,1.244,2.006,0.621
CA_304688,72,2024-11-14,1.15,1.903,0.602
CA_304688,72,2024-11-15,1.018,1.73,0.588
CA_304688,72,2024-11-16,0.914,1.574,0.578
CA_304688,72,2024-11-17,0.825,1.436,0.574
CA_304688,72,2024-11-18,0.735,1.28,0.574
CA_304688,72,2024-11-19,0.722,1.245,0.579
CA_304688,72,2024-11-20,0.688,1.176,0.585
CA_304688,72,2024-11-21,0.848,1.436,0.59
CA_304688,72,2024-11-22,0.918,1.539,0.595
CA_304688,72,2024-11-23,0.974,1.626,0.599
CA_304688,72,2024-11-24,0.976,1.626,0.6
CA_304688,72,2024-11-25,0.965,1.608,0.599
CA_304688,72,2024-11-26,0.878,1.47,0.596
CA_304688,72,2024-11-27,0.829,1.401,0.591
CA_304688,72,2024-11-28,0.77,1.315,0.586
CA_304688,72,2024-11-29,0.812,1.399,0.582
CA_304688,72,2024-11-30,0.823,1.426,0.577
CA_304688,72,2024-12-01,0.762,1.331,0.572
CA_304688,72,2024-12-02,0.733,1.291,0.567
CA_304688,72,2024-12-03,0.703,1.249,0.562
CA_304688,72,2024-12-04,0.695,1.249,0.557
CA_304688,72,2024-12-05,0.729,1.322,0.552
CA_304688,72,2024-12-06,0.734,1.34,0.548
CA_304688,72,2024-12-07,0.698,1.286,0.543
CA_304688,72,2024-12-08,0.674,1.249,0.538
CA_304688,72,2024-12-09,0.668,1.249,0.535
CA_304688,72,2024-12-10,0.647,1.213,0.533
CA_304688,72,2024-12-11,0.627,1.177,0.533
CA_304688,72,2024-12-12,0.648,1.213,0.534
CA_304688,72,2024-12-13,0.671,1.25,0.538
CA_304688,72,2024-12-14,0.617,1.141,0.541
CA_304688,72,2024-12-15,0.631,1.159,0.544
CA_304688,72,2024-12-16,0.744,1.358,0.547
CA_304688,72,2024-12-17,0.758,1.376,0.55
CA_304688,72,2024-12-18,0.751,1.358,0.553
CA_304688,72,2024-12-19,0.694,1.249,0.557
CA_304688,72,2024-12-20,0.606,1.086,0.56
CA_304688,72,2024-12-21,0.529,0.941,0.563
CA_304688,72,2024-12-22,0.534,0.941,0.566
CA_304688,72,2024-12-23,0.547,0.96,0.569
CA_304688,72,2024-12-24,0.601,1.05,0.572
CA_304688,72,2024-12-25,0.73,1.267,0.575
CA_304688,72,2024-12-26,0.723,1.249,0.579
CA_304688,72,2024-12-27,0.759,1.304,0.582
CA_304688,72,2024-12-28,0.699,1.195,0.585
CA_304688,72,2024-12-29,0.67,1.141,0.588
CA_304688,72,2024-12-30,0.587,0.996,0.589
CA_304688,72,2024-12-31,0.588,0.996,0.591
CA_305684,204,2024-01-01,0.647,0.798,0.812
CA_305684,204,2024-01-02,0.729,0.877,0.831
CA_305684,204,2024-01-03,1.153,1.356,0.85
CA_305684,204,2024-01-04,1.51,1.755,0.86
CA_305684,204,2024-01-05,1.181,1.356,0.871
CA_305684,204,2024-01-06,1.265,1.436,0.881
CA_305684,204,2024-01-07,0.995,1.117,0.891
CA_305684,204,2024-01-08,1.078,1.196,0.901
CA_305684,204,2024-01-09,1.454,1.595,0.911
CA_305684,204,2024-01-10,1.47,1.595,0.922
CA_305684,204,2024-01-11,1.264,1.356,0.932
CA_305684,204,2024-01-12,1.142,1.196,0.955
CA_305684,204,2024-01-13,1.013,1.037,0.977
CA_305684,204,2024-01-14,1.595,1.595,1.0
CA_305684,204,2024-01-15,1.142,1.117,1.023
CA_305684,204,2024-01-16,1.0,0.957,1.045
CA_305684,204,2024-01-17,1.363,1.276,1.068
CA_305684,204,2024-01-18,1.392,1.276,1.091
CA_305684,204,2024-01-19,1.865,1.675,1.113
CA_305684,204,2024-01-20,1.54,1.356,1.136
CA_305684,204,2024-01-21,1.479,1.276,1.159
CA_305684,204,2024-01-22,1.413,1.196,1.181
CA_305684,204,2024-01-23,1.632,1.356,1.204
CA_305684,204,2024-01-24,1.076,0.877,1.227
CA_305684,204,2024-01-25,1.594,1.276,1.249
CA_305684,204,2024-01-26,1.725,1.356,1.272
CA_305684,204,2024-01-27,1.755,1.356,1.295
CA_305684,204,2024-01-28,2.14,1.675,1.277
CA_305684,204,2024-01-29,2.011,1.595,1.26
CA_305684,204,2024-01-30,2.777,2.233,1.243
CA_305684,204,2024-01-31,3.521,2.872,1.226
CA_305684,204,2024-02-01,1.784,1.475,1.209
CA_305684,204,2024-02-02,1.655,1.388,1.192
CA_305684,204,2024-02-03,1.529,1.302,1.175
CA_305684,204,2024-02-04,2.914,2.516,1.158
CA_305684,204,2024-02-05,1.98,1.735,1.141
CA_305684,204,2024-02-06,1.268,1.128,1.124
CA_305684,204,2024-02-07,1.249,1.128,1.107
CA_305684,204,2024-02-08,1.135,1.041,1.09
CA_305684,204,2024-02-09,1.489,1.388,1.073
CA_305684,204,2024-02-10,1.374,1.302,1.056
CA_305684,204,2024-02-11,1.802,1.735,1.039
CA_305684,204,2024-02-12,1.95,1.909,1.021
CA_305684,204,2024-02-13,1.634,1.649,0.991
CA_305684,204,2024-02-14,1.583,1.649,0.96
CA_305684,204,2024-02-15,1.291,1.388,0.93
CA_305684,204,2024-02-16,1.327,1.475,0.899
CA_305684,204,2024-02-17,1.281,1.475,0.869
CA_305684,204,2024-02-18,1.745,2.083,0.838
CA_305684,204,2024-02-19,1.682,2.083,0.808
CA_305684,204,2024-02-20,1.551,1.996,0.777
CA_305684,204,2024-02-21,1.307,1.649,0.793
CA_305684,204,2024-02-22,1.614,1.996,0.809
CA_305684,204,2024-02-23,1.503,1.822,0.825
CA_305684,204,2024-02-24,1.677,1.996,0.84
CA_305684,204,2024-02-25,1.932,2.256,0.856
CA_305684,204,2024-02-26,1.741,1.996,0.872
CA_305684,204,2024-02-27,1.772,1.996,0.888
CA_305684,204,2024-02-28,2.353,2.603,0.904
CA_305684,204,2024-02-29,1.893,2.083,0.909
CA_305684,204,2024-03-01,1.584,1.732,0.914
CA_305684,204,2024-03-02,1.173,1.277,0.919
CA_305684,204,2024-03-03,1.601,1.732,0.924
CA_305684,204,2024-03-04,1.526,1.641,0.929
CA_305684,204,2024-03-05,1.79,1.915,0.935
CA_305684,204,2024-03-06,1.714,1.824,0.94
CA_305684,204,2024-03-07,2.068,2.188,0.945
CA_305684,204,2024-03-08,2.425,2.553,0.95
CA_305684,204,2024-03-09,2.787,2.918,0.955
CA_305684,204,2024-03-10,2.539,2.644,0.96
CA_305684,204,2024-03-11,2.465,2.553,0.965
CA_305684,204,2024-03-12,1.681,1.732,0.971
CA_305684,204,2024-03-13,2.224,2.28,0.976
CA_305684,204,2024-03-14,3.22,3.283,0.981
CA_305684,204,2024-03-15,3.236,3.283,0.986
CA_305684,204,2024-03-16,3.524,3.556,0.991
CA_305684,204,2024-03-17,3.27,3.283,0.996
CA_305684,204,2024-03-18,3.561,3.556,1.001
CA_305684,204,2024-03-19,3.487,3.465,1.006
CA_305684,204,2024-03-20,3.782,3.739,1.012
CA_305684,204,2024-03-21,3.059,3.009,1.017
CA_305684,204,2024-03-22,3.354,3.283,1.022
CA_305684,204,2024-03-23,2.06,2.006,1.027
CA_305684,204,2024-03-24,2.259,2.188,1.032
CA_305684,204,2024-03-25,2.932,2.827,1.037
CA_305684,204,2024-03-26,3.232,3.1,1.042
CA_305684,204,2024-03-27,3.057,2.918,1.048
CA_305684,204,2024-03-28,2.304,2.188,1.053
CA_305684,204,2024-03-29,2.508,2.371,1.058
CA_305684,204,2024-03-30,2.617,2.462,1.063
CA_305684,204,2024-03-31,2.824,2.644,1.068
CA_305684,204,2024-04-01,3.821,3.624,1.054
CA_305684,204,2024-04-02,3.871,3.719,1.041
CA_305684,204,2024-04-03,4.212,4.1,1.027
CA_305684,204,2024-04-04,1.353,1.335,1.014
CA_305684,204,2024-04-05,2.289,2.289,1.0
CA_305684,204,2024-04-06,3.104,3.147,0.986
CA_305684,204,2024-04-07,3.247,3.338,0.973
CA_305684,204,2024-04-08,3.476,3.624,0.959
CA_305684,204,2024-04-09,3.777,4.005,0.943
CA_305684,204,2024-04-10,4.067,4.387,0.927
CA_305684,204,2024-04-11,4.257,4.673,0.911
CA_305684,204,2024-04-12,5.12,5.722,0.895
CA_305684,204,2024-04-13,2.011,2.289,0.879
CA_305684,204,2024-04-14,1.975,2.289,0.863
CA_305684,204,2024-04-15,2.422,2.861,0.847
CA_305684,204,2024-04-16,3.406,4.1,0.831
CA_305684,204,2024-04-17,3.528,4.291,0.822
CA_305684,204,2024-04-18,3.415,4.196,0.814
CA_305684,204,2024-04-19,3.763,4.673,0.805
CA_305684,204,2024-04-20,4.104,5.149,0.797
CA_305684,204,2024-04-21,4.136,5.245,0.789
CA_305684,204,2024-04-22,4.241,5.436,0.78
CA_305684,204,2024-04-23,3.312,4.291,0.772
CA_305684,204,2024-04-24,2.912,3.814,0.763
CA_305684,204,2024-04-25,3.168,4.196,0.755
CA_305684,204,2024-04-26,2.634,3.528,0.747
CA_305684,204,2024-04-27,2.745,3.719,0.738
CA_305684,204,2024-04-28,3.618,4.959,0.73
CA_305684,204,2024-04-29,3.577,4.959,0.721
CA_305684,204,2024-04-30,3.671,5.149,0.713
CA_305684,204,2024-05-01,3.784,5.372,0.704
CA_305684,204,2024-05-02,3.87,5.56,0.696
CA_305684,204,2024-05-03,3.564,5.183,0.688
CA_305684,204,2024-05-04,1.793,2.639,0.679
CA_305684,204,2024-05-05,2.656,3.958,0.671
CA_305684,204,2024-05-06,2.873,4.335,0.663
CA_305684,204,2024-05-07,3.206,4.901,0.654
CA_305684,204,2024-05-08,3.226,4.995,0.646
CA_305684,204,2024-05-09,3.665,5.749,0.638
CA_305684,204,2024-05-10,3.973,6.314,0.629
CA_305684,204,2024-05-11,3.935,6.22,0.633
CA_305684,204,2024-05-12,4.257,6.691,0.636
CA_305684,204,2024-05-13,3.797,5.937,0.64
CA_305684,204,2024-05-14,3.878,6.032,0.643
CA_305684,204,2024-05-15,4.021,6.22,0.646
CA_305684,204,2024-05-16,4.104,6.314,0.65
CA_305684,204,2024-05-17,3.818,5.843,0.653
CA_305684,204,2024-05-18,3.9,5.937,0.657
CA_305684,204,2024-05-19,3.557,5.372,0.662
CA_305684,204,2024-05-20,3.901,5.843,0.668
CA_305684,204,2024-05-21,3.805,5.655,0.673
CA_305684,204,2024-05-22,4.027,5.937,0.678
CA_305684,204,2024-05-23,3.866,5.655,0.684
CA_305684,204,2024-05-24,3.767,5.466,0.689
CA_305684,204,2024-05-25,3.534,5.089,0.694
CA_305684,204,2024-05-26,3.496,4.995,0.7
CA_305684,204,2024-05-27,3.994,5.749,0.695
CA_305684,204,2024-05-28,4.355,6.314,0.69
CA_305684,204,2024-05-29,4.258,6.22,0.685
CA_305684,204,2024-05-30,4.227,6.22,0.68
CA_305684,204,2024-05-31,4.259,6.314,0.674
CA_305684,204,2024-06-01,4.389,6.557,0.669
CA_305684,204,2024-06-02,3.901,5.872,0.664
CA_305684,204,2024-06-03,3.806,5.774,0.659
CA_305684,204,2024-06-04,4.097,6.263,0.654
CA_305684,204,2024-06-05,4.764,7.339,0.649
CA_305684,204,2024-06-06,4.538,7.046,0.644
CA_305684,204,2024-06-07,4.377,6.85,0.639
CA_305684,204,2024-06-08,4.094,6.459,0.634
CA_305684,204,2024-06-09,4.0,6.361,0.629
CA_305684,204,2024-06-10,3.724,5.969,0.624
CA_305684,204,2024-06-11,3.062,5.236,0.584
CA_305684,204,2024-06-12,3.222,5.461,0.589
CA_305684,204,2024-06-13,3.475,5.793,0.598
CA_305684,204,2024-06-14,3.683,6.048,0.608
CA_305684,204,2024-06-15,3.964,6.42,0.617
CA_305684,204,2024-06-16,4.15,6.654,0.623
CA_305684,204,2024-06-17,4.101,6.537,0.627
CA_305684,204,2024-06-18,3.974,6.322,0.628
CA_305684,204,2024-06-19,3.867,6.165,0.627
CA_305684,204,2024-06-20,3.778,6.067,0.622
CA_305684,204,2024-06-21,3.557,5.754,0.618
CA_305684,204,2024-06-22,3.366,5.48,0.614
CA_305684,204,2024-06-23,3.412,5.598,0.609
CA_305684,204,2024-06-24,3.438,5.695,0.604
CA_305684,204,2024-06-25,3.374,5.656,0.597
CA_305684,204,2024-06-26,3.488,5.93,0.589
CA_305684,204,2024-06-27,3.765,6.498,0.58
CA_305684,204,2024-06-28,3.894,6.85,0.57
CA_305684,204,2024-06-29,4.051,7.26,0.56
CA_305684,204,2024-06-30,4.185,7.631,0.549
CA_305684,204,2024-07-01,4.309,8.003,0.539
CA_305684,204,2024-07-02,4.263,8.039,0.53
CA_305684,204,2024-07-03,4.141,7.919,0.523
CA_305684,204,2024-07-04,3.939,7.622,0.516
CA_305684,204,2024-07-05,3.812,7.444,0.512
CA_305684,204,2024-07-06,3.594,7.068,0.508
CA_305684,204,2024-07-07,3.481,6.889,0.505
CA_305684,204,2024-07-08,3.368,6.711,0.502
CA_305684,204,2024-07-09,3.423,6.87,0.498
CA_305684,204,2024-07-10,3.473,6.969,0.498
CA_305684,204,2024-07-11,3.537,7.048,0.502
CA_305684,204,2024-07-12,3.644,7.167,0.509
CA_305684,204,2024-07-13,3.883,7.483,0.519
CA_305684,204,2024-07-14,3.93,7.384,0.532
CA_305684,204,2024-07-15,4.155,7.602,0.546
CA_305684,204,2024-07-16,4.332,7.741,0.559
CA_305684,204,2024-07-17,4.381,7.662,0.573
CA_305684,204,2024-07-18,4.39,7.543,0.582
CA_305684,204,2024-07-19,4.47,7.602,0.589
CA_305684,204,2024-07-20,4.399,7.444,0.591
CA_305684,204,2024-07-21,4.346,7.365,0.59
CA_305684,204,2024-07-22,4.372,7.464,0.586
CA_305684,204,2024-07-23,4.292,7.384,0.581
CA_305684,204,2024-07-24,4.28,7.424,0.576
CA_305684,204,2024-07-25,4.177,7.305,0.572
CA_305684,204,2024-07-26,4.172,7.325,0.57
CA_305684,204,2024-07-27,4.23,7.424,0.57
CA_305684,204,2024-07-28,4.294,7.503,0.572
CA_305684,204,2024-07-29,4.25,7.365,0.577
CA_305684,204,2024-07-30,4.304,7.369,0.584
CA_305684,204,2024-07-31,4.254,7.197,0.592
CA_305684,204,2024-08-01,4.109,6.87,0.599
CA_305684,204,2024-08-02,3.973,6.563,0.606
CA_305684,204,2024-08-03,3.971,6.491,0.612
CA_305684,204,2024-08-04,4.033,6.53,0.618
CA_305684,204,2024-08-05,4.181,6.723,0.622
CA_305684,204,2024-08-06,4.371,6.994,0.625
CA_305684,204,2024-08-07,4.432,7.071,0.627
CA_305684,204,2024-08-08,4.275,6.8,0.629
CA_305684,204,2024-08-09,4.106,6.51,0.631
CA_305684,204,2024-08-10,3.925,6.201,0.633
CA_305684,204,2024-08-11,3.95,6.221,0.635
CA_305684,204,2024-08-12,4.082,6.414,0.636
CA_305684,204,2024-08-13,4.308,6.762,0.637
CA_305684,204,2024-08-14,4.483,7.032,0.637
CA_305684,204,2024-08-15,4.693,7.361,0.638
CA_305684,204,2024-08-16,4.57,7.168,0.638
CA_305684,204,2024-08-17,4.632,7.264,0.638
CA_305684,204,2024-08-18,4.09,6.414,0.638
CA_305684,204,2024-08-19,3.647,5.719,0.638
CA_305684,204,2024-08-20,3.315,5.197,0.638
CA_305684,204,2024-08-21,3.253,5.1,0.638
CA_305684,204,2024-08-22,3.032,4.753,0.638
CA_305684,204,2024-08-23,3.377,5.294,0.638
CA_305684,204,2024-08-24,3.612,5.661,0.638
CA_305684,204,2024-08-25,3.748,5.873,0.638
CA_305684,204,2024-08-26,3.798,5.95,0.638
CA_305684,204,2024-08-27,3.827,5.989,0.639
CA_305684,204,2024-08-28,3.959,6.182,0.64
CA_305684,204,2024-08-29,4.384,6.82,0.642
CA_305684,204,2024-08-30,4.595,7.119,0.645
CA_305684,204,2024-08-31,4.427,6.83,0.648
CA_305684,204,2024-09-01,4.121,6.333,0.652
CA_305684,204,2024-09-02,3.863,5.911,0.655
CA_305684,204,2024-09-03,3.404,5.177,0.658
CA_305684,204,2024-09-04,3.139,4.741,0.662
CA_305684,204,2024-09-05,3.258,4.893,0.665
CA_305684,204,2024-09-06,3.643,5.442,0.669
CA_305684,204,2024-09-07,3.775,5.613,0.672
CA_305684,204,2024-09-08,3.742,5.537,0.676
CA_305684,204,2024-09-09,3.815,5.613,0.68
CA_305684,204,2024-09-10,3.731,5.461,0.683
CA_305684,204,2024-09-11,3.518,5.12,0.687
CA_305684,204,2024-09-12,3.444,4.969,0.694
CA_305684,204,2024-09-13,3.504,4.988,0.704
CA_305684,204,2024-09-14,3.408,4.76,0.716
CA_305684,204,2024-09-15,3.326,4.551,0.732
CA_305684,204,2024-09-16,3.252,4.343,0.75
CA_305684,204,2024-09-17,3.241,4.229,0.769
CA_305684,204,2024-09-18,3.237,4.115,0.788
CA_305684,204,2024-09-19,3.198,3.963,0.806
CA_305684,204,2024-09-20,3.217,3.926,0.819
CA_305684,204,2024-09-21,3.306,4.001,0.826
CA_305684,204,2024-09-22,3.419,4.134,0.827
CA_305684,204,2024-09-23,3.445,4.191,0.823
CA_305684,204,2024-09-24,3.418,4.21,0.812
CA_305684,204,2024-09-25,3.408,4.248,0.802
CA_305684,204,2024-09-26,3.292,4.153,0.792
CA_305684,204,2024-09-27,3.216,4.115,0.781
CA_305684,204,2024-09-28,2.859,3.698,0.772
CA_305684,204,2024-09-29,2.535,3.312,0.763
CA_305684,204,2024-09-30,2.326,3.07,0.756
CA_305684,204,2024-10-01,2.258,3.011,0.749
CA_305684,204,2024-10-02,2.147,2.891,0.744
CA_305684,204,2024-10-03,2.387,3.24,0.738
CA_305684,204,2024-10-04,2.75,3.759,0.733
CA_305684,204,2024-10-05,3.017,4.152,0.728
CA_305684,204,2024-10-06,3.297,4.564,0.723
CA_305684,204,2024-10-07,3.311,4.6,0.72
CA_305684,204,2024-10-08,3.173,4.421,0.718
CA_305684,204,2024-10-09,2.924,4.081,0.716
CA_305684,204,2024-10-10,2.705,3.777,0.716
CA_305684,204,2024-10-11,2.5,3.49,0.716
CA_305684,204,2024-10-12,2.384,3.329,0.716
CA_305684,204,2024-10-13,2.447,3.419,0.716
CA_305684,204,2024-10-14,2.512,3.508,0.716
CA_305684,204,2024-10-15,2.476,3.454,0.717
CA_305684,204,2024-10-16,2.415,3.365,0.718
CA_305684,204,2024-10-17,2.536,3.526,0.719
CA_305684,204,2024-10-18,2.556,3.544,0.721
CA_305684,204,2024-10-19,2.562,3.544,0.723
CA_305684,204,2024-10-20,2.541,3.508,0.725
CA_305684,204,2024-10-21,2.313,3.186,0.726
CA_305684,204,2024-10-22,2.11,2.899,0.728
CA_305684,204,2024-10-23,2.012,2.756,0.73
CA_305684,204,2024-10-24,1.807,2.47,0.732
CA_305684,204,2024-10-25,1.773,2.416,0.734
CA_305684,204,2024-10-26,1.895,2.577,0.735
CA_305684,204,2024-10-27,1.9,2.577,0.737
CA_305684,204,2024-10-28,1.826,2.47,0.739
CA_305684,204,2024-10-29,1.949,2.631,0.741
CA_305684,204,2024-10-30,1.918,2.581,0.744
CA_305684,204,2024-10-31,1.913,2.56,0.747
CA_305684,204,2024-11-01,2.015,2.678,0.752
CA_305684,204,2024-11-02,1.99,2.626,0.758
CA_305684,204,2024-11-03,1.967,2.571,0.765
CA_305684,204,2024-11-04,1.917,2.487,0.772
CA_305684,204,2024-11-05,1.777,2.287,0.779
CA_305684,204,2024-11-06,1.624,2.07,0.786
CA_305684,204,2024-11-07,1.57,1.986,0.792
CA_305684,204,2024-11-08,1.461,1.836,0.796
CA_305684,204,2024-11-09,1.467,1.836,0.799
CA_305684,204,2024-11-10,1.791,2.237,0.801
CA_305684,204,2024-11-11,2.1,2.621,0.801
CA_305684,204,2024-11-12,2.221,2.771,0.801
CA_305684,204,2024-11-13,2.409,3.005,0.802
CA_305684,204,2024-11-14,2.356,2.938,0.802
CA_305684,204,2024-11-15,2.035,2.537,0.802
CA_305684,204,2024-11-16,1.606,2.003,0.801
CA_305684,204,2024-11-17,1.377,1.719,0.8
CA_305684,204,2024-11-18,1.133,1.419,0.798
CA_305684,204,2024-11-19,1.169,1.469,0.796
CA_305684,204,2024-11-20,1.125,1.419,0.794
CA_305684,204,2024-11-21,1.254,1.586,0.791
CA_305684,204,2024-11-22,1.277,1.619,0.789
CA_305684,204,2024-11-23,1.302,1.653,0.788
CA_305684,204,2024-11-24,1.237,1.569,0.788
CA_305684,204,2024-11-25,1.239,1.569,0.79
CA_305684,204,2024-11-26,1.313,1.652,0.793
CA_305684,204,2024-11-27,1.347,1.686,0.798
CA_305684,204,2024-11-28,1.3,1.619,0.803
CA_305684,204,2024-11-29,1.302,1.613,0.808
CA_305684,204,2024-11-30,1.289,1.59,0.812
CA_305684,204,2024-12-01,1.076,1.318,0.817
CA_305684,204,2024-12-02,0.996,1.213,0.822
CA_305684,204,2024-12-03,0.997,1.206,0.827
CA_305684,204,2024-12-04,1.223,1.467,0.831
CA_305684,204,2024-12-05,1.229,1.467,0.836
CA_305684,204,2024-12-06,1.206,1.435,0.841
CA_305684,204,2024-12-07,1.198,1.418,0.846
CA_305684,204,2024-12-08,1.162,1.37,0.85
CA_305684,204,2024-12-09,0.963,1.141,0.846
CA_305684,204,2024-12-10,0.997,1.207,0.833
CA_305684,204,2024-12-11,1.062,1.321,0.811
CA_305684,204,2024-12-12,1.111,1.435,0.78
CA_305684,204,2024-12-13,1.177,1.598,0.74
CA_305684,204,2024-12-14,1.159,1.663,0.7
CA_305684,204,2024-12-15,1.17,1.794,0.661
CA_305684,204,2024-12-16,1.217,1.989,0.621
CA_305684,204,2024-12-17,1.128,1.908,0.593
CA_305684,204,2024-12-18,1.05,1.826,0.577
CA_305684,204,2024-12-19,0.916,1.614,0.572
CA_305684,204,2024-12-20,0.731,1.288,0.58
CA_305684,204,2024-12-21,0.581,0.978,0.599
CA_305684,204,2024-12-22,0.582,0.946,0.618
CA_305684,204,2024-12-23,0.599,0.929,0.638
CA_305684,204,2024-12-24,0.692,1.043,0.657
CA_305684,204,2024-12-25,0.857,1.255,0.676
CA_305684,204,2024-12-26,0.934,1.337,0.696
CA_305684,204,2024-12-27,1.076,1.5,0.715
CA_305684,204,2024-12-28,1.002,1.37,0.734
CA_305684,204,2024-12-29,0.924,1.239,0.754
CA_305684,204,2024-12-30,0.848,1.121,0.763
CA_305684,204,2024-12-31,0.812,1.06,0.773
CA_306027,204,2024-01-01,0.453,0.695,0.652
CA_306027,204,2024-01-02,0.401,0.608,0.659
CA_306027,204,2024-01-03,0.752,1.129,0.666
CA_306027,204,2024-01-04,0.993,1.477,0.672
CA_306027,204,2024-01-05,0.649,0.955,0.679
CA_306027,204,2024-01-06,0.655,0.955,0.685
CA_306027,204,2024-01-07,0.721,1.042,0.692
CA_306027,204,2024-01-08,0.667,0.955,0.698
CA_306027,204,2024-01-09,0.735,1.042,0.705
CA_306027,204,2024-01-10,0.927,1.303,0.711
CA_306027,204,2024-01-11,0.811,1.129,0.718
CA_306027,204,2024-01-12,0.689,0.955,0.722
CA_306027,204,2024-01-13,0.504,0.695,0.725
CA_306027,204,2024-01-14,0.823,1.129,0.729
CA_306027,204,2024-01-15,0.509,0.695,0.733
CA_306027,204,2024-01-16,0.576,0.782,0.736
CA_306027,204,2024-01-17,0.772,1.042,0.74
CA_306027,204,2024-01-18,0.711,0.955,0.744
CA_306027,204,2024-01-19,0.909,1.216,0.748
CA_306027,204,2024-01-20,0.914,1.216,0.751
CA_306027,204,2024-01-21,0.853,1.129,0.755
CA_306027,204,2024-01-22,0.725,0.955,0.759
CA_306027,204,2024-01-23,0.927,1.216,0.762
CA_306027,204,2024-01-24,0.532,0.695,0.766
CA_306027,204,2024-01-25,0.869,1.129,0.77
CA_306027,204,2024-01-26,0.874,1.129,0.774
CA_306027,204,2024-01-27,0.81,1.042,0.777
CA_306027,204,2024-01-28,0.952,1.216,0.783
CA_306027,204,2024-01-29,1.095,1.39,0.788
CA_306027,204,2024-01-30,1.309,1.65,0.793
CA_306027,204,2024-01-31,2.011,2.519,0.798
CA_306027,204,2024-02-01,1.025,1.275,0.804
CA_306027,204,2024-02-02,1.105,1.366,0.809
CA_306027,204,2024-02-03,0.964,1.184,0.814
CA_306027,204,2024-02-04,1.642,2.004,0.819
CA_306027,204,2024-02-05,1.427,1.731,0.824
CA_306027,204,2024-02-06,0.982,1.184,0.83
CA_306027,204,2024-02-07,0.989,1.184,0.835
CA_306027,204,2024-02-08,0.765,0.911,0.84
CA_306027,204,2024-02-09,1.155,1.366,0.845
CA_306027,204,2024-02-10,1.007,1.184,0.851
CA_306027,204,2024-02-11,1.247,1.457,0.856
CA_306027,204,2024-02-12,1.412,1.64,0.861
CA_306027,204,2024-02-13,1.126,1.366,0.824
CA_306027,204,2024-02-14,1.218,1.548,0.787
CA_306027,204,2024-02-15,1.092,1.457,0.749
CA_306027,204,2024-02-16,1.103,1.548,0.712
CA_306027,204,2024-02-17,0.861,1.275,0.675
CA_306027,204,2024-02-18,1.336,2.095,0.638
CA_306027,204,2024-02-19,1.258,2.095,0.6
CA_306027,204,2024-02-20,1.128,2.004,0.563
CA_306027,204,2024-02-21,0.972,1.64,0.593
CA_306027,204,2024-02-22,1.191,1.913,0.623
CA_306027,204,2024-02-23,1.129,1.731,0.652
CA_306027,204,2024-02-24,1.056,1.548,0.682
CA_306027,204,2024-02-25,1.297,1.822,0.712
CA_306027,204,2024-02-26,1.418,1.913,0.742
CA_306027,204,2024-02-27,1.616,2.095,0.771
CA_306027,204,2024-02-28,1.751,2.186,0.801
CA_306027,204,2024-02-29,1.755,2.186,0.803
CA_306027,204,2024-03-01,1.351,1.678,0.805
CA_306027,204,2024-03-02,1.128,1.399,0.807
CA_306027,204,2024-03-03,1.432,1.772,0.808
CA_306027,204,2024-03-04,1.36,1.678,0.81
CA_306027,204,2024-03-05,1.59,1.958,0.812
CA_306027,204,2024-03-06,1.594,1.958,0.814
CA_306027,204,2024-03-07,1.902,2.331,0.816
CA_306027,204,2024-03-08,2.059,2.517,0.818
CA_306027,204,2024-03-09,1.987,2.424,0.82
CA_306027,204,2024-03-10,1.992,2.424,0.822
CA_306027,204,2024-03-11,2.073,2.517,0.824
CA_306027,204,2024-03-12,1.616,1.958,0.825
CA_306027,204,2024-03-13,2.16,2.611,0.827
CA_306027,204,2024-03-14,2.706,3.263,0.829
CA_306027,204,2024-03-15,2.557,3.077,0.831
CA_306027,204,2024-03-16,2.705,3.263,0.829
CA_306027,204,2024-03-17,2.853,3.45,0.827
CA_306027,204,2024-03-18,2.769,3.357,0.825
CA_306027,204,2024-03-19,2.839,3.45,0.823
CA_306027,204,2024-03-20,3.291,4.009,0.821
CA_306027,204,2024-03-21,2.825,3.45,0.819
CA_306027,204,2024-03-22,2.742,3.357,0.817
CA_306027,204,2024-03-23,1.823,2.238,0.815
CA_306027,204,2024-03-24,2.085,2.517,0.828
CA_306027,204,2024-03-25,2.588,3.077,0.841
CA_306027,204,2024-03-26,2.868,3.357,0.854
CA_306027,204,2024-03-27,2.427,2.797,0.867
CA_306027,204,2024-03-28,2.135,2.424,0.881
CA_306027,204,2024-03-29,2.083,2.331,0.894
CA_306027,204,2024-03-30,2.199,2.424,0.907
CA_306027,204,2024-03-31,2.488,2.704,0.92
CA_306027,204,2024-04-01,3.368,3.666,0.919
CA_306027,204,2024-04-02,3.363,3.666,0.917
CA_306027,204,2024-04-03,3.617,3.948,0.916
CA_306027,204,2024-04-04,1.634,1.786,0.915
CA_306027,204,2024-04-05,2.232,2.444,0.913
CA_306027,204,2024-04-06,2.915,3.196,0.912
CA_306027,204,2024-04-07,3.424,3.76,0.911
CA_306027,204,2024-04-08,3.419,3.76,0.909
CA_306027,204,2024-04-09,3.481,3.854,0.903
CA_306027,204,2024-04-10,3.796,4.23,0.897
CA_306027,204,2024-04-11,3.77,4.23,0.891
CA_306027,204,2024-04-12,5.076,5.734,0.885
CA_306027,204,2024-04-13,1.984,2.256,0.879
CA_306027,204,2024-04-14,2.052,2.35,0.873
CA_306027,204,2024-04-15,2.446,2.82,0.867
CA_306027,204,2024-04-16,3.482,4.042,0.861
CA_306027,204,2024-04-17,3.698,4.324,0.855
CA_306027,204,2024-04-18,3.513,4.136,0.849
CA_306027,204,2024-04-19,4.281,5.076,0.843
CA_306027,204,2024-04-20,4.487,5.358,0.837
CA_306027,204,2024-04-21,4.142,4.982,0.831
CA_306027,204,2024-04-22,4.267,5.17,0.825
CA_306027,204,2024-04-23,3.774,4.606,0.819
CA_306027,204,2024-04-24,3.288,4.042,0.813
CA_306027,204,2024-04-25,3.795,4.7,0.807
CA_306027,204,2024-04-26,3.013,3.76,0.801
CA_306027,204,2024-04-27,3.215,4.042,0.795
CA_306027,204,2024-04-28,4.304,5.452,0.789
CA_306027,204,2024-04-29,4.418,5.64,0.783
CA_306027,204,2024-04-30,4.238,5.452,0.777
CA_306027,204,2024-05-01,4.385,5.684,0.771
CA_306027,204,2024-05-02,4.421,5.776,0.765
CA_306027,204,2024-05-03,4.272,5.593,0.764
CA_306027,204,2024-05-04,1.887,2.475,0.762
CA_306027,204,2024-05-05,3.14,4.126,0.761
CA_306027,204,2024-05-06,3.482,4.584,0.759
CA_306027,204,2024-05-07,3.961,5.226,0.758
CA_306027,204,2024-05-08,4.092,5.409,0.757
CA_306027,204,2024-05-09,4.154,5.501,0.755
CA_306027,204,2024-05-10,4.698,6.234,0.754
CA_306027,204,2024-05-11,4.424,5.959,0.742
CA_306027,204,2024-05-12,4.893,6.693,0.731
CA_306027,204,2024-05-13,4.818,6.693,0.72
CA_306027,204,2024-05-14,4.613,6.51,0.709
CA_306027,204,2024-05-15,4.796,6.876,0.697
CA_306027,204,2024-05-16,4.593,6.693,0.686
CA_306027,204,2024-05-17,4.27,6.326,0.675
CA_306027,204,2024-05-18,4.016,6.051,0.664
CA_306027,204,2024-05-19,3.712,5.593,0.664
CA_306027,204,2024-05-20,4.138,6.234,0.664
CA_306027,204,2024-05-21,4.137,6.234,0.664
CA_306027,204,2024-05-22,4.198,6.326,0.664
CA_306027,204,2024-05-23,4.015,6.051,0.664
CA_306027,204,2024-05-24,3.893,5.868,0.664
CA_306027,204,2024-05-25,3.65,5.501,0.664
CA_306027,204,2024-05-26,3.771,5.684,0.663
CA_306027,204,2024-05-27,3.909,5.868,0.666
CA_306027,204,2024-05-28,4.355,6.51,0.669
CA_306027,204,2024-05-29,4.742,7.06,0.672
CA_306027,204,2024-05-30,4.638,6.876,0.675
CA_306027,204,2024-05-31,4.657,6.876,0.677
CA_306027,204,2024-06-01,4.765,7.007,0.68
CA_306027,204,2024-06-02,4.593,6.727,0.683
CA_306027,204,2024-06-03,4.42,6.446,0.686
CA_306027,204,2024-06-04,4.566,6.633,0.688
CA_306027,204,2024-06-05,4.907,7.1,0.691
CA_306027,204,2024-06-06,4.992,7.194,0.694
CA_306027,204,2024-06-07,4.881,7.007,0.697
CA_306027,204,2024-06-08,4.509,6.446,0.699
CA_306027,204,2024-06-09,4.592,6.54,0.702
CA_306027,204,2024-06-10,4.676,6.633,0.705
CA_306027,204,2024-06-11,4.291,7.077,0.605
CA_306027,204,2024-06-12,4.191,7.007,0.597
CA_306027,204,2024-06-13,4.115,7.082,0.58
CA_306027,204,2024-06-14,3.958,7.026,0.564
CA_306027,204,2024-06-15,3.828,6.97,0.55
CA_306027,204,2024-06-16,3.868,7.156,0.541
CA_306027,204,2024-06-17,3.856,7.212,0.535
CA_306027,204,2024-06-18,3.836,7.212,0.532
CA_306027,204,2024-06-19,3.902,7.325,0.533
CA_306027,204,2024-06-20,3.829,7.175,0.534
CA_306027,204,2024-06-21,3.804,7.119,0.534
CA_306027,204,2024-06-22,3.78,7.063,0.535
CA_306027,204,2024-06-23,3.756,7.007,0.536
CA_306027,204,2024-06-24,3.702,6.895,0.537
CA_306027,204,2024-06-25,3.899,7.25,0.538
CA_306027,204,2024-06-26,4.006,7.437,0.539
CA_306027,204,2024-06-27,4.052,7.511,0.539
CA_306027,204,2024-06-28,4.038,7.474,0.54
CA_306027,204,2024-06-29,3.994,7.383,0.541
CA_306027,204,2024-06-30,3.84,7.086,0.542
CA_306027,204,2024-07-01,3.717,6.845,0.543
CA_306027,204,2024-07-02,3.832,7.038,0.545
CA_306027,204,2024-07-03,4.116,7.534,0.546
CA_306027,204,2024-07-04,4.359,7.951,0.548
CA_306027,204,2024-07-05,4.5,8.179,0.55
CA_306027,204,2024-07-06,4.598,8.331,0.552
CA_306027,204,2024-07-07,4.541,8.198,0.554
CA_306027,204,2024-07-08,4.316,7.761,0.556
CA_306027,204,2024-07-09,4.111,7.363,0.558
CA_306027,204,2024-07-10,4.01,7.154,0.561
CA_306027,204,2024-07-11,4.047,7.192,0.563
CA_306027,204,2024-07-12,4.008,7.098,0.565
CA_306027,204,2024-07-13,3.893,6.87,0.567
CA_306027,204,2024-07-14,3.875,6.813,0.569
CA_306027,204,2024-07-15,3.868,6.775,0.571
CA_306027,204,2024-07-16,3.785,6.604,0.573
CA_306027,204,2024-07-17,3.817,6.642,0.574
CA_306027,204,2024-07-18,3.974,6.908,0.575
CA_306027,204,2024-07-19,3.93,6.832,0.575
CA_306027,204,2024-07-20,3.958,6.888,0.575
CA_306027,204,2024-07-21,3.905,6.812,0.573
CA_306027,204,2024-07-22,3.83,6.699,0.572
CA_306027,204,2024-07-23,3.766,6.604,0.57
CA_306027,204,2024-07-24,3.821,6.718,0.569
CA_306027,204,2024-07-25,3.792,6.718,0.565
CA_306027,204,2024-07-26,3.861,6.927,0.558
CA_306027,204,2024-07-27,3.809,6.946,0.548
CA_306027,204,2024-07-28,3.725,6.946,0.536
CA_306027,204,2024-07-29,3.614,6.927,0.521
CA_306027,204,2024-07-30,3.555,7.019,0.507
CA_306027,204,2024-07-31,3.523,7.184,0.492
CA_306027,204,2024-08-01,3.549,7.463,0.477
CA_306027,204,2024-08-02,3.517,7.538,0.467
CA_306027,204,2024-08-03,3.472,7.502,0.463
CA_306027,204,2024-08-04,3.31,7.151,0.464
CA_306027,204,2024-08-05,3.124,6.671,0.47
CA_306027,204,2024-08-06,3.011,6.264,0.482
CA_306027,204,2024-08-07,2.991,6.061,0.494
CA_306027,204,2024-08-08,3.076,6.079,0.505
CA_306027,204,2024-08-09,3.222,6.227,0.517
CA_306027,204,2024-08-10,3.322,6.338,0.524
CA_306027,204,2024-08-11,3.32,6.301,0.527
CA_306027,204,2024-08-12,3.349,6.375,0.525
CA_306027,204,2024-08-13,3.19,6.135,0.519
CA_306027,204,2024-08-14,3.251,6.394,0.509
CA_306027,204,2024-08-15,3.143,6.301,0.499
CA_306027,204,2024-08-16,3.196,6.541,0.489
CA_306027,204,2024-08-17,3.273,6.856,0.479
CA_306027,204,2024-08-18,3.46,7.318,0.473
CA_306027,204,2024-08-19,3.309,7.022,0.472
CA_306027,204,2024-08-20,3.357,7.077,0.476
CA_306027,204,2024-08-21,3.264,6.782,0.484
CA_306027,204,2024-08-22,3.233,6.523,0.497
CA_306027,204,2024-08-23,3.144,6.172,0.509
CA_306027,204,2024-08-24,3.173,6.079,0.522
CA_306027,204,2024-08-25,3.199,5.987,0.535
CA_306027,204,2024-08-26,3.247,5.987,0.543
CA_306027,204,2024-08-27,3.207,5.858,0.548
CA_306027,204,2024-08-28,3.18,5.802,0.548
CA_306027,204,2024-08-29,3.148,5.784,0.544
CA_306027,204,2024-08-30,3.057,5.696,0.536
CA_306027,204,2024-08-31,2.997,5.664,0.528
CA_306027,204,2024-09-01,2.902,5.574,0.521
CA_306027,204,2024-09-02,2.913,5.687,0.513
CA_306027,204,2024-09-03,2.945,5.691,0.518
CA_306027,204,2024-09-04,3.176,5.91,0.537
CA_306027,204,2024-09-05,3.922,6.767,0.568
CA_306027,204,2024-09-06,4.504,7.205,0.613
CA_306027,204,2024-09-07,4.598,6.858,0.671
CA_306027,204,2024-09-08,4.793,6.694,0.73
CA_306027,204,2024-09-09,4.714,6.201,0.788
CA_306027,204,2024-09-10,4.101,4.979,0.846
CA_306027,204,2024-09-11,3.646,4.159,0.883
CA_306027,204,2024-09-12,3.794,4.25,0.898
CA_306027,204,2024-09-13,3.69,4.159,0.892
CA_306027,204,2024-09-14,3.696,4.305,0.865
CA_306027,204,2024-09-15,3.548,4.341,0.816
CA_306027,204,2024-09-16,3.454,4.487,0.767
CA_306027,204,2024-09-17,3.129,4.359,0.718
CA_306027,204,2024-09-18,2.847,4.25,0.669
CA_306027,204,2024-09-19,2.662,4.232,0.631
CA_306027,204,2024-09-20,2.685,4.45,0.603
CA_306027,204,2024-09-21,2.649,4.523,0.586
CA_306027,204,2024-09-22,2.685,4.633,0.579
CA_306027,204,2024-09-23,2.755,4.724,0.583
CA_306027,204,2024-09-24,2.829,4.815,0.588
CA_306027,204,2024-09-25,2.751,4.651,0.592
CA_306027,204,2024-09-26,2.662,4.469,0.596
CA_306027,204,2024-09-27,2.605,4.359,0.598
CA_306027,204,2024-09-28,2.775,4.651,0.597
CA_306027,204,2024-09-29,2.665,4.487,0.594
CA_306027,204,2024-09-30,2.784,4.731,0.589
CA_306027,204,2024-10-01,2.83,4.87,0.581
CA_306027,204,2024-10-02,2.853,4.972,0.573
CA_306027,204,2024-10-03,2.627,4.643,0.566
CA_306027,204,2024-10-04,2.567,4.59,0.558
CA_306027,204,2024-10-05,2.349,4.259,0.55
CA_306027,204,2024-10-06,2.219,4.084,0.542
CA_306027,204,2024-10-07,2.036,3.805,0.535
CA_306027,204,2024-10-08,1.95,3.7,0.527
CA_306027,204,2024-10-09,1.868,3.596,0.519
CA_306027,204,2024-10-10,1.84,3.596,0.511
CA_306027,204,2024-10-11,1.809,3.596,0.504
CA_306027,204,2024-10-12,1.799,3.631,0.496
CA_306027,204,2024-10-13,1.701,3.473,0.49
CA_306027,204,2024-10-14,1.67,3.439,0.485
CA_306027,204,2024-10-15,1.66,3.439,0.483
CA_306027,204,2024-10-16,1.631,3.386,0.482
CA_306027,204,2024-10-17,1.641,3.404,0.482
CA_306027,204,2024-10-18,1.669,3.456,0.483
CA_306027,204,2024-10-19,1.603,3.317,0.483
CA_306027,204,2024-10-20,1.52,3.142,0.484
CA_306027,204,2024-10-21,1.413,2.915,0.485
CA_306027,204,2024-10-22,1.271,2.618,0.485
CA_306027,204,2024-10-23,1.197,2.461,0.486
CA_306027,204,2024-10-24,1.199,2.461,0.487
CA_306027,204,2024-10-25,1.125,2.304,0.488
CA_306027,204,2024-10-26,1.076,2.199,0.49
CA_306027,204,2024-10-27,1.027,2.094,0.491
CA_306027,204,2024-10-28,1.03,2.094,0.492
CA_306027,204,2024-10-29,1.024,2.077,0.493
CA_306027,204,2024-10-30,1.057,2.136,0.495
CA_306027,204,2024-10-31,1.098,2.212,0.496
CA_306027,204,2024-11-01,1.217,2.442,0.498
CA_306027,204,2024-11-02,1.25,2.499,0.5
CA_306027,204,2024-11-03,1.189,2.369,0.502
CA_306027,204,2024-11-04,1.21,2.403,0.504
CA_306027,204,2024-11-05,1.093,2.164,0.506
CA_306027,204,2024-11-06,0.942,1.857,0.508
CA_306027,204,2024-11-07,0.825,1.619,0.51
CA_306027,204,2024-11-08,0.776,1.517,0.512
CA_306027,204,2024-11-09,0.657,1.278,0.514
CA_306027,204,2024-11-10,0.642,1.244,0.516
CA_306027,204,2024-11-11,0.636,1.227,0.518
CA_306027,204,2024-11-12,0.674,1.295,0.52
CA_306027,204,2024-11-13,0.721,1.38,0.522
CA_306027,204,2024-11-14,0.776,1.482,0.523
CA_306027,204,2024-11-15,0.988,1.891,0.523
CA_306027,204,2024-11-16,1.004,1.925,0.522
CA_306027,204,2024-11-17,0.93,1.789,0.519
CA_306027,204,2024-11-18,0.864,1.67,0.516
CA_306027,204,2024-11-19,0.797,1.551,0.512
CA_306027,204,2024-11-20,0.607,1.193,0.509
CA_306027,204,2024-11-21,0.628,1.244,0.505
CA_306027,204,2024-11-22,0.622,1.244,0.5
CA_306027,204,2024-11-23,0.647,1.312,0.493
CA_306027,204,2024-11-24,0.652,1.346,0.484
CA_306027,204,2024-11-25,0.638,1.346,0.473
CA_306027,204,2024-11-26,0.565,1.227,0.46
CA_306027,204,2024-11-27,0.551,1.227,0.448
CA_306027,204,2024-11-28,0.547,1.261,0.435
CA_306027,204,2024-11-29,0.534,1.268,0.422
CA_306027,204,2024-11-30,0.521,1.258,0.415
CA_306027,204,2024-12-01,0.584,1.404,0.415
CA_306027,204,2024-12-02,0.608,1.445,0.42
CA_306027,204,2024-12-03,0.638,1.47,0.432
CA_306027,204,2024-12-04,0.662,1.47,0.45
CA_306027,204,2024-12-05,0.701,1.505,0.468
CA_306027,204,2024-12-06,0.67,1.383,0.485
CA_306027,204,2024-12-07,0.693,1.383,0.503
CA_306027,204,2024-12-08,0.689,1.33,0.518
CA_306027,204,2024-12-09,0.723,1.365,0.529
CA_306027,204,2024-12-10,0.668,1.243,0.537
CA_306027,204,2024-12-11,0.616,1.138,0.542
CA_306027,204,2024-12-12,0.571,1.05,0.544
CA_306027,204,2024-12-13,0.516,0.945,0.546
CA_306027,204,2024-12-14,0.46,0.84,0.548
CA_306027,204,2024-12-15,0.491,0.893,0.55
CA_306027,204,2024-12-16,0.502,0.91,0.551
CA_306027,204,2024-12-17,0.503,0.91,0.553
CA_306027,204,2024-12-18,0.485,0.875,0.555
CA_306027,204,2024-12-19,0.448,0.805,0.557
CA_306027,204,2024-12-20,0.41,0.735,0.559
CA_306027,204,2024-12-21,0.412,0.735,0.56
CA_306027,204,2024-12-22,0.423,0.753,0.562
CA_306027,204,2024-12-23,0.484,0.858,0.564
CA_306027,204,2024-12-24,0.615,1.085,0.566
CA_306027,204,2024-12-25,0.676,1.19,0.568
CA_306027,204,2024-12-26,0.708,1.243,0.57
CA_306027,204,2024-12-27,0.72,1.26,0.571
CA_306027,204,2024-12-28,0.682,1.19,0.573
CA_306027,204,2024-12-29,0.583,1.015,0.575
CA_306027,204,2024-12-30,0.554,0.962,0.576
CA_306027,204,2024-12-31,0.538,0.933,0.577
CA_306521,204,2024-01-01,0.675,0.824,0.819
CA_306521,204,2024-01-02,0.609,0.742,0.821
CA_306521,204,2024-01-03,1.019,1.237,0.824
CA_306521,204,2024-01-04,1.362,1.649,0.826
CA_306521,204,2024-01-05,0.956,1.154,0.829
CA_306521,204,2024-01-06,1.027,1.237,0.831
CA_306521,204,2024-01-07,0.893,1.072,0.833
CA_306521,204,2024-01-08,0.895,1.072,0.836
CA_306521,204,2024-01-09,1.105,1.319,0.838
CA_306521,204,2024-01-10,1.247,1.484,0.84
CA_306521,204,2024-01-11,1.042,1.237,0.843
CA_306521,204,2024-01-12,0.924,1.072,0.863
CA_306521,204,2024-01-13,0.728,0.824,0.883
CA_306521,204,2024-01-14,1.191,1.319,0.903
CA_306521,204,2024-01-15,0.761,0.824,0.923
CA_306521,204,2024-01-16,0.777,0.824,0.943
CA_306521,204,2024-01-17,1.111,1.154,0.963
CA_306521,204,2024-01-18,1.053,1.072,0.983
CA_306521,204,2024-01-19,1.488,1.484,1.003
CA_306521,204,2024-01-20,1.349,1.319,1.023
CA_306521,204,2024-01-21,1.289,1.237,1.043
CA_306521,204,2024-01-22,1.139,1.072,1.063
CA_306521,204,2024-01-23,1.428,1.319,1.083
CA_306521,204,2024-01-24,0.818,0.742,1.103
CA_306521,204,2024-01-25,1.388,1.237,1.123
CA_306521,204,2024-01-26,1.319,1.154,1.143
CA_306521,204,2024-01-27,1.438,1.237,1.163
CA_306521,204,2024-01-28,1.615,1.401,1.152
CA_306521,204,2024-01-29,1.6,1.401,1.142
CA_306521,204,2024-01-30,2.144,1.896,1.131
CA_306521,204,2024-01-31,2.956,2.638,1.12
CA_306521,204,2024-02-01,1.572,1.417,1.11
CA_306521,204,2024-02-02,1.46,1.328,1.099
CA_306521,204,2024-02-03,1.349,1.239,1.089
CA_306521,204,2024-02-04,2.481,2.302,1.078
CA_306521,204,2024-02-05,1.89,1.771,1.067
CA_306521,204,2024-02-06,1.31,1.239,1.057
CA_306521,204,2024-02-07,1.204,1.151,1.046
CA_306521,204,2024-02-08,1.009,0.974,1.036
CA_306521,204,2024-02-09,1.452,1.417,1.025
CA_306521,204,2024-02-10,1.258,1.239,1.015
CA_306521,204,2024-02-11,1.6,1.594,1.004
CA_306521,204,2024-02-12,1.671,1.682,0.993
CA_306521,204,2024-02-13,1.357,1.417,0.958
CA_306521,204,2024-02-14,1.388,1.505,0.922
CA_306521,204,2024-02-15,1.256,1.417,0.887
CA_306521,204,2024-02-16,1.281,1.505,0.851
CA_306521,204,2024-02-17,1.083,1.328,0.815
CA_306521,204,2024-02-18,1.588,2.036,0.78
CA_306521,204,2024-02-19,1.515,2.036,0.744
CA_306521,204,2024-02-20,1.38,1.948,0.709
CA_306521,204,2024-02-21,1.16,1.594,0.728
CA_306521,204,2024-02-22,1.39,1.859,0.748
CA_306521,204,2024-02-23,1.291,1.682,0.767
CA_306521,204,2024-02-24,1.393,1.771,0.787
CA_306521,204,2024-02-25,1.642,2.036,0.806
CA_306521,204,2024-02-26,1.608,1.948,0.826
CA_306521,204,2024-02-27,1.647,1.948,0.845
CA_306521,204,2024-02-28,1.991,2.302,0.865
CA_306521,204,2024-02-29,1.759,2.036,0.864
CA_306521,204,2024-03-01,1.43,1.659,0.862
CA_306521,204,2024-03-02,1.111,1.29,0.861
CA_306521,204,2024-03-03,1.426,1.659,0.86
CA_306521,204,2024-03-04,1.424,1.659,0.859
CA_306521,204,2024-03-05,1.58,1.843,0.857
CA_306521,204,2024-03-06,1.578,1.843,0.856
CA_306521,204,2024-03-07,1.891,2.211,0.855
CA_306521,204,2024-03-08,2.124,2.488,0.854
CA_306521,204,2024-03-09,2.278,2.672,0.852
CA_306521,204,2024-03-10,2.039,2.396,0.851
CA_306521,204,2024-03-11,2.193,2.58,0.85
CA_306521,204,2024-03-12,1.564,1.843,0.849
CA_306521,204,2024-03-13,2.03,2.396,0.847
CA_306521,204,2024-03-14,2.651,3.133,0.846
CA_306521,204,2024-03-15,2.647,3.133,0.845
CA_306521,204,2024-03-16,2.876,3.409,0.844
CA_306521,204,2024-03-17,2.717,3.225,0.842
CA_306521,204,2024-03-18,2.868,3.409,0.841
CA_306521,204,2024-03-19,2.863,3.409,0.84
CA_306521,204,2024-03-20,3.168,3.778,0.839
CA_306521,204,2024-03-21,2.623,3.133,0.837
CA_306521,204,2024-03-22,2.696,3.225,0.836
CA_306521,204,2024-03-23,1.692,2.027,0.835
CA_306521,204,2024-03-24,1.946,2.304,0.845
CA_306521,204,2024-03-25,2.521,2.949,0.855
CA_306521,204,2024-03-26,2.79,3.225,0.865
CA_306521,204,2024-03-27,2.419,2.764,0.875
CA_306521,204,2024-03-28,1.958,2.211,0.885
CA_306521,204,2024-03-29,2.063,2.304,0.895
CA_306521,204,2024-03-30,2.169,2.396,0.906
CA_306521,204,2024-03-31,2.447,2.672,0.916
CA_306521,204,2024-04-01,3.401,3.699,0.919
CA_306521,204,2024-04-02,3.415,3.699,0.923
CA_306521,204,2024-04-03,3.693,3.984,0.927
CA_306521,204,2024-04-04,1.589,1.707,0.931
CA_306521,204,2024-04-05,2.305,2.466,0.935
CA_306521,204,2024-04-06,3.027,3.225,0.939
CA_306521,204,2024-04-07,3.397,3.604,0.942
CA_306521,204,2024-04-08,3.501,3.699,0.946
CA_306521,204,2024-04-09,3.74,3.984,0.939
CA_306521,204,2024-04-10,3.975,4.268,0.931
CA_306521,204,2024-04-11,4.119,4.458,0.924
CA_306521,204,2024-04-12,5.302,5.786,0.916
CA_306521,204,2024-04-13,2.155,2.371,0.909
CA_306521,204,2024-04-14,2.052,2.276,0.901
CA_306521,204,2024-04-15,2.544,2.845,0.894
CA_306521,204,2024-04-16,3.616,4.079,0.886
CA_306521,204,2024-04-17,3.75,4.268,0.879
CA_306521,204,2024-04-18,3.551,4.079,0.871
CA_306521,204,2024-04-19,4.091,4.742,0.863
CA_306521,204,2024-04-20,4.459,5.217,0.855
CA_306521,204,2024-04-21,4.256,5.027,0.847
CA_306521,204,2024-04-22,4.455,5.312,0.839
CA_306521,204,2024-04-23,3.704,4.458,0.831
CA_306521,204,2024-04-24,3.278,3.984,0.823
CA_306521,204,2024-04-25,3.633,4.458,0.815
CA_306521,204,2024-04-26,2.909,3.604,0.807
CA_306521,204,2024-04-27,3.107,3.889,0.799
CA_306521,204,2024-04-28,4.127,5.217,0.791
CA_306521,204,2024-04-29,4.234,5.406,0.783
CA_306521,204,2024-04-30,4.044,5.217,0.775
CA_306521,204,2024-05-01,4.219,5.5,0.767
CA_306521,204,2024-05-02,4.246,5.593,0.759
CA_306521,204,2024-05-03,4.004,5.313,0.754
CA_306521,204,2024-05-04,1.883,2.517,0.748
CA_306521,204,2024-05-05,2.976,4.008,0.742
CA_306521,204,2024-05-06,3.228,4.381,0.737
CA_306521,204,2024-05-07,3.681,5.034,0.731
CA_306521,204,2024-05-08,3.72,5.127,0.726
CA_306521,204,2024-05-09,4.027,5.593,0.72
CA_306521,204,2024-05-10,4.395,6.152,0.714
CA_306521,204,2024-05-11,4.266,5.966,0.715
CA_306521,204,2024-05-12,4.736,6.618,0.716
CA_306521,204,2024-05-13,4.473,6.245,0.716
CA_306521,204,2024-05-14,4.41,6.152,0.717
CA_306521,204,2024-05-15,4.681,6.525,0.717
CA_306521,204,2024-05-16,4.685,6.525,0.718
CA_306521,204,2024-05-17,4.421,6.152,0.719
CA_306521,204,2024-05-18,4.29,5.966,0.719
CA_306521,204,2024-05-19,3.965,5.5,0.721
CA_306521,204,2024-05-20,4.312,5.966,0.723
CA_306521,204,2024-05-21,4.255,5.873,0.725
CA_306521,204,2024-05-22,4.333,5.966,0.726
CA_306521,204,2024-05-23,4.208,5.779,0.728
CA_306521,204,2024-05-24,4.083,5.593,0.73
CA_306521,204,2024-05-25,3.888,5.313,0.732
CA_306521,204,2024-05-26,3.829,5.22,0.734
CA_306521,204,2024-05-27,4.165,5.686,0.732
CA_306521,204,2024-05-28,4.704,6.432,0.731
CA_306521,204,2024-05-29,4.833,6.618,0.73
CA_306521,204,2024-05-30,4.69,6.432,0.729
CA_306521,204,2024-05-31,4.615,6.339,0.728
CA_306521,204,2024-06-01,4.818,6.628,0.727
CA_306521,204,2024-06-02,4.602,6.34,0.726
CA_306521,204,2024-06-03,4.455,6.148,0.725
CA_306521,204,2024-06-04,4.588,6.34,0.724
CA_306521,204,2024-06-05,4.997,6.916,0.723
CA_306521,204,2024-06-06,4.92,6.82,0.721
CA_306521,204,2024-06-07,4.913,6.82,0.72
CA_306521,204,2024-06-08,4.56,6.34,0.719
CA_306521,204,2024-06-09,4.484,6.244,0.718
CA_306521,204,2024-06-10,4.339,6.052,0.717
CA_306521,204,2024-06-11,3.119,5.475,0.57
CA_306521,204,2024-06-12,3.286,5.687,0.577
CA_306521,204,2024-06-13,3.532,5.956,0.591
CA_306521,204,2024-06-14,3.759,6.186,0.606
CA_306521,204,2024-06-15,4.054,6.532,0.62
CA_306521,204,2024-06-16,4.246,6.724,0.631
CA_306521,204,2024-06-17,4.225,6.609,0.64
CA_306521,204,2024-06-18,4.148,6.436,0.645
CA_306521,204,2024-06-19,4.087,6.321,0.647
CA_306521,204,2024-06-20,4.018,6.225,0.645
CA_306521,204,2024-06-21,3.85,5.975,0.644
CA_306521,204,2024-06-22,3.621,5.629,0.643
CA_306521,204,2024-06-23,3.664,5.706,0.642
CA_306521,204,2024-06-24,3.71,5.802,0.64
CA_306521,204,2024-06-25,3.664,5.764,0.636
CA_306521,204,2024-06-26,3.78,5.994,0.631
CA_306521,204,2024-06-27,4.118,6.59,0.625
CA_306521,204,2024-06-28,4.223,6.839,0.618
CA_306521,204,2024-06-29,4.302,7.052,0.611
CA_306521,204,2024-06-30,4.44,7.359,0.604
CA_306521,204,2024-07-01,4.538,7.611,0.597
CA_306521,204,2024-07-02,4.517,7.63,0.592
CA_306521,204,2024-07-03,4.574,7.747,0.59
CA_306521,204,2024-07-04,4.523,7.65,0.591
CA_306521,204,2024-07-05,4.504,7.572,0.595
CA_306521,204,2024-07-06,4.437,7.377,0.602
CA_306521,204,2024-07-07,4.376,7.202,0.608
CA_306521,204,2024-07-08,4.148,6.755,0.615
CA_306521,204,2024-07-09,4.121,6.638,0.621
CA_306521,204,2024-07-10,4.172,6.657,0.627
CA_306521,204,2024-07-11,4.24,6.716,0.631
CA_306521,204,2024-07-12,4.409,6.949,0.634
CA_306521,204,2024-07-13,4.621,7.261,0.636
CA_306521,204,2024-07-14,4.653,7.3,0.637
CA_306521,204,2024-07-15,4.772,7.475,0.638
CA_306521,204,2024-07-16,4.793,7.494,0.639
CA_306521,204,2024-07-17,4.713,7.358,0.641
CA_306521,204,2024-07-18,4.68,7.299,0.641
CA_306521,204,2024-07-19,4.719,7.358,0.642
CA_306521,204,2024-07-20,4.569,7.124,0.642
CA_306521,204,2024-07-21,4.454,6.949,0.641
CA_306521,204,2024-07-22,4.448,6.949,0.64
CA_306521,204,2024-07-23,4.417,6.91,0.639
CA_306521,204,2024-07-24,4.423,6.93,0.638
CA_306521,204,2024-07-25,4.405,6.91,0.637
CA_306521,204,2024-07-26,4.474,7.008,0.638
CA_306521,204,2024-07-27,4.57,7.124,0.641
CA_306521,204,2024-07-28,4.667,7.222,0.646
CA_306521,204,2024-07-29,4.636,7.105,0.653
CA_306521,204,2024-07-30,4.658,7.052,0.661
CA_306521,204,2024-07-31,4.55,6.807,0.669
CA_306521,204,2024-08-01,4.403,6.504,0.678
CA_306521,204,2024-08-02,4.279,6.239,0.686
CA_306521,204,2024-08-03,4.336,6.263,0.692
CA_306521,204,2024-08-04,4.478,6.433,0.696
CA_306521,204,2024-08-05,4.695,6.737,0.697
CA_306521,204,2024-08-06,4.858,6.984,0.696
CA_306521,204,2024-08-07,4.823,6.965,0.692
CA_306521,204,2024-08-08,4.539,6.585,0.689
CA_306521,204,2024-08-09,4.32,6.3,0.685
CA_306521,204,2024-08-10,4.126,6.054,0.681
CA_306521,204,2024-08-11,4.039,5.959,0.678
CA_306521,204,2024-08-12,4.034,5.978,0.675
CA_306521,204,2024-08-13,4.188,6.225,0.673
CA_306521,204,2024-08-14,4.188,6.244,0.671
CA_306521,204,2024-08-15,4.28,6.396,0.669
CA_306521,204,2024-08-16,4.117,6.168,0.668
CA_306521,204,2024-08-17,4.208,6.32,0.666
CA_306521,204,2024-08-18,3.772,5.674,0.664
CA_306521,204,2024-08-19,3.474,5.238,0.663
CA_306521,204,2024-08-20,3.213,4.858,0.661
CA_306521,204,2024-08-21,3.192,4.839,0.659
CA_306521,204,2024-08-22,3.031,4.611,0.658
CA_306521,204,2024-08-23,3.349,5.105,0.656
CA_306521,204,2024-08-24,3.516,5.371,0.655
CA_306521,204,2024-08-25,3.582,5.484,0.653
CA_306521,204,2024-08-26,3.597,5.522,0.651
CA_306521,204,2024-08-27,3.642,5.598,0.651
CA_306521,204,2024-08-28,3.629,5.579,0.651
CA_306521,204,2024-08-29,4.069,6.244,0.651
CA_306521,204,2024-08-30,4.324,6.618,0.653
CA_306521,204,2024-08-31,4.227,6.451,0.655
CA_306521,204,2024-09-01,3.956,6.02,0.658
CA_306521,204,2024-09-02,3.871,5.873,0.66
CA_306521,204,2024-09-03,3.375,5.099,0.662
CA_306521,204,2024-09-04,3.069,4.613,0.665
CA_306521,204,2024-09-05,3.121,4.669,0.668
CA_306521,204,2024-09-06,3.388,5.043,0.671
CA_306521,204,2024-09-07,3.43,5.08,0.675
CA_306521,204,2024-09-08,3.346,4.931,0.679
CA_306521,204,2024-09-09,3.392,4.968,0.683
CA_306521,204,2024-09-10,3.361,4.893,0.687
CA_306521,204,2024-09-11,3.228,4.669,0.691
CA_306521,204,2024-09-12,3.178,4.576,0.694
CA_306521,204,2024-09-13,3.293,4.725,0.697
CA_306521,204,2024-09-14,3.186,4.557,0.699
CA_306521,204,2024-09-15,3.062,4.37,0.701
CA_306521,204,2024-09-16,2.934,4.184,0.701
CA_306521,204,2024-09-17,2.884,4.109,0.702
CA_306521,204,2024-09-18,2.848,4.053,0.703
CA_306521,204,2024-09-19,2.798,3.978,0.703
CA_306521,204,2024-09-20,2.787,3.96,0.704
CA_306521,204,2024-09-21,2.841,4.034,0.704
CA_306521,204,2024-09-22,2.867,4.072,0.704
CA_306521,204,2024-09-23,2.84,4.034,0.704
CA_306521,204,2024-09-24,2.892,4.109,0.704
CA_306521,204,2024-09-25,2.982,4.24,0.703
CA_306521,204,2024-09-26,2.902,4.128,0.703
CA_306521,204,2024-09-27,2.94,4.184,0.703
CA_306521,204,2024-09-28,2.716,3.866,0.703
CA_306521,204,2024-09-29,2.398,3.413,0.703
CA_306521,204,2024-09-30,2.156,3.066,0.703
CA_306521,204,2024-10-01,2.094,2.975,0.704
CA_306521,204,2024-10-02,1.94,2.753,0.705
CA_306521,204,2024-10-03,2.123,3.009,0.705
CA_306521,204,2024-10-04,2.426,3.434,0.706
CA_306521,204,2024-10-05,2.604,3.682,0.707
CA_306521,204,2024-10-06,2.807,3.965,0.708
CA_306521,204,2024-10-07,2.884,4.071,0.708
CA_306521,204,2024-10-08,2.823,3.983,0.709
CA_306521,204,2024-10-09,2.687,3.788,0.709
CA_306521,204,2024-10-10,2.538,3.576,0.71
CA_306521,204,2024-10-11,2.388,3.363,0.71
CA_306521,204,2024-10-12,2.251,3.169,0.71
CA_306521,204,2024-10-13,2.152,3.027,0.711
CA_306521,204,2024-10-14,2.146,3.027,0.709
CA_306521,204,2024-10-15,2.135,3.027,0.705
CA_306521,204,2024-10-16,2.042,2.921,0.699
CA_306521,204,2024-10-17,2.067,2.992,0.691
CA_306521,204,2024-10-18,2.074,3.045,0.681
CA_306521,204,2024-10-19,1.96,2.921,0.671
CA_306521,204,2024-10-20,1.92,2.903,0.66
CA_306521,204,2024-10-21,1.744,2.673,0.65
CA_306521,204,2024-10-22,1.614,2.514,0.64
CA_306521,204,2024-10-23,1.594,2.531,0.63
CA_306521,204,2024-10-24,1.503,2.425,0.62
CA_306521,204,2024-10-25,1.433,2.354,0.609
CA_306521,204,2024-10-26,1.516,2.531,0.599
CA_306521,204,2024-10-27,1.473,2.496,0.589
CA_306521,204,2024-10-28,1.342,2.319,0.579
CA_306521,204,2024-10-29,1.34,2.354,0.568
CA_306521,204,2024-10-30,1.29,2.279,0.566
CA_306521,204,2024-10-31,1.265,2.218,0.57
CA_306521,204,2024-11-01,1.361,2.33,0.582
CA_306521,204,2024-11-02,1.367,2.274,0.602
CA_306521,204,2024-11-03,1.447,2.301,0.628
CA_306521,204,2024-11-04,1.478,2.267,0.655
CA_306521,204,2024-11-05,1.444,2.133,0.682
CA_306521,204,2024-11-06,1.388,1.965,0.709
CA_306521,204,2024-11-07,1.395,1.914,0.733
CA_306521,204,2024-11-08,1.327,1.763,0.753
CA_306521,204,2024-11-09,1.32,1.713,0.771
CA_306521,204,2024-11-10,1.563,1.981,0.786
CA_306521,204,2024-11-11,1.806,2.25,0.798
CA_306521,204,2024-11-12,1.923,2.367,0.81
CA_306521,204,2024-11-13,2.085,2.535,0.821
CA_306521,204,2024-11-14,2.061,2.485,0.833
CA_306521,204,2024-11-15,1.798,2.149,0.839
CA_306521,204,2024-11-16,1.454,1.729,0.84
CA_306521,204,2024-11-17,1.28,1.528,0.835
CA_306521,204,2024-11-18,1.067,1.293,0.825
CA_306521,204,2024-11-19,1.059,1.309,0.809
CA_306521,204,2024-11-20,1.011,1.276,0.794
CA_306521,204,2024-11-21,1.119,1.444,0.778
CA_306521,204,2024-11-22,1.112,1.461,0.762
CA_306521,204,2024-11-23,1.071,1.427,0.75
CA_306521,204,2024-11-24,1.009,1.36,0.741
CA_306521,204,2024-11-25,0.99,1.343,0.737
CA_306521,204,2024-11-26,0.988,1.343,0.735
CA_306521,204,2024-11-27,1.004,1.36,0.738
CA_306521,204,2024-11-28,1.031,1.393,0.74
CA_306521,204,2024-11-29,1.083,1.46,0.742
CA_306521,204,2024-11-30,1.098,1.476,0.744
CA_306521,204,2024-12-01,0.963,1.29,0.747
CA_306521,204,2024-12-02,0.903,1.206,0.749
CA_306521,204,2024-12-03,0.867,1.155,0.751
CA_306521,204,2024-12-04,0.997,1.322,0.754
CA_306521,204,2024-12-05,1.038,1.372,0.756
CA_306521,204,2024-12-06,1.015,1.339,0.758
CA_306521,204,2024-12-07,0.992,1.305,0.76
CA_306521,204,2024-12-08,0.981,1.289,0.763
CA_306521,204,2024-12-09,0.845,1.105,0.765
CA_306521,204,2024-12-10,0.848,1.105,0.767
CA_306521,204,2024-12-11,0.902,1.171,0.77
CA_306521,204,2024-12-12,0.982,1.272,0.772
CA_306521,204,2024-12-13,1.076,1.389,0.774
CA_306521,204,2024-12-14,1.105,1.422,0.777
CA_306521,204,2024-12-15,1.148,1.473,0.779
CA_306521,204,2024-12-16,1.295,1.657,0.781
CA_306521,204,2024-12-17,1.259,1.607,0.784
CA_306521,204,2024-12-18,1.21,1.54,0.786
CA_306521,204,2024-12-19,1.081,1.372,0.789
CA_306521,204,2024-12-20,0.898,1.138,0.791
CA_306521,204,2024-12-21,0.716,0.904,0.793
CA_306521,204,2024-12-22,0.706,0.887,0.796
CA_306521,204,2024-12-23,0.695,0.87,0.798
CA_306521,204,2024-12-24,0.764,0.954,0.8
CA_306521,204,2024-12-25,0.914,1.138,0.803
CA_306521,204,2024-12-26,0.943,1.171,0.805
CA_306521,204,2024-12-27,1.041,1.289,0.807
CA_306521,204,2024-12-28,0.962,1.188,0.81
CA_306521,204,2024-12-29,0.896,1.104,0.812
CA_306521,204,2024-12-30,0.816,1.004,0.813
CA_306521,204,2024-12-31,0.794,0.976,0.814
CA_307370,204,2024-01-01,0.639,0.984,0.65
CA_307370,204,2024-01-02,0.318,0.492,0.646
CA_307370,204,2024-01-03,0.757,1.18,0.642
CA_307370,204,2024-01-04,1.129,1.771,0.638
CA_307370,204,2024-01-05,0.685,1.082,0.633
CA_307370,204,2024-01-06,0.619,0.984,0.629
CA_307370,204,2024-01-07,0.8,1.279,0.625
CA_307370,204,2024-01-08,0.611,0.984,0.621
CA_307370,204,2024-01-09,0.668,1.082,0.617
CA_307370,204,2024-01-10,0.844,1.377,0.613
CA_307370,204,2024-01-11,0.998,1.279,0.781
CA_307370,204,2024-01-12,0.748,0.885,0.845
CA_307370,204,2024-01-13,0.805,0.885,0.909
CA_307370,204,2024-01-14,1.341,1.377,0.974
CA_307370,204,2024-01-15,0.919,0.885,1.038
CA_307370,204,2024-01-16,0.976,0.885,1.103
CA_307370,204,2024-01-17,1.263,1.082,1.167
CA_307370,204,2024-01-18,1.333,1.082,1.232
CA_307370,204,2024-01-19,1.658,1.279,1.296
CA_307370,204,2024-01-20,2.008,1.476,1.361
CA_307370,204,2024-01-21,1.653,1.18,1.4
CA_307370,204,2024-01-22,1.377,0.984,1.4
CA_307370,204,2024-01-23,1.79,1.279,1.4
CA_307370,204,2024-01-24,1.102,0.787,1.4
CA_307370,204,2024-01-25,1.928,1.377,1.4
CA_307370,204,2024-01-26,2.063,1.18,1.4
CA_307370,204,2024-01-27,0.905,1.082,0.836
CA_307370,204,2024-01-28,1.013,1.18,0.858
CA_307370,204,2024-01-29,1.299,1.476,0.881
CA_307370,204,2024-01-30,1.776,1.967,0.903
CA_307370,204,2024-01-31,2.548,2.754,0.925
CA_307370,204,2024-02-01,1.274,1.345,0.947
CA_307370,204,2024-02-02,1.304,1.345,0.969
CA_307370,204,2024-02-03,1.334,1.345,0.991
CA_307370,204,2024-02-04,1.85,1.825,1.014
CA_307370,204,2024-02-05,1.791,1.729,1.036
CA_307370,204,2024-02-06,1.321,1.249,1.058
CA_307370,204,2024-02-07,1.349,1.249,1.08
CA_307370,204,2024-02-08,1.059,0.961,1.102
CA_307370,204,2024-02-09,1.837,1.633,1.125
CA_307370,204,2024-02-10,1.542,1.345,1.147
CA_307370,204,2024-02-11,1.684,1.441,1.169
CA_307370,204,2024-02-12,1.748,1.537,1.137
CA_307370,204,2024-02-13,1.798,1.633,1.101
CA_307370,204,2024-02-14,1.738,1.633,1.064
CA_307370,204,2024-02-15,1.58,1.537,1.028
CA_307370,204,2024-02-16,1.619,1.633,0.991
CA_307370,204,2024-02-17,1.285,1.345,0.955
CA_307370,204,2024-02-18,1.942,2.114,0.919
CA_307370,204,2024-02-19,2.119,2.402,0.882
CA_307370,204,2024-02-20,1.625,1.922,0.846
CA_307370,204,2024-02-21,1.439,1.729,0.832
CA_307370,204,2024-02-22,1.81,2.21,0.819
CA_307370,204,2024-02-23,1.548,1.922,0.806
CA_307370,204,2024-02-24,1.37,1.729,0.792
CA_307370,204,2024-02-25,1.347,1.729,0.779
CA_307370,204,2024-02-26,1.397,1.825,0.765
CA_307370,204,2024-02-27,1.662,2.21,0.752
CA_307370,204,2024-02-28,2.358,2.498,0.944
CA_307370,204,2024-02-29,2.083,2.21,0.942
CA_307370,204,2024-03-01,1.71,1.817,0.941
CA_307370,204,2024-03-02,1.618,1.722,0.94
CA_307370,204,2024-03-03,1.615,1.722,0.938
CA_307370,204,2024-03-04,1.613,1.722,0.937
CA_307370,204,2024-03-05,1.968,2.104,0.935
CA_307370,204,2024-03-06,2.055,2.2,0.934
CA_307370,204,2024-03-07,2.141,2.295,0.933
CA_307370,204,2024-03-08,2.138,2.295,0.931
CA_307370,204,2024-03-09,2.312,2.487,0.93
CA_307370,204,2024-03-10,2.664,2.869,0.929
CA_307370,204,2024-03-11,2.483,2.678,0.927
CA_307370,204,2024-03-12,1.859,2.009,0.926
CA_307370,204,2024-03-13,2.652,2.869,0.924
CA_307370,204,2024-03-14,3.354,3.634,0.923
CA_307370,204,2024-03-15,3.224,3.252,0.991
CA_307370,204,2024-03-16,3.383,3.348,1.01
CA_307370,204,2024-03-17,3.742,3.634,1.03
CA_307370,204,2024-03-18,3.611,3.443,1.049
CA_307370,204,2024-03-19,3.984,3.73,1.068
CA_307370,204,2024-03-20,4.888,4.495,1.087
CA_307370,204,2024-03-21,4.445,4.017,1.106
CA_307370,204,2024-03-22,4.307,3.826,1.126
CA_307370,204,2024-03-23,2.628,2.295,1.145
CA_307370,204,2024-03-24,3.079,2.678,1.15
CA_307370,204,2024-03-25,3.533,3.061,1.154
CA_307370,204,2024-03-26,3.991,3.443,1.159
CA_307370,204,2024-03-27,3.451,2.965,1.164
CA_307370,204,2024-03-28,3.353,2.869,1.169
CA_307370,204,2024-03-29,3.143,2.678,1.173
CA_307370,204,2024-03-30,3.268,2.774,1.178
CA_307370,204,2024-03-31,3.173,2.869,1.106
CA_307370,204,2024-04-01,4.073,3.687,1.105
CA_307370,204,2024-04-02,4.175,3.781,1.104
CA_307370,204,2024-04-03,4.902,4.443,1.103
CA_307370,204,2024-04-04,1.98,1.796,1.103
CA_307370,204,2024-04-05,2.187,1.985,1.102
CA_307370,204,2024-04-06,3.539,3.214,1.101
CA_307370,204,2024-04-07,4.368,3.97,1.1
CA_307370,204,2024-04-08,4.316,3.97,1.087
CA_307370,204,2024-04-09,4.304,3.876,1.11
CA_307370,204,2024-04-10,5.252,4.632,1.134
CA_307370,204,2024-04-11,4.923,4.254,1.157
CA_307370,204,2024-04-12,6.919,5.861,1.181
CA_307370,204,2024-04-13,2.276,1.891,1.204
CA_307370,204,2024-04-14,2.785,2.269,1.227
CA_307370,204,2024-04-15,3.429,2.741,1.251
CA_307370,204,2024-04-16,5.059,3.97,1.274
CA_307370,204,2024-04-17,5.458,4.348,1.255
CA_307370,204,2024-04-18,5.376,4.348,1.236
CA_307370,204,2024-04-19,6.445,5.293,1.218
CA_307370,204,2024-04-20,6.798,5.672,1.199
CA_307370,204,2024-04-21,6.468,5.483,1.18
CA_307370,204,2024-04-22,6.255,5.388,1.161
CA_307370,204,2024-04-23,5.182,4.537,1.142
CA_307370,204,2024-04-24,4.585,4.065,1.128
CA_307370,204,2024-04-25,5.581,5.01,1.114
CA_307370,204,2024-04-26,4.367,3.97,1.1
CA_307370,204,2024-04-27,4.927,4.537,1.086
CA_307370,204,2024-04-28,6.18,5.766,1.072
CA_307370,204,2024-04-29,6.5,6.144,1.058
CA_307370,204,2024-04-30,6.117,5.861,1.044
CA_307370,204,2024-05-01,6.467,6.28,1.03
CA_307370,204,2024-05-02,6.371,6.28,1.015
CA_307370,204,2024-05-03,6.118,6.003,1.019
CA_307370,204,2024-05-04,2.27,2.216,1.024
CA_307370,204,2024-05-05,4.56,4.433,1.029
CA_307370,204,2024-05-06,4.962,4.802,1.033
CA_307370,204,2024-05-07,5.752,5.541,1.038
CA_307370,204,2024-05-08,5.971,5.726,1.043
CA_307370,204,2024-05-09,6.191,5.91,1.047
CA_307370,204,2024-05-10,7.036,6.741,1.044
CA_307370,204,2024-05-11,6.947,6.649,1.045
CA_307370,204,2024-05-12,7.824,7.48,1.046
CA_307370,204,2024-05-13,7.639,7.296,1.047
CA_307370,204,2024-05-14,7.551,7.203,1.048
CA_307370,204,2024-05-15,7.85,7.48,1.049
CA_307370,204,2024-05-16,7.373,7.019,1.051
CA_307370,204,2024-05-17,6.799,6.464,1.052
CA_307370,204,2024-05-18,6.954,6.28,1.107
CA_307370,204,2024-05-19,6.524,5.91,1.104
CA_307370,204,2024-05-20,7.418,6.741,1.1
CA_307370,204,2024-05-21,7.698,7.019,1.097
CA_307370,204,2024-05-22,7.876,7.203,1.093
CA_307370,204,2024-05-23,7.045,6.464,1.09
CA_307370,204,2024-05-24,6.722,6.187,1.086
CA_307370,204,2024-05-25,6.2,5.726,1.083
CA_307370,204,2024-05-26,7.04,6.187,1.138
CA_307370,204,2024-05-27,7.65,6.741,1.135
CA_307370,204,2024-05-28,8.049,7.111,1.132
CA_307370,204,2024-05-29,8.862,7.85,1.129
CA_307370,204,2024-05-30,8.84,7.85,1.126
CA_307370,204,2024-05-31,8.713,7.757,1.123
CA_307370,204,2024-06-01,8.211,7.329,1.12
CA_307370,204,2024-06-02,7.78,6.963,1.117
CA_307370,204,2024-06-03,7.194,6.505,1.106
CA_307370,204,2024-06-04,7.722,7.055,1.095
CA_307370,204,2024-06-05,8.634,7.971,1.083
CA_307370,204,2024-06-06,8.739,8.154,1.072
CA_307370,204,2024-06-07,7.772,7.329,1.06
CA_307370,204,2024-06-08,6.727,6.413,1.049
CA_307370,204,2024-06-09,7.32,7.055,1.038
CA_307370,204,2024-06-10,7.521,7.329,1.026
CA_307370,204,2024-06-11,9.422,8.864,1.063
CA_307370,204,2024-06-12,9.21,8.795,1.047
CA_307370,204,2024-06-13,9.074,8.814,1.03
CA_307370,204,2024-06-14,8.491,8.41,1.011
CA_307370,204,2024-06-15,8.014,8.099,0.99
CA_307370,204,2024-06-16,7.672,7.934,0.966
CA_307370,204,2024-06-17,7.502,7.824,0.958
CA_307370,204,2024-06-18,7.157,7.531,0.95
CA_307370,204,2024-06-19,7.213,7.659,0.943
CA_307370,204,2024-06-20,7.13,7.623,0.935
CA_307370,204,2024-06-21,7.351,7.916,0.929
CA_307370,204,2024-06-22,7.518,8.154,0.922
CA_307370,204,2024-06-23,7.904,8.631,0.916
CA_307370,204,2024-06-24,8.219,9.034,0.911
CA_307370,204,2024-06-25,9.003,9.95,0.906
CA_307370,204,2024-06-26,9.495,10.554,0.9
CA_307370,204,2024-06-27,9.511,10.628,0.895
CA_307370,204,2024-06-28,9.283,10.169,0.918
CA_307370,204,2024-06-29,9.116,9.721,0.946
CA_307370,204,2024-06-30,8.919,9.199,0.978
CA_307370,204,2024-07-01,8.337,8.272,1.013
CA_307370,204,2024-07-02,8.165,7.766,1.053
CA_307370,204,2024-07-03,8.064,7.572,1.067
CA_307370,204,2024-07-04,7.694,7.13,1.081
CA_307370,204,2024-07-05,7.463,6.817,1.095
CA_307370,204,2024-07-06,7.537,7.056,1.072
CA_307370,204,2024-07-07,7.609,7.333,1.045
CA_307370,204,2024-07-08,7.719,7.683,1.014
CA_307370,204,2024-07-09,7.695,7.904,0.978
CA_307370,204,2024-07-10,7.666,8.18,0.937
CA_307370,204,2024-07-11,7.616,8.199,0.929
CA_307370,204,2024-07-12,7.413,8.051,0.92
CA_307370,204,2024-07-13,7.407,8.125,0.912
CA_307370,204,2024-07-14,7.648,8.475,0.903
CA_307370,204,2024-07-15,7.697,8.586,0.897
CA_307370,204,2024-07-16,7.479,8.365,0.895
CA_307370,204,2024-07-17,7.771,8.678,0.896
CA_307370,204,2024-07-18,8.132,9.028,0.9
CA_307370,204,2024-07-19,8.452,9.286,0.909
CA_307370,204,2024-07-20,8.978,9.765,0.918
CA_307370,204,2024-07-21,9.526,10.281,0.926
CA_307370,204,2024-07-22,9.324,9.838,0.955
CA_307370,204,2024-07-23,9.049,9.323,0.979
CA_307370,204,2024-07-24,8.748,8.825,0.999
CA_307370,204,2024-07-25,8.273,8.18,1.015
CA_307370,204,2024-07-26,8.254,8.051,1.026
CA_307370,204,2024-07-27,8.441,8.328,1.014
CA_307370,204,2024-07-28,8.268,8.254,1.002
CA_307370,204,2024-07-29,7.849,7.922,0.989
CA_307370,204,2024-07-30,7.351,7.504,0.977
CA_307370,204,2024-07-31,6.897,7.139,0.965
CA_307370,204,2024-08-01,6.828,7.177,0.952
CA_307370,204,2024-08-02,6.65,7.087,0.94
CA_307370,204,2024-08-03,6.296,6.783,0.927
CA_307370,204,2024-08-04,6.254,6.819,0.915
CA_307370,204,2024-08-05,6.31,6.983,0.903
CA_307370,204,2024-08-06,6.094,6.855,0.89
CA_307370,204,2024-08-07,6.086,6.874,0.887
CA_307370,204,2024-08-08,6.487,7.329,0.886
CA_307370,204,2024-08-09,6.766,7.639,0.886
CA_307370,204,2024-08-10,6.848,7.712,0.888
CA_307370,204,2024-08-11,6.992,7.84,0.892
CA_307370,204,2024-08-12,7.241,8.15,0.889
CA_307370,204,2024-08-13,7.441,8.405,0.885
CA_307370,204,2024-08-14,7.416,8.405,0.882
CA_307370,204,2024-08-15,7.222,8.186,0.882
CA_307370,204,2024-08-16,7.473,8.46,0.883
CA_307370,204,2024-08-17,7.489,8.46,0.885
CA_307370,204,2024-08-18,7.347,8.278,0.887
CA_307370,204,2024-08-19,7.226,8.113,0.891
CA_307370,204,2024-08-20,7.344,8.241,0.891
CA_307370,204,2024-08-21,6.893,7.73,0.892
CA_307370,204,2024-08-22,6.687,7.493,0.892
CA_307370,204,2024-08-23,6.706,7.53,0.891
CA_307370,204,2024-08-24,6.716,7.567,0.887
CA_307370,204,2024-08-25,6.475,7.33,0.883
CA_307370,204,2024-08-26,6.226,7.093,0.877
CA_307370,204,2024-08-27,6.09,7.001,0.87
CA_307370,204,2024-08-28,5.963,6.91,0.863
CA_307370,204,2024-08-29,6.148,7.184,0.857
CA_307370,204,2024-08-30,6.33,7.452,0.85
CA_307370,204,2024-08-31,6.905,8.449,0.825
CA_307370,204,2024-09-01,7.22,9.081,0.803
CA_307370,204,2024-09-02,7.301,9.349,0.786
CA_307370,204,2024-09-03,7.256,9.435,0.773
CA_307370,204,2024-09-04,6.997,9.199,0.764
CA_307370,204,2024-09-05,6.613,8.526,0.778
CA_307370,204,2024-09-06,6.463,8.162,0.792
CA_307370,204,2024-09-07,6.523,8.09,0.806
CA_307370,204,2024-09-08,6.308,7.708,0.818
CA_307370,204,2024-09-09,6.449,7.763,0.831
CA_307370,204,2024-09-10,6.171,7.308,0.847
CA_307370,204,2024-09-11,5.7,6.617,0.866
CA_307370,204,2024-09-12,5.185,5.89,0.886
CA_307370,204,2024-09-13,4.906,5.418,0.911
CA_307370,204,2024-09-14,4.635,4.963,0.936
CA_307370,204,2024-09-15,4.626,4.817,0.961
CA_307370,204,2024-09-16,4.3,4.399,0.978
CA_307370,204,2024-09-17,3.842,3.89,0.988
CA_307370,204,2024-09-18,3.567,3.599,0.989
CA_307370,204,2024-09-19,3.277,3.327,0.983
CA_307370,204,2024-09-20,3.174,3.29,0.969
CA_307370,204,2024-09-21,3.466,3.654,0.954
CA_307370,204,2024-09-22,3.985,4.254,0.94
CA_307370,204,2024-09-23,4.397,4.763,0.926
CA_307370,204,2024-09-24,4.725,5.29,0.897
CA_307370,204,2024-09-25,4.874,5.599,0.875
CA_307370,204,2024-09-26,5.035,5.89,0.858
CA_307370,204,2024-09-27,5.012,5.926,0.847
CA_307370,204,2024-09-28,4.794,5.708,0.842
CA_307370,204,2024-09-29,4.682,5.475,0.858
CA_307370,204,2024-09-30,4.486,5.15,0.874
CA_307370,204,2024-10-01,4.339,4.879,0.889
CA_307370,204,2024-10-02,4.333,4.9,0.885
CA_307370,204,2024-10-03,4.42,5.048,0.877
CA_307370,204,2024-10-04,4.529,5.249,0.865
CA_307370,204,2024-10-05,4.58,5.394,0.85
CA_307370,204,2024-10-06,4.498,5.413,0.831
CA_307370,204,2024-10-07,4.5,5.431,0.829
CA_307370,204,2024-10-08,4.307,5.212,0.826
CA_307370,204,2024-10-09,4.144,5.03,0.824
CA_307370,204,2024-10-10,3.981,4.975,0.8
CA_307370,204,2024-10-11,3.785,4.848,0.78
CA_307370,204,2024-10-12,3.562,4.666,0.764
CA_307370,204,2024-10-13,3.563,4.738,0.751
CA_307370,204,2024-10-14,3.292,4.447,0.742
CA_307370,204,2024-10-15,3.155,4.173,0.758
CA_307370,204,2024-10-16,3.153,4.082,0.774
CA_307370,204,2024-10-17,3.163,4.009,0.789
CA_307370,204,2024-10-18,2.972,3.827,0.775
CA_307370,204,2024-10-19,3.087,4.046,0.763
CA_307370,204,2024-10-20,3.026,4.009,0.754
CA_307370,204,2024-10-21,2.984,3.991,0.747
CA_307370,204,2024-10-22,2.704,3.663,0.743
CA_307370,204,2024-10-23,2.672,3.499,0.771
CA_307370,204,2024-10-24,2.615,3.28,0.799
CA_307370,204,2024-10-25,2.583,3.135,0.827
CA_307370,204,2024-10-26,2.387,2.807,0.851
CA_307370,204,2024-10-27,2.665,3.062,0.871
CA_307370,204,2024-10-28,2.729,3.08,0.887
CA_307370,204,2024-10-29,2.455,2.734,0.899
CA_307370,204,2024-10-30,2.267,2.505,0.907
CA_307370,204,2024-10-31,2.106,2.312,0.915
CA_307370,204,2024-11-01,1.839,1.996,0.923
CA_307370,204,2024-11-02,1.614,1.732,0.931
CA_307370,204,2024-11-03,1.587,1.723,0.921
CA_307370,204,2024-11-04,1.501,1.649,0.907
CA_307370,204,2024-11-05,1.303,1.443,0.891
CA_307370,204,2024-11-06,1.009,1.143,0.872
CA_307370,204,2024-11-07,0.893,1.049,0.849
CA_307370,204,2024-11-08,0.85,1.012,0.843
CA_307370,204,2024-11-09,0.842,1.012,0.836
CA_307370,204,2024-11-10,1.039,1.255,0.829
CA_307370,204,2024-11-11,1.185,1.442,0.822
CA_307370,204,2024-11-12,1.164,1.424,0.818
CA_307370,204,2024-11-13,1.206,1.48,0.815
CA_307370,204,2024-11-14,1.19,1.461,0.815
CA_307370,204,2024-11-15,1.147,1.405,0.817
CA_307370,204,2024-11-16,1.154,1.405,0.821
CA_307370,204,2024-11-17,1.159,1.405,0.826
CA_307370,204,2024-11-18,1.042,1.255,0.83
CA_307370,204,2024-11-19,1.023,1.236,0.827
CA_307370,204,2024-11-20,1.023,1.255,0.816
CA_307370,204,2024-11-21,0.939,1.18,0.798
CA_307370,204,2024-11-22,0.91,1.18,0.772
CA_307370,204,2024-11-23,0.884,1.199,0.738
CA_307370,204,2024-11-24,0.897,1.274,0.704
CA_307370,204,2024-11-25,0.828,1.237,0.671
CA_307370,204,2024-11-26,0.904,1.443,0.637
CA_307370,204,2024-11-27,0.984,1.48,0.678
CA_307370,204,2024-11-28,1.004,1.442,0.722
CA_307370,204,2024-11-29,1.049,1.42,0.768
CA_307370,204,2024-11-30,1.003,1.296,0.816
CA_307370,204,2024-12-01,0.829,0.946,0.867
CA_307370,204,2024-12-02,0.765,0.902,0.844
CA_307370,204,2024-12-03,0.721,0.875,0.822
CA_307370,204,2024-12-04,0.647,0.816,0.8
CA_307370,204,2024-12-05,0.678,0.875,0.778
CA_307370,204,2024-12-06,0.747,0.975,0.765
CA_307370,204,2024-12-07,0.743,0.975,0.761
CA_307370,204,2024-12-08,0.877,1.134,0.767
CA_307370,204,2024-12-09,0.926,1.174,0.783
CA_307370,204,2024-12-10,0.948,1.174,0.808
CA_307370,204,2024-12-11,0.955,1.154,0.833
CA_307370,204,2024-12-12,0.91,1.074,0.857
CA_307370,204,2024-12-13,0.762,0.875,0.876
CA_307370,204,2024-12-14,0.688,0.776,0.889
CA_307370,204,2024-12-15,0.641,0.716,0.896
CA_307370,204,2024-12-16,0.589,0.656,0.896
CA_307370,204,2024-12-17,0.568,0.637,0.891
CA_307370,204,2024-12-18,0.564,0.637,0.885
CA_307370,204,2024-12-19,0.56,0.637,0.88
CA_307370,204,2024-12-20,0.557,0.637,0.875
CA_307370,204,2024-12-21,0.536,0.617,0.869
CA_307370,204,2024-12-22,0.516,0.597,0.864
CA_307370,204,2024-12-23,0.479,0.557,0.858
CA_307370,204,2024-12-24,0.458,0.537,0.853
CA_307370,204,2024-12-25,0.455,0.537,0.848
CA_307370,204,2024-12-26,0.502,0.597,0.842
CA_307370,204,2024-12-27,0.532,0.637,0.837
CA_307370,204,2024-12-28,0.693,0.836,0.831
CA_307370,204,2024-12-29,0.738,0.895,0.826
CA_307370,204,2024-12-30,0.798,0.97,0.823
CA_307370,204,2024-12-31,0.843,1.028,0.821
CA_307376,204,2024-01-01,0.541,0.984,0.55
CA_307376,204,2024-01-02,0.253,0.492,0.515
CA_307376,204,2024-01-03,0.568,1.18,0.481
CA_307376,204,2024-01-04,0.791,1.771,0.447
CA_307376,204,2024-01-05,0.446,1.082,0.412
CA_307376,204,2024-01-06,0.372,0.984,0.378
CA_307376,204,2024-01-07,0.44,1.279,0.344
CA_307376,204,2024-01-08,0.305,0.984,0.31
CA_307376,204,2024-01-09,0.298,1.082,0.275
CA_307376,204,2024-01-10,0.332,1.377,0.241
CA_307376,204,2024-01-11,0.461,1.279,0.36
CA_307376,204,2024-01-12,0.378,0.885,0.427
CA_307376,204,2024-01-13,0.438,0.885,0.494
CA_307376,204,2024-01-14,0.773,1.377,0.561
CA_307376,204,2024-01-15,0.556,0.885,0.628
CA_307376,204,2024-01-16,0.616,0.885,0.695
CA_307376,204,2024-01-17,0.825,1.082,0.762
CA_307376,204,2024-01-18,0.897,1.082,0.829
CA_307376,204,2024-01-19,1.146,1.279,0.896
CA_307376,204,2024-01-20,1.421,1.476,0.963
CA_307376,204,2024-01-21,1.216,1.18,1.03
CA_307376,204,2024-01-22,1.079,0.984,1.097
CA_307376,204,2024-01-23,1.489,1.279,1.164
CA_307376,204,2024-01-24,0.969,0.787,1.231
CA_307376,204,2024-01-25,1.788,1.377,1.298
CA_307376,204,2024-01-26,1.612,1.18,1.365
CA_307376,204,2024-01-27,0.361,1.082,0.333
CA_307376,204,2024-01-28,0.427,1.18,0.362
CA_307376,204,2024-01-29,0.576,1.476,0.391
CA_307376,204,2024-01-30,0.825,1.967,0.419
CA_307376,204,2024-01-31,1.233,2.754,0.448
CA_307376,204,2024-02-01,0.641,1.345,0.476
CA_307376,204,2024-02-02,0.679,1.345,0.505
CA_307376,204,2024-02-03,0.718,1.345,0.533
CA_307376,204,2024-02-04,1.026,1.825,0.562
CA_307376,204,2024-02-05,1.021,1.729,0.591
CA_307376,204,2024-02-06,0.773,1.249,0.619
CA_307376,204,2024-02-07,0.809,1.249,0.648
CA_307376,204,2024-02-08,0.65,0.961,0.676
CA_307376,204,2024-02-09,1.151,1.633,0.705
CA_307376,204,2024-02-10,0.987,1.345,0.734
CA_307376,204,2024-02-11,1.098,1.441,0.762
CA_307376,204,2024-02-12,1.038,1.537,0.675
CA_307376,204,2024-02-13,1.075,1.633,0.658
CA_307376,204,2024-02-14,1.046,1.633,0.641
CA_307376,204,2024-02-15,0.958,1.537,0.623
CA_307376,204,2024-02-16,0.99,1.633,0.606
CA_307376,204,2024-02-17,0.792,1.345,0.588
CA_307376,204,2024-02-18,1.207,2.114,0.571
CA_307376,204,2024-02-19,1.33,2.402,0.554
CA_307376,204,2024-02-20,1.031,1.922,0.536
CA_307376,204,2024-02-21,0.868,1.729,0.502
CA_307376,204,2024-02-22,1.032,2.21,0.467
CA_307376,204,2024-02-23,0.831,1.922,0.432
CA_307376,204,2024-02-24,0.687,1.729,0.398
CA_307376,204,2024-02-25,0.627,1.729,0.363
CA_307376,204,2024-02-26,0.599,1.825,0.328
CA_307376,204,2024-02-27,0.648,2.21,0.293
CA_307376,204,2024-02-28,1.027,2.498,0.411
CA_307376,204,2024-02-29,0.902,2.21,0.408
CA_307376,204,2024-03-01,0.736,1.817,0.405
CA_307376,204,2024-03-02,0.693,1.722,0.402
CA_307376,204,2024-03-03,0.688,1.722,0.4
CA_307376,204,2024-03-04,0.683,1.722,0.397
CA_307376,204,2024-03-05,0.829,2.104,0.394
CA_307376,204,2024-03-06,0.86,2.2,0.391
CA_307376,204,2024-03-07,0.891,2.295,0.388
CA_307376,204,2024-03-08,0.885,2.295,0.385
CA_307376,204,2024-03-09,0.952,2.487,0.383
CA_307376,204,2024-03-10,1.09,2.869,0.38
CA_307376,204,2024-03-11,1.01,2.678,0.377
CA_307376,204,2024-03-12,0.752,2.009,0.374
CA_307376,204,2024-03-13,1.066,2.869,0.371
CA_307376,204,2024-03-14,1.339,3.634,0.369
CA_307376,204,2024-03-15,1.106,3.252,0.34
CA_307376,204,2024-03-16,1.245,3.348,0.372
CA_307376,204,2024-03-17,1.466,3.634,0.403
CA_307376,204,2024-03-18,1.498,3.443,0.435
CA_307376,204,2024-03-19,1.74,3.73,0.467
CA_307376,204,2024-03-20,2.239,4.495,0.498
CA_307376,204,2024-03-21,2.128,4.017,0.53
CA_307376,204,2024-03-22,2.148,3.826,0.561
CA_307376,204,2024-03-23,1.361,2.295,0.593
CA_307376,204,2024-03-24,1.672,2.678,0.625
CA_307376,204,2024-03-25,2.008,3.061,0.656
CA_307376,204,2024-03-26,2.368,3.443,0.688
CA_307376,204,2024-03-27,2.133,2.965,0.719
CA_307376,204,2024-03-28,2.155,2.869,0.751
CA_307376,204,2024-03-29,2.095,2.678,0.782
CA_307376,204,2024-03-30,2.258,2.774,0.814
CA_307376,204,2024-03-31,1.697,2.869,0.592
CA_307376,204,2024-04-01,2.079,3.687,0.564
CA_307376,204,2024-04-02,2.028,3.781,0.536
CA_307376,204,2024-04-03,2.261,4.443,0.509
CA_307376,204,2024-04-04,0.865,1.796,0.481
CA_307376,204,2024-04-05,0.901,1.985,0.454
CA_307376,204,2024-04-06,1.37,3.214,0.426
CA_307376,204,2024-04-07,1.583,3.97,0.399
CA_307376,204,2024-04-08,2.144,3.97,0.54
CA_307376,204,2024-04-09,2.228,3.876,0.575
CA_307376,204,2024-04-10,2.824,4.632,0.61
CA_307376,204,2024-04-11,2.741,4.254,0.644
CA_307376,204,2024-04-12,3.981,5.861,0.679
CA_307376,204,2024-04-13,1.35,1.891,0.714
CA_307376,204,2024-04-14,1.699,2.269,0.749
CA_307376,204,2024-04-15,2.149,2.741,0.784
CA_307376,204,2024-04-16,3.25,3.97,0.819
CA_307376,204,2024-04-17,3.34,4.348,0.768
CA_307376,204,2024-04-18,3.12,4.348,0.718
CA_307376,204,2024-04-19,3.53,5.293,0.667
CA_307376,204,2024-04-20,3.495,5.672,0.616
CA_307376,204,2024-04-21,3.101,5.483,0.566
CA_307376,204,2024-04-22,2.775,5.388,0.515
CA_307376,204,2024-04-23,2.107,4.537,0.464
CA_307376,204,2024-04-24,1.82,4.065,0.448
CA_307376,204,2024-04-25,2.159,5.01,0.431
CA_307376,204,2024-04-26,1.644,3.97,0.414
CA_307376,204,2024-04-27,1.803,4.537,0.397
CA_307376,204,2024-04-28,2.194,5.766,0.381
CA_307376,204,2024-04-29,2.235,6.144,0.364
CA_307376,204,2024-04-30,2.034,5.861,0.347
CA_307376,204,2024-05-01,2.074,6.28,0.33
CA_307376,204,2024-05-02,2.881,6.28,0.459
CA_307376,204,2024-05-03,2.793,6.003,0.465
CA_307376,204,2024-05-04,1.046,2.216,0.472
CA_307376,204,2024-05-05,2.12,4.433,0.478
CA_307376,204,2024-05-06,2.328,4.802,0.485
CA_307376,204,2024-05-07,2.722,5.541,0.491
CA_307376,204,2024-05-08,2.85,5.726,0.498
CA_307376,204,2024-05-09,2.981,5.91,0.504
CA_307376,204,2024-05-10,3.159,6.741,0.469
CA_307376,204,2024-05-11,3.096,6.649,0.466
CA_307376,204,2024-05-12,3.461,7.48,0.463
CA_307376,204,2024-05-13,3.354,7.296,0.46
CA_307376,204,2024-05-14,3.29,7.203,0.457
CA_307376,204,2024-05-15,3.395,7.48,0.454
CA_307376,204,2024-05-16,3.164,7.019,0.451
CA_307376,204,2024-05-17,2.895,6.464,0.448
CA_307376,204,2024-05-18,2.828,6.28,0.45
CA_307376,204,2024-05-19,2.709,5.91,0.458
CA_307376,204,2024-05-20,3.144,6.741,0.466
CA_307376,204,2024-05-21,3.33,7.019,0.474
CA_307376,204,2024-05-22,3.475,7.203,0.482
CA_307376,204,2024-05-23,3.171,6.464,0.49
CA_307376,204,2024-05-24,3.084,6.187,0.498
CA_307376,204,2024-05-25,2.9,5.726,0.506
CA_307376,204,2024-05-26,3.203,6.187,0.518
CA_307376,204,2024-05-27,3.523,6.741,0.523
CA_307376,204,2024-05-28,3.751,7.111,0.528
CA_307376,204,2024-05-29,4.18,7.85,0.532
CA_307376,204,2024-05-30,4.218,7.85,0.537
CA_307376,204,2024-05-31,4.207,7.757,0.542
CA_307376,204,2024-06-01,4.011,7.329,0.547
CA_307376,204,2024-06-02,3.844,6.963,0.552
CA_307376,204,2024-06-03,3.611,6.505,0.555
CA_307376,204,2024-06-04,3.938,7.055,0.558
CA_307376,204,2024-06-05,4.474,7.971,0.561
CA_307376,204,2024-06-06,4.601,8.154,0.564
CA_307376,204,2024-06-07,4.158,7.329,0.567
CA_307376,204,2024-06-08,3.658,6.413,0.57
CA_307376,204,2024-06-09,4.045,7.055,0.573
CA_307376,204,2024-06-10,4.225,7.329,0.576
CA_307376,204,2024-06-11,5.159,8.864,0.584
CA_307376,204,2024-06-12,5.335,8.795,0.609
CA_307376,204,2024-06-13,5.56,8.814,0.632
CA_307376,204,2024-06-14,5.421,8.41,0.643
CA_307376,204,2024-06-15,5.231,8.099,0.642
CA_307376,204,2024-06-16,5.041,7.934,0.63
CA_307376,204,2024-06-17,4.648,7.824,0.59
CA_307376,204,2024-06-18,4.145,7.531,0.551
CA_307376,204,2024-06-19,3.879,7.659,0.511
CA_307376,204,2024-06-20,3.645,7.623,0.479
CA_307376,204,2024-06-21,3.596,7.916,0.454
CA_307376,204,2024-06-22,3.555,8.154,0.436
CA_307376,204,2024-06-23,3.674,8.631,0.426
CA_307376,204,2024-06-24,3.814,9.034,0.423
CA_307376,204,2024-06-25,4.171,9.95,0.42
CA_307376,204,2024-06-26,4.393,10.554,0.417
CA_307376,204,2024-06-27,4.393,10.628,0.413
CA_307376,204,2024-06-28,4.225,10.169,0.416
CA_307376,204,2024-06-29,4.15,9.721,0.429
CA_307376,204,2024-06-30,4.133,9.199,0.453
CA_307376,204,2024-07-01,3.98,8.272,0.486
CA_307376,204,2024-07-02,4.078,7.766,0.529
CA_307376,204,2024-07-03,4.32,7.572,0.577
CA_307376,204,2024-07-04,4.407,7.13,0.624
CA_307376,204,2024-07-05,4.571,6.817,0.671
CA_307376,204,2024-07-06,4.878,7.056,0.692
CA_307376,204,2024-07-07,5.113,7.333,0.699
CA_307376,204,2024-07-08,5.296,7.683,0.693
CA_307376,204,2024-07-09,5.309,7.904,0.674
CA_307376,204,2024-07-10,5.244,8.18,0.641
CA_307376,204,2024-07-11,5.091,8.199,0.621
CA_307376,204,2024-07-12,4.839,8.051,0.6
CA_307376,204,2024-07-13,4.702,8.125,0.58
CA_307376,204,2024-07-14,4.698,8.475,0.556
CA_307376,204,2024-07-15,4.552,8.586,0.532
CA_307376,204,2024-07-16,4.26,8.365,0.509
CA_307376,204,2024-07-17,4.22,8.678,0.485
CA_307376,204,2024-07-18,4.16,9.028,0.462
CA_307376,204,2024-07-19,4.089,9.286,0.443
CA_307376,204,2024-07-20,4.102,9.765,0.424
CA_307376,204,2024-07-21,4.158,10.281,0.405
CA_307376,204,2024-07-22,4.026,9.838,0.414
CA_307376,204,2024-07-23,3.904,9.323,0.426
CA_307376,204,2024-07-24,3.819,8.825,0.441
CA_307376,204,2024-07-25,3.71,8.18,0.458
CA_307376,204,2024-07-26,3.841,8.051,0.478
CA_307376,204,2024-07-27,3.929,8.328,0.472
CA_307376,204,2024-07-28,3.85,8.254,0.466
CA_307376,204,2024-07-29,3.655,7.922,0.461
CA_307376,204,2024-07-30,3.424,7.504,0.455
CA_307376,204,2024-07-31,3.214,7.139,0.45
CA_307376,204,2024-08-01,3.183,7.177,0.444
CA_307376,204,2024-08-02,3.101,7.087,0.438
CA_307376,204,2024-08-03,2.937,6.783,0.433
CA_307376,204,2024-08-04,2.919,6.819,0.427
CA_307376,204,2024-08-05,2.946,6.983,0.422
CA_307376,204,2024-08-06,2.847,6.855,0.416
CA_307376,204,2024-08-07,2.93,6.874,0.426
CA_307376,204,2024-08-08,3.193,7.329,0.436
CA_307376,204,2024-08-09,3.397,7.639,0.446
CA_307376,204,2024-08-10,3.507,7.712,0.455
CA_307376,204,2024-08-11,3.64,7.84,0.465
CA_307376,204,2024-08-12,3.731,8.15,0.458
CA_307376,204,2024-08-13,3.797,8.405,0.452
CA_307376,204,2024-08-14,3.748,8.405,0.446
CA_307376,204,2024-08-15,3.32,8.186,0.4
CA_307376,204,2024-08-16,3.058,8.46,0.361
CA_307376,204,2024-08-17,2.768,8.46,0.329
CA_307376,204,2024-08-18,2.497,8.278,0.304
CA_307376,204,2024-08-19,2.295,8.113,0.285
CA_307376,204,2024-08-20,2.535,8.241,0.312
CA_307376,204,2024-08-21,2.602,7.73,0.339
CA_307376,204,2024-08-22,2.745,7.493,0.365
CA_307376,204,2024-08-23,2.904,7.53,0.385
CA_307376,204,2024-08-24,3.002,7.567,0.397
CA_307376,204,2024-08-25,2.948,7.33,0.402
CA_307376,204,2024-08-26,2.841,7.093,0.399
CA_307376,204,2024-08-27,2.732,7.001,0.39
CA_307376,204,2024-08-28,2.629,6.91,0.381
CA_307376,204,2024-08-29,2.661,7.184,0.372
CA_307376,204,2024-08-30,2.692,7.452,0.362
CA_307376,204,2024-08-31,2.753,8.449,0.334
CA_307376,204,2024-09-01,2.736,9.081,0.31
CA_307376,204,2024-09-02,2.669,9.349,0.291
CA_307376,204,2024-09-03,2.569,9.435,0.276
CA_307376,204,2024-09-04,2.42,9.199,0.266
CA_307376,204,2024-09-05,2.369,8.526,0.28
CA_307376,204,2024-09-06,2.4,8.162,0.294
CA_307376,204,2024-09-07,2.495,8.09,0.308
CA_307376,204,2024-09-08,2.452,7.708,0.317
CA_307376,204,2024-09-09,2.536,7.763,0.327
CA_307376,204,2024-09-10,2.451,7.308,0.337
CA_307376,204,2024-09-11,2.284,6.617,0.347
CA_307376,204,2024-09-12,2.089,5.89,0.358
CA_307376,204,2024-09-13,2.01,5.418,0.375
CA_307376,204,2024-09-14,1.933,4.963,0.391
CA_307376,204,2024-09-15,1.959,4.817,0.407
CA_307376,204,2024-09-16,1.841,4.399,0.419
CA_307376,204,2024-09-17,1.659,3.89,0.428
CA_307376,204,2024-09-18,1.555,3.599,0.432
CA_307376,204,2024-09-19,1.441,3.327,0.432
CA_307376,204,2024-09-20,1.408,3.29,0.429
CA_307376,204,2024-09-21,1.548,3.654,0.425
CA_307376,204,2024-09-22,1.79,4.254,0.422
CA_307376,204,2024-09-23,1.988,4.763,0.418
CA_307376,204,2024-09-24,2.17,5.29,0.411
CA_307376,204,2024-09-25,2.25,5.599,0.403
CA_307376,204,2024-09-26,2.308,5.89,0.393
CA_307376,204,2024-09-27,2.265,5.926,0.382
CA_307376,204,2024-09-28,2.117,5.708,0.369
CA_307376,204,2024-09-29,1.971,5.475,0.358
CA_307376,204,2024-09-30,1.798,5.15,0.347
CA_307376,204,2024-10-01,1.642,4.879,0.336
CA_307376,204,2024-10-02,1.627,4.9,0.332
CA_307376,204,2024-10-03,1.671,5.048,0.331
CA_307376,204,2024-10-04,1.745,5.249,0.332
CA_307376,204,2024-10-05,1.812,5.394,0.336
CA_307376,204,2024-10-06,1.85,5.413,0.342
CA_307376,204,2024-10-07,1.868,5.431,0.344
CA_307376,204,2024-10-08,1.803,5.212,0.346
CA_307376,204,2024-10-09,1.751,5.03,0.348
CA_307376,204,2024-10-10,1.806,4.975,0.363
CA_307376,204,2024-10-11,1.834,4.848,0.379
CA_307376,204,2024-10-12,1.846,4.666,0.396
CA_307376,204,2024-10-13,1.955,4.738,0.414
CA_307376,204,2024-10-14,1.92,4.447,0.433
CA_307376,204,2024-10-15,1.834,4.173,0.441
CA_307376,204,2024-10-16,1.827,4.082,0.448
CA_307376,204,2024-10-17,1.827,4.009,0.456
CA_307376,204,2024-10-18,1.745,3.827,0.455
CA_307376,204,2024-10-19,1.844,4.046,0.455
CA_307376,204,2024-10-20,1.831,4.009,0.457
CA_307376,204,2024-10-21,1.831,3.991,0.459
CA_307376,204,2024-10-22,1.683,3.663,0.462
CA_307376,204,2024-10-23,1.647,3.499,0.474
CA_307376,204,2024-10-24,1.591,3.28,0.486
CA_307376,204,2024-10-25,1.557,3.135,0.498
CA_307376,204,2024-10-26,1.439,2.807,0.514
CA_307376,204,2024-10-27,1.634,3.062,0.533
CA_307376,204,2024-10-28,1.711,3.08,0.555
CA_307376,204,2024-10-29,1.582,2.734,0.581
CA_307376,204,2024-10-30,1.509,2.505,0.611
CA_307376,204,2024-10-31,1.444,2.312,0.64
CA_307376,204,2024-11-01,1.324,1.996,0.67
CA_307376,204,2024-11-02,1.213,1.732,0.699
CA_307376,204,2024-11-03,1.181,1.723,0.685
CA_307376,204,2024-11-04,1.111,1.649,0.669
CA_307376,204,2024-11-05,0.961,1.443,0.651
CA_307376,204,2024-11-06,0.73,1.143,0.631
CA_307376,204,2024-11-07,0.633,1.049,0.61
CA_307376,204,2024-11-08,0.646,1.012,0.632
CA_307376,204,2024-11-09,0.672,1.012,0.653
CA_307376,204,2024-11-10,0.854,1.255,0.674
CA_307376,204,2024-11-11,0.987,1.442,0.683
CA_307376,204,2024-11-12,0.983,1.424,0.691
CA_307376,204,2024-11-13,1.032,1.48,0.697
CA_307376,204,2024-11-14,1.023,1.461,0.701
CA_307376,204,2024-11-15,0.986,1.405,0.703
CA_307376,204,2024-11-16,1.007,1.405,0.716
CA_307376,204,2024-11-17,1.021,1.405,0.729
CA_307376,204,2024-11-18,0.93,1.255,0.741
CA_307376,204,2024-11-19,0.917,1.236,0.741
CA_307376,204,2024-11-20,0.913,1.255,0.729
CA_307376,204,2024-11-21,0.826,1.18,0.703
CA_307376,204,2024-11-22,0.783,1.18,0.665
CA_307376,204,2024-11-23,0.736,1.199,0.615
CA_307376,204,2024-11-24,0.718,1.274,0.564
CA_307376,204,2024-11-25,0.632,1.237,0.513
CA_307376,204,2024-11-26,0.644,1.443,0.462
CA_307376,204,2024-11-27,0.678,1.48,0.472
CA_307376,204,2024-11-28,0.676,1.442,0.489
CA_307376,204,2024-11-29,0.697,1.42,0.513
CA_307376,204,2024-11-30,0.664,1.296,0.543
CA_307376,204,2024-12-01,0.556,0.946,0.581
CA_307376,204,2024-12-02,0.512,0.902,0.565
CA_307376,204,2024-12-03,0.482,0.875,0.55
CA_307376,204,2024-12-04,0.432,0.816,0.534
CA_307376,204,2024-12-05,0.451,0.875,0.518
CA_307376,204,2024-12-06,0.498,0.975,0.51
CA_307376,204,2024-12-07,0.498,0.975,0.51
CA_307376,204,2024-12-08,0.594,1.134,0.518
CA_307376,204,2024-12-09,0.633,1.174,0.534
CA_307376,204,2024-12-10,0.654,1.174,0.557
CA_307376,204,2024-12-11,0.665,1.154,0.581
CA_307376,204,2024-12-12,0.639,1.074,0.605
CA_307376,204,2024-12-13,0.541,0.875,0.623
CA_307376,204,2024-12-14,0.492,0.776,0.636
CA_307376,204,2024-12-15,0.46,0.716,0.643
CA_307376,204,2024-12-16,0.423,0.656,0.645
CA_307376,204,2024-12-17,0.408,0.637,0.641
CA_307376,204,2024-12-18,0.405,0.637,0.637
CA_307376,204,2024-12-19,0.403,0.637,0.633
CA_307376,204,2024-12-20,0.4,0.637,0.629
CA_307376,204,2024-12-21,0.386,0.617,0.625
CA_307376,204,2024-12-22,0.371,0.597,0.621
CA_307376,204,2024-12-23,0.344,0.557,0.617
CA_307376,204,2024-12-24,0.329,0.537,0.613
CA_307376,204,2024-12-25,0.327,0.537,0.609
CA_307376,204,2024-12-26,0.361,0.597,0.605
CA_307376,204,2024-12-27,0.382,0.637,0.601
CA_307376,204,2024-12-28,0.497,0.836,0.597
CA_307376,204,2024-12-29,0.53,0.895,0.593
CA_307376,204,2024-12-30,0.573,0.97,0.591
CA_307376,204,2024-12-31,0.605,1.028,0.589
CA_307472,204,2024-01-01,0.308,0.983,0.313
CA_307472,204,2024-01-02,0.156,0.491,0.317
CA_307472,204,2024-01-03,0.379,1.179,0.321
CA_307472,204,2024-01-04,0.575,1.769,0.325
CA_307472,204,2024-01-05,0.366,1.112,0.329
CA_307472,204,2024-01-06,0.328,0.983,0.334
CA_307472,204,2024-01-07,0.431,1.278,0.338
CA_307472,204,2024-01-08,0.336,0.983,0.342
CA_307472,204,2024-01-09,0.374,1.081,0.346
CA_307472,204,2024-01-10,0.482,1.376,0.35
CA_307472,204,2024-01-11,0.739,1.278,0.578
CA_307472,204,2024-01-12,0.561,0.884,0.634
CA_307472,204,2024-01-13,0.631,0.915,0.689
CA_307472,204,2024-01-14,1.002,1.345,0.745
CA_307472,204,2024-01-15,0.708,0.884,0.8
CA_307472,204,2024-01-16,0.757,0.884,0.856
CA_307472,204,2024-01-17,0.985,1.081,0.911
CA_307472,204,2024-01-18,1.045,1.081,0.967
CA_307472,204,2024-01-19,1.306,1.278,1.022
CA_307472,204,2024-01-20,1.588,1.474,1.077
CA_307472,204,2024-01-21,1.371,1.21,1.133
CA_307472,204,2024-01-22,1.168,0.983,1.188
CA_307472,204,2024-01-23,1.589,1.278,1.244
CA_307472,204,2024-01-24,1.061,0.817,1.299
CA_307472,204,2024-01-25,1.864,1.376,1.355
CA_307472,204,2024-01-26,1.663,1.179,1.4
CA_307472,204,2024-01-27,1.482,1.081,1.371
CA_307472,204,2024-01-28,1.571,1.179,1.332
CA_307472,204,2024-01-29,1.906,1.474,1.293
CA_307472,204,2024-01-30,2.465,1.965,1.254
CA_307472,204,2024-01-31,3.307,2.721,1.215
CA_307472,204,2024-02-01,1.58,1.344,1.176
CA_307472,204,2024-02-02,1.528,1.344,1.137
CA_307472,204,2024-02-03,1.476,1.344,1.098
CA_307472,204,2024-02-04,1.932,1.823,1.059
CA_307472,204,2024-02-05,1.763,1.727,1.02
CA_307472,204,2024-02-06,1.224,1.248,0.981
CA_307472,204,2024-02-07,1.176,1.248,0.942
CA_307472,204,2024-02-08,0.867,0.96,0.903
CA_307472,204,2024-02-09,1.385,1.602,0.864
CA_307472,204,2024-02-10,1.084,1.314,0.825
CA_307472,204,2024-02-11,1.132,1.44,0.786
CA_307472,204,2024-02-12,1.154,1.565,0.738
CA_307472,204,2024-02-13,1.169,1.631,0.717
CA_307472,204,2024-02-14,1.135,1.631,0.695
CA_307472,204,2024-02-15,1.036,1.535,0.674
CA_307472,204,2024-02-16,1.066,1.631,0.653
CA_307472,204,2024-02-17,0.85,1.344,0.632
CA_307472,204,2024-02-18,1.291,2.111,0.611
CA_307472,204,2024-02-19,1.416,2.399,0.59
CA_307472,204,2024-02-20,1.093,1.919,0.569
CA_307472,204,2024-02-21,0.92,1.727,0.532
CA_307472,204,2024-02-22,1.094,2.207,0.496
CA_307472,204,2024-02-23,0.88,1.919,0.459
CA_307472,204,2024-02-24,0.729,1.727,0.422
CA_307472,204,2024-02-25,0.665,1.727,0.385
CA_307472,204,2024-02-26,0.634,1.823,0.348
CA_307472,204,2024-02-27,0.687,2.207,0.311
CA_307472,204,2024-02-28,1.125,2.495,0.451
CA_307472,204,2024-02-29,1.008,2.207,0.457
CA_307472,204,2024-03-01,0.84,1.815,0.462
CA_307472,204,2024-03-02,0.805,1.72,0.468
CA_307472,204,2024-03-03,0.815,1.72,0.474
CA_307472,204,2024-03-04,0.84,1.75,0.48
CA_307472,204,2024-03-05,1.021,2.102,0.486
CA_307472,204,2024-03-06,1.08,2.198,0.492
CA_307472,204,2024-03-07,1.141,2.293,0.497
CA_307472,204,2024-03-08,1.154,2.293,0.503
CA_307472,204,2024-03-09,1.265,2.484,0.509
CA_307472,204,2024-03-10,1.476,2.867,0.515
CA_307472,204,2024-03-11,1.393,2.675,0.521
CA_307472,204,2024-03-12,1.057,2.007,0.527
CA_307472,204,2024-03-13,1.526,2.867,0.532
CA_307472,204,2024-03-14,1.954,3.631,0.538
CA_307472,204,2024-03-15,1.77,3.249,0.545
CA_307472,204,2024-03-16,1.955,3.344,0.584
CA_307472,204,2024-03-17,2.284,3.661,0.624
CA_307472,204,2024-03-18,2.283,3.44,0.664
CA_307472,204,2024-03-19,2.621,3.727,0.703
CA_307472,204,2024-03-20,3.336,4.491,0.743
CA_307472,204,2024-03-21,3.14,4.013,0.782
CA_307472,204,2024-03-22,3.142,3.822,0.822
CA_307472,204,2024-03-23,1.976,2.293,0.862
CA_307472,204,2024-03-24,2.283,2.675,0.853
CA_307472,204,2024-03-25,2.584,3.058,0.845
CA_307472,204,2024-03-26,2.903,3.47,0.837
CA_307472,204,2024-03-27,2.453,2.962,0.828
CA_307472,204,2024-03-28,2.35,2.867,0.82
CA_307472,204,2024-03-29,2.147,2.646,0.812
CA_307472,204,2024-03-30,2.226,2.771,0.803
CA_307472,204,2024-03-31,2.279,2.867,0.795
CA_307472,204,2024-04-01,2.939,3.683,0.798
CA_307472,204,2024-04-02,3.026,3.777,0.801
CA_307472,204,2024-04-03,3.57,4.438,0.804
CA_307472,204,2024-04-04,1.449,1.794,0.807
CA_307472,204,2024-04-05,1.631,2.012,0.811
CA_307472,204,2024-04-06,2.613,3.211,0.814
CA_307472,204,2024-04-07,3.24,3.966,0.817
CA_307472,204,2024-04-08,3.32,3.966,0.837
CA_307472,204,2024-04-09,3.297,3.872,0.851
CA_307472,204,2024-04-10,4.006,4.627,0.866
CA_307472,204,2024-04-11,3.74,4.25,0.88
CA_307472,204,2024-04-12,5.237,5.855,0.894
CA_307472,204,2024-04-13,1.717,1.889,0.909
CA_307472,204,2024-04-14,2.092,2.266,0.923
CA_307472,204,2024-04-15,2.568,2.739,0.938
CA_307472,204,2024-04-16,3.775,3.966,0.952
CA_307472,204,2024-04-17,3.984,4.344,0.917
CA_307472,204,2024-04-18,3.832,4.344,0.882
CA_307472,204,2024-04-19,4.481,5.288,0.847
CA_307472,204,2024-04-20,4.58,5.637,0.813
CA_307472,204,2024-04-21,4.282,5.507,0.778
CA_307472,204,2024-04-22,3.999,5.383,0.743
CA_307472,204,2024-04-23,3.209,4.533,0.708
CA_307472,204,2024-04-24,2.793,4.061,0.688
CA_307472,204,2024-04-25,3.34,5.005,0.667
CA_307472,204,2024-04-26,2.567,3.966,0.647
CA_307472,204,2024-04-27,2.823,4.503,0.627
CA_307472,204,2024-04-28,3.494,5.76,0.607
CA_307472,204,2024-04-29,3.581,6.109,0.586
CA_307472,204,2024-04-30,3.297,5.826,0.566
CA_307472,204,2024-05-01,3.407,6.244,0.546
CA_307472,204,2024-05-02,3.725,6.244,0.597
CA_307472,204,2024-05-03,3.67,5.996,0.612
CA_307472,204,2024-05-04,1.408,2.243,0.628
CA_307472,204,2024-05-05,2.83,4.399,0.643
CA_307472,204,2024-05-06,3.16,4.797,0.659
CA_307472,204,2024-05-07,3.733,5.535,0.674
CA_307472,204,2024-05-08,3.946,5.719,0.69
CA_307472,204,2024-05-09,4.166,5.904,0.706
CA_307472,204,2024-05-10,4.125,6.734,0.613
CA_307472,204,2024-05-11,4.105,6.642,0.618
CA_307472,204,2024-05-12,4.64,7.443,0.623
CA_307472,204,2024-05-13,4.582,7.287,0.629
CA_307472,204,2024-05-14,4.563,7.195,0.634
CA_307472,204,2024-05-15,4.778,7.472,0.639
CA_307472,204,2024-05-16,4.521,7.011,0.645
CA_307472,204,2024-05-17,4.199,6.457,0.65
CA_307472,204,2024-05-18,4.1,6.244,0.657
CA_307472,204,2024-05-19,3.865,5.904,0.655
CA_307472,204,2024-05-20,4.395,6.734,0.653
CA_307472,204,2024-05-21,4.563,7.011,0.651
CA_307472,204,2024-05-22,4.669,7.195,0.649
CA_307472,204,2024-05-23,4.177,6.457,0.647
CA_307472,204,2024-05-24,3.986,6.181,0.645
CA_307472,204,2024-05-25,3.659,5.691,0.643
CA_307472,204,2024-05-26,4.131,6.181,0.668
CA_307472,204,2024-05-27,4.602,6.734,0.683
CA_307472,204,2024-05-28,4.941,7.074,0.698
CA_307472,204,2024-05-29,5.574,7.812,0.713
CA_307472,204,2024-05-30,5.691,7.812,0.729
CA_307472,204,2024-05-31,5.74,7.72,0.744
CA_307472,204,2024-06-01,5.579,7.355,0.759
CA_307472,204,2024-06-02,5.384,6.96,0.774
CA_307472,204,2024-06-03,4.922,6.474,0.76
CA_307472,204,2024-06-04,5.268,7.052,0.747
CA_307472,204,2024-06-05,5.847,7.968,0.734
CA_307472,204,2024-06-06,5.874,8.151,0.721
CA_307472,204,2024-06-07,5.203,7.355,0.707
CA_307472,204,2024-06-08,4.45,6.411,0.694
CA_307472,204,2024-06-09,4.802,7.052,0.681
CA_307472,204,2024-06-10,4.892,7.327,0.668
CA_307472,204,2024-06-11,3.875,7.663,0.506
CA_307472,204,2024-06-12,3.681,7.59,0.484
CA_307472,204,2024-06-13,3.429,7.493,0.457
CA_307472,204,2024-06-14,3.202,7.401,0.432
CA_307472,204,2024-06-15,3.002,7.328,0.408
CA_307472,204,2024-06-16,2.835,7.333,0.387
CA_307472,204,2024-06-17,2.858,7.51,0.381
CA_307472,204,2024-06-18,2.751,7.332,0.375
CA_307472,204,2024-06-19,2.715,7.345,0.37
CA_307472,204,2024-06-20,2.939,7.436,0.395
CA_307472,204,2024-06-21,3.205,7.455,0.428
CA_307472,204,2024-06-22,3.483,7.376,0.467
CA_307472,204,2024-06-23,3.96,7.669,0.514
CA_307472,204,2024-06-24,4.383,7.73,0.567
CA_307472,204,2024-06-25,4.56,7.669,0.596
CA_307472,204,2024-06-26,4.643,7.449,0.625
CA_307472,204,2024-06-27,4.932,7.535,0.655
CA_307472,204,2024-06-28,4.988,7.553,0.66
CA_307472,204,2024-06-29,5.065,7.747,0.655
CA_307472,204,2024-06-30,5.01,7.847,0.639
CA_307472,204,2024-07-01,4.903,7.984,0.613
CA_307472,204,2024-07-02,4.536,7.871,0.575
CA_307472,204,2024-07-03,4.334,7.862,0.551
CA_307472,204,2024-07-04,4.048,7.696,0.526
CA_307472,204,2024-07-05,3.861,7.696,0.502
CA_307472,204,2024-07-06,3.708,7.77,0.477
CA_307472,204,2024-07-07,3.504,7.641,0.458
CA_307472,204,2024-07-08,3.334,7.512,0.443
CA_307472,204,2024-07-09,3.351,7.715,0.434
CA_307472,204,2024-07-10,3.36,7.807,0.43
CA_307472,204,2024-07-11,3.447,7.991,0.431
CA_307472,204,2024-07-12,3.66,8.464,0.432
CA_307472,204,2024-07-13,3.835,8.851,0.433
CA_307472,204,2024-07-14,3.8,8.833,0.43
CA_307472,204,2024-07-15,3.679,8.617,0.426
CA_307472,204,2024-07-16,3.464,8.194,0.421
CA_307472,204,2024-07-17,3.168,7.591,0.416
CA_307472,204,2024-07-18,2.865,6.983,0.41
CA_307472,204,2024-07-19,2.679,6.578,0.407
CA_307472,204,2024-07-20,2.645,6.541,0.404
CA_307472,204,2024-07-21,2.708,6.744,0.402
CA_307472,204,2024-07-22,2.999,7.131,0.418
CA_307472,204,2024-07-23,3.206,7.211,0.444
CA_307472,204,2024-07-24,3.629,7.532,0.48
CA_307472,204,2024-07-25,4.13,7.827,0.526
CA_307472,204,2024-07-26,4.575,7.839,0.583
CA_307472,204,2024-07-27,4.929,7.784,0.63
CA_307472,204,2024-07-28,5.526,8.145,0.678
CA_307472,204,2024-07-29,5.712,7.899,0.726
CA_307472,204,2024-07-30,5.718,7.535,0.762
CA_307472,204,2024-07-31,5.957,7.645,0.782
CA_307472,204,2024-08-01,5.913,7.555,0.785
CA_307472,204,2024-08-02,5.718,7.446,0.771
CA_307472,204,2024-08-03,5.524,7.473,0.74
CA_307472,204,2024-08-04,5.37,7.6,0.704
CA_307472,204,2024-08-05,4.886,7.296,0.667
CA_307472,204,2024-08-06,4.591,7.26,0.631
CA_307472,204,2024-08-07,4.142,7.096,0.584
CA_307472,204,2024-08-08,3.833,6.999,0.547
CA_307472,204,2024-08-09,3.602,6.926,0.52
CA_307472,204,2024-08-10,3.517,6.999,0.502
CA_307472,204,2024-08-11,3.439,6.962,0.494
CA_307472,204,2024-08-12,3.633,7.163,0.506
CA_307472,204,2024-08-13,3.872,7.454,0.518
CA_307472,204,2024-08-14,3.945,7.436,0.531
CA_307472,204,2024-08-15,3.826,7.223,0.529
CA_307472,204,2024-08-16,3.614,6.877,0.523
CA_307472,204,2024-08-17,3.333,6.463,0.513
CA_307472,204,2024-08-18,3.081,6.172,0.498
CA_307472,204,2024-08-19,3.042,6.354,0.48
CA_307472,204,2024-08-20,3.079,6.549,0.471
CA_307472,204,2024-08-21,3.097,6.695,0.463
CA_307472,204,2024-08-22,3.012,6.616,0.454
CA_307472,204,2024-08-23,2.995,6.72,0.445
CA_307472,204,2024-08-24,2.93,6.732,0.436
CA_307472,204,2024-08-25,2.883,6.787,0.426
CA_307472,204,2024-08-26,2.866,6.896,0.416
CA_307472,204,2024-08-27,2.913,7.164,0.406
CA_307472,204,2024-08-28,2.826,7.115,0.397
CA_307472,204,2024-08-29,2.688,6.939,0.387
CA_307472,204,2024-08-30,2.628,6.97,0.377
CA_307472,204,2024-08-31,2.545,6.911,0.368
CA_307472,204,2024-09-01,2.534,7.002,0.362
CA_307472,204,2024-09-02,2.554,7.113,0.359
CA_307472,204,2024-09-03,2.499,6.963,0.359
CA_307472,204,2024-09-04,2.493,6.885,0.362
CA_307472,204,2024-09-05,2.531,6.885,0.368
CA_307472,204,2024-09-06,2.404,6.443,0.374
CA_307472,204,2024-09-07,2.317,6.11,0.38
CA_307472,204,2024-09-08,2.319,5.977,0.389
CA_307472,204,2024-09-09,2.236,5.637,0.397
CA_307472,204,2024-09-10,2.248,5.565,0.404
CA_307472,204,2024-09-11,2.425,5.933,0.409
CA_307472,204,2024-09-12,2.559,6.213,0.412
CA_307472,204,2024-09-13,2.641,6.436,0.411
CA_307472,204,2024-09-14,2.585,6.322,0.409
CA_307472,204,2024-09-15,2.472,6.068,0.407
CA_307472,204,2024-09-16,2.196,5.668,0.385
CA_307472,204,2024-09-17,1.925,5.165,0.371
CA_307472,204,2024-09-18,1.762,4.838,0.365
CA_307472,204,2024-09-19,1.809,4.935,0.366
CA_307472,204,2024-09-20,1.903,5.044,0.375
CA_307472,204,2024-09-21,2.154,5.171,0.413
CA_307472,204,2024-09-22,2.377,5.267,0.45
CA_307472,204,2024-09-23,2.526,5.213,0.487
CA_307472,204,2024-09-24,2.777,5.225,0.533
CA_307472,204,2024-09-25,2.776,4.929,0.567
CA_307472,204,2024-09-26,2.688,4.566,0.59
CA_307472,204,2024-09-27,2.556,4.239,0.601
CA_307472,204,2024-09-28,2.475,4.094,0.601
CA_307472,204,2024-09-29,2.203,3.786,0.582
CA_307472,204,2024-09-30,2.132,3.793,0.563
CA_307472,204,2024-10-01,2.159,3.994,0.543
CA_307472,204,2024-10-02,2.182,4.268,0.515
CA_307472,204,2024-10-03,2.155,4.41,0.492
CA_307472,204,2024-10-04,2.052,4.343,0.473
CA_307472,204,2024-10-05,2.004,4.361,0.458
CA_307472,204,2024-10-06,1.939,4.324,0.448
CA_307472,204,2024-10-07,1.982,4.379,0.452
CA_307472,204,2024-10-08,1.908,4.185,0.456
CA_307472,204,2024-10-09,1.794,3.912,0.459
CA_307472,204,2024-10-10,1.718,3.56,0.497
CA_307472,204,2024-10-11,1.765,3.397,0.528
CA_307472,204,2024-10-12,1.784,3.215,0.552
CA_307472,204,2024-10-13,1.889,3.287,0.57
CA_307472,204,2024-10-14,2.115,3.67,0.582
CA_307472,204,2024-10-15,2.28,4.13,0.554
CA_307472,204,2024-10-16,2.118,4.021,0.525
CA_307472,204,2024-10-17,1.949,3.906,0.497
CA_307472,204,2024-10-18,1.777,3.833,0.46
CA_307472,204,2024-10-19,1.561,3.615,0.426
CA_307472,204,2024-10-20,1.341,3.378,0.396
CA_307472,204,2024-10-21,1.262,3.415,0.369
CA_307472,204,2024-10-22,1.114,3.22,0.345
CA_307472,204,2024-10-23,1.045,3.129,0.334
CA_307472,204,2024-10-24,1.038,3.22,0.322
CA_307472,204,2024-10-25,1.058,3.42,0.311
CA_307472,204,2024-10-26,1.083,3.22,0.347
CA_307472,204,2024-10-27,1.208,3.311,0.378
CA_307472,204,2024-10-28,1.297,3.329,0.404
CA_307472,204,2024-10-29,1.305,3.166,0.426
CA_307472,204,2024-10-30,1.132,2.505,0.442
CA_307472,204,2024-10-31,0.977,2.314,0.406
CA_307472,204,2024-11-01,0.806,2.113,0.37
CA_307472,204,2024-11-02,0.68,2.069,0.335
CA_307472,204,2024-11-03,0.605,2.078,0.305
CA_307472,204,2024-11-04,0.665,2.364,0.287
CA_307472,204,2024-11-05,0.669,2.42,0.279
CA_307472,204,2024-11-06,0.713,2.544,0.281
CA_307472,204,2024-11-07,0.742,2.513,0.295
CA_307472,204,2024-11-08,0.792,2.518,0.312
CA_307472,204,2024-11-09,0.804,2.431,0.33
CA_307472,204,2024-11-10,0.851,2.468,0.348
CA_307472,204,2024-11-11,0.818,2.281,0.362
CA_307472,204,2024-11-12,0.787,2.119,0.373
CA_307472,204,2024-11-13,0.787,2.063,0.381
CA_307472,204,2024-11-14,0.782,2.025,0.386
CA_307472,204,2024-11-15,0.734,1.894,0.388
CA_307472,204,2024-11-16,0.705,1.814,0.389
CA_307472,204,2024-11-17,0.748,1.914,0.391
CA_307472,204,2024-11-18,0.7,1.783,0.393
CA_307472,204,2024-11-19,0.696,1.764,0.394
CA_307472,204,2024-11-20,0.691,1.746,0.396
CA_307472,204,2024-11-21,0.763,1.92,0.397
CA_307472,204,2024-11-22,0.679,1.701,0.399
CA_307472,204,2024-11-23,0.772,1.926,0.401
CA_307472,204,2024-11-24,0.813,2.019,0.402
CA_307472,204,2024-11-25,0.785,1.945,0.404
CA_307472,204,2024-11-26,0.674,1.664,0.406
CA_307472,204,2024-11-27,0.63,1.552,0.407
CA_307472,204,2024-11-28,0.455,1.116,0.409
CA_307472,204,2024-11-29,0.345,0.84,0.41
CA_307472,204,2024-11-30,0.367,0.892,0.412
CA_307472,204,2024-12-01,0.348,0.843,0.414
CA_307472,204,2024-12-02,0.338,0.814,0.415
CA_307472,204,2024-12-03,0.37,0.889,0.417
CA_307472,204,2024-12-04,0.45,1.074,0.419
CA_307472,204,2024-12-05,0.506,1.133,0.439
CA_307472,204,2024-12-06,0.578,1.213,0.479
CA_307472,204,2024-12-07,0.62,1.213,0.538
CA_307472,204,2024-12-08,0.657,1.153,0.616
CA_307472,204,2024-12-09,0.65,0.954,0.714
CA_307472,204,2024-12-10,0.716,0.875,0.811
CA_307472,204,2024-12-11,0.725,0.795,0.909
CA_307472,204,2024-12-12,0.88,0.869,1.006
CA_307472,204,2024-12-13,0.907,1.022,0.944
CA_307472,204,2024-12-14,0.862,1.061,0.862
CA_307472,204,2024-12-15,0.824,1.2,0.762
CA_307472,204,2024-12-16,0.895,1.479,0.644
CA_307472,204,2024-12-17,0.721,1.425,0.506
CA_307472,204,2024-12-18,0.689,1.352,0.51
CA_307472,204,2024-12-19,0.799,1.557,0.513
CA_307472,204,2024-12-20,0.785,1.517,0.517
CA_307472,204,2024-12-21,0.634,1.219,0.521
CA_307472,204,2024-12-22,0.637,1.219,0.524
CA_307472,204,2024-12-23,0.642,1.219,0.528
CA_307472,204,2024-12-24,0.514,0.968,0.531
CA_307472,204,2024-12-25,0.433,0.809,0.535
CA_307472,204,2024-12-26,0.457,0.849,0.539
CA_307472,204,2024-12-27,0.481,0.888,0.542
CA_307472,204,2024-12-28,0.46,0.842,0.546
CA_307472,204,2024-12-29,0.455,0.829,0.549
CA_307472,204,2024-12-30,0.462,0.837,0.551
CA_307472,204,2024-12-31,0.489,0.884,0.553
CA_307774,204,2024-01-01,0.406,0.767,0.529
CA_307774,204,2024-01-02,0.367,0.682,0.538
CA_307774,204,2024-01-03,0.606,1.108,0.547
CA_307774,204,2024-01-04,0.852,1.534,0.556
CA_307774,204,2024-01-05,0.577,1.023,0.565
CA_307774,204,2024-01-06,0.586,1.023,0.573
CA_307774,204,2024-01-07,0.596,1.023,0.582
CA_307774,204,2024-01-08,0.554,0.937,0.591
CA_307774,204,2024-01-09,0.665,1.108,0.6
CA_307774,204,2024-01-10,0.83,1.363,0.609
CA_307774,204,2024-01-11,0.737,1.193,0.618
CA_307774,204,2024-01-12,0.57,0.937,0.608
CA_307774,204,2024-01-13,0.459,0.767,0.598
CA_307774,204,2024-01-14,0.702,1.193,0.589
CA_307774,204,2024-01-15,0.444,0.767,0.579
CA_307774,204,2024-01-16,0.436,0.767,0.569
CA_307774,204,2024-01-17,0.62,1.108,0.559
CA_307774,204,2024-01-18,0.562,1.023,0.549
CA_307774,204,2024-01-19,0.69,1.278,0.54
CA_307774,204,2024-01-20,0.677,1.278,0.53
CA_307774,204,2024-01-21,0.576,1.108,0.52
CA_307774,204,2024-01-22,0.522,1.023,0.51
CA_307774,204,2024-01-23,0.64,1.278,0.501
CA_307774,204,2024-01-24,0.335,0.682,0.491
CA_307774,204,2024-01-25,0.574,1.193,0.481
CA_307774,204,2024-01-26,0.522,1.108,0.471
CA_307774,204,2024-01-27,0.511,1.108,0.461
CA_307774,204,2024-01-28,0.621,1.278,0.486
CA_307774,204,2024-01-29,0.695,1.363,0.51
CA_307774,204,2024-01-30,0.865,1.619,0.534
CA_307774,204,2024-01-31,1.428,2.556,0.559
CA_307774,204,2024-02-01,0.737,1.264,0.583
CA_307774,204,2024-02-02,0.823,1.354,0.607
CA_307774,204,2024-02-03,0.741,1.174,0.632
CA_307774,204,2024-02-04,1.303,1.986,0.656
CA_307774,204,2024-02-05,1.167,1.715,0.68
CA_307774,204,2024-02-06,0.827,1.174,0.705
CA_307774,204,2024-02-07,0.856,1.174,0.729
CA_307774,204,2024-02-08,0.68,0.903,0.754
CA_307774,204,2024-02-09,1.053,1.354,0.778
CA_307774,204,2024-02-10,1.014,1.264,0.802
CA_307774,204,2024-02-11,1.194,1.445,0.827
CA_307774,204,2024-02-12,1.383,1.625,0.851
CA_307774,204,2024-02-13,1.107,1.354,0.818
CA_307774,204,2024-02-14,1.204,1.535,0.785
CA_307774,204,2024-02-15,1.085,1.445,0.751
CA_307774,204,2024-02-16,1.037,1.445,0.718
CA_307774,204,2024-02-17,0.928,1.354,0.685
CA_307774,204,2024-02-18,1.354,2.077,0.652
CA_307774,204,2024-02-19,1.229,1.986,0.619
CA_307774,204,2024-02-20,1.163,1.986,0.585
CA_307774,204,2024-02-21,0.994,1.625,0.612
CA_307774,204,2024-02-22,1.21,1.896,0.638
CA_307774,204,2024-02-23,1.14,1.715,0.665
CA_307774,204,2024-02-24,1.123,1.625,0.691
CA_307774,204,2024-02-25,1.36,1.896,0.717
CA_307774,204,2024-02-26,1.41,1.896,0.744
CA_307774,204,2024-02-27,1.599,2.077,0.77
CA_307774,204,2024-02-28,1.798,2.257,0.797
CA_307774,204,2024-02-29,1.721,2.167,0.794
CA_307774,204,2024-03-01,1.326,1.673,0.792
CA_307774,204,2024-03-02,1.028,1.301,0.79
CA_307774,204,2024-03-03,1.392,1.766,0.788
CA_307774,204,2024-03-04,1.315,1.673,0.786
CA_307774,204,2024-03-05,1.53,1.952,0.784
CA_307774,204,2024-03-06,1.525,1.952,0.781
CA_307774,204,2024-03-07,1.811,2.324,0.779
CA_307774,204,2024-03-08,1.95,2.51,0.777
CA_307774,204,2024-03-09,1.945,2.51,0.775
CA_307774,204,2024-03-10,1.868,2.417,0.773
CA_307774,204,2024-03-11,1.934,2.51,0.771
CA_307774,204,2024-03-12,1.5,1.952,0.769
CA_307774,204,2024-03-13,1.923,2.51,0.766
CA_307774,204,2024-03-14,2.415,3.16,0.764
CA_307774,204,2024-03-15,2.338,3.067,0.762
CA_307774,204,2024-03-16,2.543,3.346,0.76
CA_307774,204,2024-03-17,2.536,3.346,0.758
CA_307774,204,2024-03-18,2.529,3.346,0.756
CA_307774,204,2024-03-19,2.591,3.439,0.753
CA_307774,204,2024-03-20,3.003,3.997,0.751
CA_307774,204,2024-03-21,2.507,3.346,0.749
CA_307774,204,2024-03-22,2.43,3.253,0.747
CA_307774,204,2024-03-23,1.592,2.138,0.745
CA_307774,204,2024-03-24,1.876,2.417,0.776
CA_307774,204,2024-03-25,2.402,2.974,0.808
CA_307774,204,2024-03-26,2.808,3.346,0.839
CA_307774,204,2024-03-27,2.427,2.789,0.87
CA_307774,204,2024-03-28,2.179,2.417,0.902
CA_307774,204,2024-03-29,2.168,2.324,0.933
CA_307774,204,2024-03-30,2.331,2.417,0.965
CA_307774,204,2024-03-31,2.685,2.696,0.996
CA_307774,204,2024-04-01,3.605,3.681,0.979
CA_307774,204,2024-04-02,3.543,3.681,0.962
CA_307774,204,2024-04-03,3.749,3.965,0.946
CA_307774,204,2024-04-04,1.666,1.794,0.929
CA_307774,204,2024-04-05,2.239,2.454,0.912
CA_307774,204,2024-04-06,2.789,3.115,0.895
CA_307774,204,2024-04-07,3.234,3.681,0.879
CA_307774,204,2024-04-08,3.254,3.776,0.862
CA_307774,204,2024-04-09,3.354,3.87,0.867
CA_307774,204,2024-04-10,3.702,4.248,0.871
CA_307774,204,2024-04-11,3.722,4.248,0.876
CA_307774,204,2024-04-12,5.157,5.853,0.881
CA_307774,204,2024-04-13,2.091,2.36,0.886
CA_307774,204,2024-04-14,2.102,2.36,0.891
CA_307774,204,2024-04-15,2.537,2.832,0.896
CA_307774,204,2024-04-16,3.655,4.059,0.901
CA_307774,204,2024-04-17,3.866,4.342,0.89
CA_307774,204,2024-04-18,3.572,4.059,0.88
CA_307774,204,2024-04-19,4.352,5.003,0.87
CA_307774,204,2024-04-20,4.625,5.381,0.86
CA_307774,204,2024-04-21,4.249,5.003,0.849
CA_307774,204,2024-04-22,4.435,5.286,0.839
CA_307774,204,2024-04-23,3.755,4.531,0.829
CA_307774,204,2024-04-24,3.322,4.059,0.819
CA_307774,204,2024-04-25,3.739,4.625,0.808
CA_307774,204,2024-04-26,3.013,3.776,0.798
CA_307774,204,2024-04-27,3.123,3.965,0.788
CA_307774,204,2024-04-28,4.183,5.381,0.777
CA_307774,204,2024-04-29,4.273,5.569,0.767
CA_307774,204,2024-04-30,4.144,5.475,0.757
CA_307774,204,2024-05-01,4.206,5.633,0.747
CA_307774,204,2024-05-02,4.285,5.818,0.736
CA_307774,204,2024-05-03,4.062,5.541,0.733
CA_307774,204,2024-05-04,1.887,2.586,0.73
CA_307774,204,2024-05-05,3.019,4.156,0.726
CA_307774,204,2024-05-06,3.272,4.525,0.723
CA_307774,204,2024-05-07,3.788,5.264,0.72
CA_307774,204,2024-05-08,3.837,5.356,0.716
CA_307774,204,2024-05-09,3.951,5.541,0.713
CA_307774,204,2024-05-10,4.391,6.187,0.71
CA_307774,204,2024-05-11,4.277,6.002,0.713
CA_307774,204,2024-05-12,4.757,6.649,0.715
CA_307774,204,2024-05-13,4.777,6.649,0.718
CA_307774,204,2024-05-14,4.596,6.372,0.721
CA_307774,204,2024-05-15,4.949,6.834,0.724
CA_307774,204,2024-05-16,4.902,6.741,0.727
CA_307774,204,2024-05-17,4.584,6.279,0.73
CA_307774,204,2024-05-18,4.467,6.095,0.733
CA_307774,204,2024-05-19,4.067,5.633,0.722
CA_307774,204,2024-05-20,4.333,6.095,0.711
CA_307774,204,2024-05-21,4.331,6.187,0.7
CA_307774,204,2024-05-22,4.327,6.279,0.689
CA_307774,204,2024-05-23,4.07,6.002,0.678
CA_307774,204,2024-05-24,3.881,5.818,0.667
CA_307774,204,2024-05-25,3.635,5.541,0.656
CA_307774,204,2024-05-26,3.574,5.541,0.645
CA_307774,204,2024-05-27,3.726,5.818,0.64
CA_307774,204,2024-05-28,4.109,6.464,0.636
CA_307774,204,2024-05-29,4.312,6.834,0.631
CA_307774,204,2024-05-30,4.222,6.741,0.626
CA_307774,204,2024-05-31,4.133,6.649,0.622
CA_307774,204,2024-06-01,4.257,6.901,0.617
CA_307774,204,2024-06-02,4.051,6.617,0.612
CA_307774,204,2024-06-03,3.905,6.428,0.608
CA_307774,204,2024-06-04,3.989,6.617,0.603
CA_307774,204,2024-06-05,4.128,6.901,0.598
CA_307774,204,2024-06-06,4.152,6.995,0.593
CA_307774,204,2024-06-07,4.063,6.901,0.589
CA_307774,204,2024-06-08,3.7,6.334,0.584
CA_307774,204,2024-06-09,3.725,6.428,0.579
CA_307774,204,2024-06-10,3.694,6.428,0.575
CA_307774,204,2024-06-11,3.896,7.019,0.555
CA_307774,204,2024-06-12,3.902,7.014,0.556
CA_307774,204,2024-06-13,3.912,7.014,0.558
CA_307774,204,2024-06-14,3.935,7.014,0.561
CA_307774,204,2024-06-15,3.796,6.73,0.564
CA_307774,204,2024-06-16,3.787,6.674,0.568
CA_307774,204,2024-06-17,3.865,6.768,0.571
CA_307774,204,2024-06-18,3.935,6.844,0.575
CA_307774,204,2024-06-19,4.041,6.976,0.579
CA_307774,204,2024-06-20,4.379,7.506,0.583
CA_307774,204,2024-06-21,4.649,7.903,0.588
CA_307774,204,2024-06-22,4.653,7.846,0.593
CA_307774,204,2024-06-23,4.599,7.695,0.598
CA_307774,204,2024-06-24,4.58,7.6,0.603
CA_307774,204,2024-06-25,4.564,7.506,0.608
CA_307774,204,2024-06-26,4.434,7.222,0.614
CA_307774,204,2024-06-27,4.571,7.374,0.619
CA_307774,204,2024-06-28,4.684,7.487,0.626
CA_307774,204,2024-06-29,4.818,7.624,0.632
CA_307774,204,2024-06-30,4.848,7.589,0.639
CA_307774,204,2024-07-01,4.873,7.553,0.645
CA_307774,204,2024-07-02,4.853,7.443,0.652
CA_307774,204,2024-07-03,4.762,7.234,0.659
CA_307774,204,2024-07-04,4.893,7.369,0.664
CA_307774,204,2024-07-05,5.063,7.58,0.668
CA_307774,204,2024-07-06,5.44,8.117,0.67
CA_307774,204,2024-07-07,5.703,8.501,0.671
CA_307774,204,2024-07-08,5.994,8.942,0.67
CA_307774,204,2024-07-09,5.694,8.501,0.67
CA_307774,204,2024-07-10,5.406,8.078,0.669
CA_307774,204,2024-07-11,5.003,7.484,0.668
CA_307774,204,2024-07-12,4.83,7.176,0.672
CA_307774,204,2024-07-13,4.836,7.08,0.681
CA_307774,204,2024-07-14,5.134,7.368,0.695
CA_307774,204,2024-07-15,5.471,7.656,0.713
CA_307774,204,2024-07-16,5.703,7.752,0.736
CA_307774,204,2024-07-17,5.728,7.56,0.759
CA_307774,204,2024-07-18,5.863,7.503,0.782
CA_307774,204,2024-07-19,5.862,7.292,0.805
CA_307774,204,2024-07-20,5.809,7.1,0.818
CA_307774,204,2024-07-21,5.895,7.176,0.822
CA_307774,204,2024-07-22,6.177,7.599,0.815
CA_307774,204,2024-07-23,6.209,7.81,0.799
CA_307774,204,2024-07-24,6.268,8.136,0.773
CA_307774,204,2024-07-25,6.284,8.424,0.747
CA_307774,204,2024-07-26,6.122,8.481,0.72
CA_307774,204,2024-07-27,5.74,8.251,0.694
CA_307774,204,2024-07-28,5.36,7.963,0.671
CA_307774,204,2024-07-29,4.985,7.618,0.652
CA_307774,204,2024-07-30,4.747,7.443,0.637
CA_307774,204,2024-07-31,4.672,7.476,0.625
CA_307774,204,2024-08-01,4.605,7.473,0.617
CA_307774,204,2024-08-02,4.754,7.828,0.608
CA_307774,204,2024-08-03,4.798,7.999,0.6
CA_307774,204,2024-08-04,4.778,8.074,0.592
CA_307774,204,2024-08-05,4.619,7.868,0.587
CA_307774,204,2024-08-06,4.465,7.625,0.586
CA_307774,204,2024-08-07,4.138,7.046,0.588
CA_307774,204,2024-08-08,4.126,6.952,0.594
CA_307774,204,2024-08-09,4.004,6.634,0.604
CA_307774,204,2024-08-10,3.943,6.429,0.614
CA_307774,204,2024-08-11,3.958,6.354,0.623
CA_307774,204,2024-08-12,3.993,6.317,0.633
CA_307774,204,2024-08-13,3.921,6.111,0.642
CA_307774,204,2024-08-14,3.936,6.055,0.65
CA_307774,204,2024-08-15,4.132,6.28,0.657
CA_307774,204,2024-08-16,4.389,6.597,0.664
CA_307774,204,2024-08-17,4.503,6.709,0.671
CA_307774,204,2024-08-18,4.552,6.728,0.677
CA_307774,204,2024-08-19,4.564,6.691,0.683
CA_307774,204,2024-08-20,4.359,6.336,0.689
CA_307774,204,2024-08-21,4.034,5.831,0.692
CA_307774,204,2024-08-22,3.818,5.513,0.692
CA_307774,204,2024-08-23,3.637,5.27,0.69
CA_307774,204,2024-08-24,3.566,5.214,0.684
CA_307774,204,2024-08-25,3.482,5.158,0.675
CA_307774,204,2024-08-26,3.363,5.046,0.666
CA_307774,204,2024-08-27,3.308,5.027,0.658
CA_307774,204,2024-08-28,3.266,5.027,0.649
CA_307774,204,2024-08-29,3.259,5.102,0.64
CA_307774,204,2024-08-30,3.322,5.291,0.629
CA_307774,204,2024-08-31,3.407,5.517,0.619
CA_307774,204,2024-09-01,3.451,5.688,0.607
CA_307774,204,2024-09-02,3.459,5.804,0.595
CA_307774,204,2024-09-03,3.398,5.824,0.583
CA_307774,204,2024-09-04,3.375,5.916,0.571
CA_307774,204,2024-09-05,3.374,6.045,0.559
CA_307774,204,2024-09-06,3.361,6.1,0.551
CA_307774,204,2024-09-07,3.383,6.174,0.548
CA_307774,204,2024-09-08,3.369,6.137,0.549
CA_307774,204,2024-09-09,3.414,6.155,0.555
CA_307774,204,2024-09-10,3.434,6.082,0.564
CA_307774,204,2024-09-11,3.262,5.695,0.574
CA_307774,204,2024-09-12,3.018,5.197,0.584
CA_307774,204,2024-09-13,2.906,4.921,0.593
CA_307774,204,2024-09-14,2.641,4.404,0.601
CA_307774,204,2024-09-15,2.417,3.98,0.607
CA_307774,204,2024-09-16,2.513,4.109,0.611
CA_307774,204,2024-09-17,2.758,4.496,0.613
CA_307774,204,2024-09-18,2.725,4.441,0.614
CA_307774,204,2024-09-19,2.749,4.478,0.614
CA_307774,204,2024-09-20,2.739,4.46,0.614
CA_307774,204,2024-09-21,2.729,4.441,0.614
CA_307774,204,2024-09-22,2.625,4.276,0.614
CA_307774,204,2024-09-23,2.675,4.368,0.613
CA_307774,204,2024-09-24,2.767,4.533,0.611
CA_307774,204,2024-09-25,2.855,4.699,0.608
CA_307774,204,2024-09-26,2.839,4.699,0.604
CA_307774,204,2024-09-27,2.768,4.607,0.601
CA_307774,204,2024-09-28,2.643,4.423,0.597
CA_307774,204,2024-09-29,2.493,4.199,0.593
CA_307774,204,2024-09-30,2.398,4.05,0.592
CA_307774,204,2024-10-01,2.143,3.62,0.592
CA_307774,204,2024-10-02,1.971,3.32,0.595
CA_307774,204,2024-10-03,1.936,3.231,0.6
CA_307774,204,2024-10-04,1.996,3.284,0.607
CA_307774,204,2024-10-05,2.013,3.267,0.614
CA_307774,204,2024-10-06,2.063,3.319,0.621
CA_307774,204,2024-10-07,2.216,3.53,0.628
CA_307774,204,2024-10-08,2.182,3.442,0.635
CA_307774,204,2024-10-09,1.993,3.108,0.642
CA_307774,204,2024-10-10,1.95,3.003,0.649
CA_307774,204,2024-10-11,2.087,3.179,0.656
CA_307774,204,2024-10-12,2.052,3.091,0.663
CA_307774,204,2024-10-13,2.036,3.038,0.67
CA_307774,204,2024-10-14,2.09,3.091,0.677
CA_307774,204,2024-10-15,2.028,2.968,0.684
CA_307774,204,2024-10-16,1.93,2.81,0.687
CA_307774,204,2024-10-17,1.903,2.775,0.686
CA_307774,204,2024-10-18,1.925,2.828,0.681
CA_307774,204,2024-10-19,2.024,3.021,0.672
CA_307774,204,2024-10-20,2.088,3.179,0.659
CA_307774,204,2024-10-21,2.095,3.249,0.646
CA_307774,204,2024-10-22,2.014,3.179,0.633
CA_307774,204,2024-10-23,1.987,3.196,0.62
CA_307774,204,2024-10-24,1.743,2.862,0.606
CA_307774,204,2024-10-25,1.528,2.564,0.593
CA_307774,204,2024-10-26,1.428,2.458,0.58
CA_307774,204,2024-10-27,1.394,2.458,0.567
CA_307774,204,2024-10-28,1.345,2.441,0.553
CA_307774,204,2024-10-29,1.308,2.424,0.54
CA_307774,204,2024-10-30,1.274,2.41,0.527
CA_307774,204,2024-10-31,1.23,2.391,0.514
CA_307774,204,2024-11-01,1.219,2.408,0.506
CA_307774,204,2024-11-02,1.185,2.354,0.504
CA_307774,204,2024-11-03,1.302,2.56,0.507
CA_307774,204,2024-11-04,1.403,2.713,0.516
CA_307774,204,2024-11-05,1.469,2.764,0.531
CA_307774,204,2024-11-06,1.44,2.645,0.546
CA_307774,204,2024-11-07,1.358,2.441,0.561
CA_307774,204,2024-11-08,1.249,2.187,0.575
CA_307774,204,2024-11-09,1.153,1.983,0.584
CA_307774,204,2024-11-10,1.015,1.729,0.587
CA_307774,204,2024-11-11,0.961,1.645,0.584
CA_307774,204,2024-11-12,0.91,1.577,0.575
CA_307774,204,2024-11-13,0.847,1.509,0.56
CA_307774,204,2024-11-14,0.779,1.424,0.545
CA_307774,204,2024-11-15,0.713,1.339,0.53
CA_307774,204,2024-11-16,0.657,1.271,0.516
CA_307774,204,2024-11-17,0.681,1.322,0.513
CA_307774,204,2024-11-18,0.716,1.356,0.524
CA_307774,204,2024-11-19,0.799,1.441,0.547
CA_307774,204,2024-11-20,0.838,1.441,0.583
CA_307774,204,2024-11-21,0.825,1.339,0.631
CA_307774,204,2024-11-22,0.781,1.187,0.68
CA_307774,204,2024-11-23,0.747,1.051,0.728
CA_307774,204,2024-11-24,0.696,0.898,0.776
CA_307774,204,2024-11-25,0.765,0.932,0.813
CA_307774,204,2024-11-26,0.726,0.864,0.837
CA_307774,204,2024-11-27,0.793,0.932,0.85
CA_307774,204,2024-11-28,0.779,0.915,0.851
CA_307774,204,2024-11-29,0.729,0.867,0.839
CA_307774,204,2024-11-30,0.662,0.802,0.828
CA_307774,204,2024-12-01,0.768,0.941,0.817
CA_307774,204,2024-12-02,0.785,0.979,0.805
CA_307774,204,2024-12-03,0.778,0.981,0.794
CA_307774,204,2024-12-04,0.744,0.947,0.783
CA_307774,204,2024-12-05,0.707,0.913,0.771
CA_307774,204,2024-12-06,0.669,0.878,0.76
CA_307774,204,2024-12-07,0.604,0.809,0.749
CA_307774,204,2024-12-08,0.594,0.809,0.737
CA_307774,204,2024-12-09,0.661,0.913,0.726
CA_307774,204,2024-12-10,0.664,0.93,0.715
CA_307774,204,2024-12-11,0.713,1.016,0.704
CA_307774,204,2024-12-12,0.738,1.067,0.693
CA_307774,204,2024-12-13,0.799,1.171,0.684
CA_307774,204,2024-12-14,0.88,1.308,0.674
CA_307774,204,2024-12-15,0.85,1.274,0.666
CA_307774,204,2024-12-16,0.783,1.188,0.657
CA_307774,204,2024-12-17,0.74,1.136,0.648
CA_307774,204,2024-12-18,0.674,1.05,0.64
CA_307774,204,2024-12-19,0.543,0.861,0.631
CA_307774,204,2024-12-20,0.568,0.913,0.622
CA_307774,204,2024-12-21,0.57,0.93,0.614
CA_307774,204,2024-12-22,0.562,0.93,0.605
CA_307774,204,2024-12-23,0.534,0.895,0.596
CA_307774,204,2024-12-24,0.557,0.947,0.588
CA_307774,204,2024-12-25,0.568,0.981,0.579
CA_307774,204,2024-12-26,0.568,0.999,0.57
CA_307774,204,2024-12-27,0.554,0.981,0.566
CA_307774,204,2024-12-28,0.574,1.016,0.566
CA_307774,204,2024-12-29,0.558,0.981,0.57
CA_307774,204,2024-12-30,0.541,0.947,0.572
CA_307774,204,2024-12-31,0.515,0.89,0.578
CA_32080,75,2024-01-01,0.469,0.964,0.487
CA_32080,75,2024-01-02,0.235,0.482,0.488
CA_32080,75,2024-01-03,0.518,1.061,0.488
CA_32080,75,2024-01-04,1.038,2.121,0.489
CA_32080,75,2024-01-05,0.709,1.446,0.49
CA_32080,75,2024-01-06,0.615,1.253,0.491
CA_32080,75,2024-01-07,0.806,1.639,0.491
CA_32080,75,2024-01-08,0.712,1.446,0.492
CA_32080,75,2024-01-09,0.665,1.35,0.493
CA_32080,75,2024-01-10,0.571,1.157,0.494
CA_32080,75,2024-01-11,0.763,1.543,0.494
CA_32080,75,2024-01-12,0.382,0.771,0.495
CA_32080,75,2024-01-13,0.478,0.964,0.496
CA_32080,75,2024-01-14,0.718,1.446,0.497
CA_32080,75,2024-01-15,0.432,0.868,0.497
CA_32080,75,2024-01-16,0.576,1.157,0.498
CA_32080,75,2024-01-17,0.577,1.157,0.499
CA_32080,75,2024-01-18,0.482,0.964,0.5
CA_32080,75,2024-01-19,0.676,1.35,0.5
CA_32080,75,2024-01-20,0.725,1.446,0.501
CA_32080,75,2024-01-21,0.678,1.35,0.502
CA_32080,75,2024-01-22,0.485,0.964,0.503
CA_32080,75,2024-01-23,0.68,1.35,0.503
CA_32080,75,2024-01-24,0.486,0.964,0.504
CA_32080,75,2024-01-25,0.73,1.446,0.505
CA_32080,75,2024-01-26,0.585,1.157,0.506
CA_32080,75,2024-01-27,0.586,1.157,0.506
CA_32080,75,2024-01-28,0.685,1.35,0.507
CA_32080,75,2024-01-29,0.98,1.928,0.508
CA_32080,75,2024-01-30,0.932,1.832,0.509
CA_32080,75,2024-01-31,1.179,2.314,0.51
CA_32080,75,2024-02-01,0.658,1.289,0.51
CA_32080,75,2024-02-02,0.659,1.289,0.511
CA_32080,75,2024-02-03,0.66,1.289,0.512
CA_32080,75,2024-02-04,0.897,1.749,0.513
CA_32080,75,2024-02-05,0.709,1.381,0.513
CA_32080,75,2024-02-06,0.521,1.013,0.514
CA_32080,75,2024-02-07,0.569,1.105,0.515
CA_32080,75,2024-02-08,0.522,1.013,0.516
CA_32080,75,2024-02-09,0.761,1.473,0.516
CA_32080,75,2024-02-10,0.857,1.657,0.517
CA_32080,75,2024-02-11,0.906,1.749,0.518
CA_32080,75,2024-02-12,0.863,1.657,0.521
CA_32080,75,2024-02-13,0.675,1.289,0.524
CA_32080,75,2024-02-14,0.776,1.473,0.527
CA_32080,75,2024-02-15,0.83,1.565,0.53
CA_32080,75,2024-02-16,0.785,1.473,0.533
CA_32080,75,2024-02-17,0.741,1.381,0.536
CA_32080,75,2024-02-18,1.192,2.21,0.539
CA_32080,75,2024-02-19,1.498,2.762,0.542
CA_32080,75,2024-02-20,0.968,1.841,0.526
CA_32080,75,2024-02-21,0.843,1.657,0.509
CA_32080,75,2024-02-22,1.042,2.118,0.492
CA_32080,75,2024-02-23,0.919,1.934,0.476
CA_32080,75,2024-02-24,0.718,1.565,0.459
CA_32080,75,2024-02-25,0.855,1.934,0.442
CA_32080,75,2024-02-26,0.823,1.934,0.425
CA_32080,75,2024-02-27,0.903,2.21,0.409
CA_32080,75,2024-02-28,0.94,2.302,0.408
CA_32080,75,2024-02-29,0.864,2.118,0.408
CA_32080,75,2024-03-01,0.705,1.728,0.408
CA_32080,75,2024-03-02,0.778,1.91,0.407
CA_32080,75,2024-03-03,0.667,1.637,0.407
CA_32080,75,2024-03-04,0.592,1.455,0.407
CA_32080,75,2024-03-05,0.887,2.183,0.406
CA_32080,75,2024-03-06,0.85,2.092,0.406
CA_32080,75,2024-03-07,0.96,2.365,0.406
CA_32080,75,2024-03-08,0.996,2.456,0.405
CA_32080,75,2024-03-09,0.958,2.365,0.405
CA_32080,75,2024-03-10,0.994,2.456,0.405
CA_32080,75,2024-03-11,0.92,2.274,0.404
CA_32080,75,2024-03-12,0.551,1.364,0.404
CA_32080,75,2024-03-13,1.322,3.275,0.404
CA_32080,75,2024-03-14,1.835,4.548,0.403
CA_32080,75,2024-03-15,1.519,3.911,0.388
CA_32080,75,2024-03-16,1.358,3.638,0.373
CA_32080,75,2024-03-17,1.336,3.729,0.358
CA_32080,75,2024-03-18,1.093,3.184,0.343
CA_32080,75,2024-03-19,1.104,3.366,0.328
CA_32080,75,2024-03-20,1.281,4.093,0.313
CA_32080,75,2024-03-21,1.111,3.729,0.298
CA_32080,75,2024-03-22,0.875,3.093,0.283
CA_32080,75,2024-03-23,0.695,2.092,0.332
CA_32080,75,2024-03-24,1.075,2.82,0.381
CA_32080,75,2024-03-25,1.214,2.82,0.431
CA_32080,75,2024-03-26,1.571,3.275,0.48
CA_32080,75,2024-03-27,1.299,2.456,0.529
CA_32080,75,2024-03-28,1.472,2.547,0.578
CA_32080,75,2024-03-29,1.426,2.274,0.627
CA_32080,75,2024-03-30,1.907,2.82,0.676
CA_32080,75,2024-03-31,1.862,2.82,0.66
CA_32080,75,2024-04-01,2.564,3.98,0.644
CA_32080,75,2024-04-02,2.389,3.803,0.628
CA_32080,75,2024-04-03,2.382,3.892,0.612
CA_32080,75,2024-04-04,0.791,1.327,0.596
CA_32080,75,2024-04-05,1.18,2.034,0.58
CA_32080,75,2024-04-06,1.645,2.919,0.564
CA_32080,75,2024-04-07,2.034,3.715,0.548
CA_32080,75,2024-04-08,2.438,4.511,0.54
CA_32080,75,2024-04-09,2.076,3.892,0.533
CA_32080,75,2024-04-10,2.234,4.245,0.526
CA_32080,75,2024-04-11,2.25,4.334,0.519
CA_32080,75,2024-04-12,2.219,4.334,0.512
CA_32080,75,2024-04-13,0.58,1.15,0.505
CA_32080,75,2024-04-14,1.056,2.123,0.498
CA_32080,75,2024-04-15,1.345,2.742,0.491
CA_32080,75,2024-04-16,1.667,3.449,0.483
CA_32080,75,2024-04-17,1.938,4.069,0.476
CA_32080,75,2024-04-18,1.909,4.069,0.469
CA_32080,75,2024-04-19,2.207,4.776,0.462
CA_32080,75,2024-04-20,2.293,5.041,0.455
CA_32080,75,2024-04-21,2.218,4.953,0.448
CA_32080,75,2024-04-22,2.143,4.865,0.441
CA_32080,75,2024-04-23,1.725,3.98,0.433
CA_32080,75,2024-04-24,1.53,3.715,0.412
CA_32080,75,2024-04-25,1.692,4.334,0.39
CA_32080,75,2024-04-26,1.403,3.803,0.369
CA_32080,75,2024-04-27,1.598,4.599,0.347
CA_32080,75,2024-04-28,1.758,5.395,0.326
CA_32080,75,2024-04-29,1.804,5.926,0.304
CA_32080,75,2024-04-30,1.676,5.926,0.283
CA_32080,75,2024-05-01,1.722,6.589,0.261
CA_32080,75,2024-05-02,1.633,6.155,0.265
CA_32080,75,2024-05-03,1.541,5.722,0.269
CA_32080,75,2024-05-04,0.332,1.214,0.273
CA_32080,75,2024-05-05,1.13,4.075,0.277
CA_32080,75,2024-05-06,1.268,4.508,0.281
CA_32080,75,2024-05-07,1.409,4.941,0.285
CA_32080,75,2024-05-08,1.805,6.242,0.289
CA_32080,75,2024-05-09,1.601,5.462,0.293
CA_32080,75,2024-05-10,1.87,6.242,0.3
CA_32080,75,2024-05-11,1.991,6.502,0.306
CA_32080,75,2024-05-12,2.033,6.502,0.313
CA_32080,75,2024-05-13,1.992,6.242,0.319
CA_32080,75,2024-05-14,2.089,6.415,0.326
CA_32080,75,2024-05-15,2.188,6.589,0.332
CA_32080,75,2024-05-16,2.025,5.982,0.338
CA_32080,75,2024-05-17,1.824,5.288,0.345
CA_32080,75,2024-05-18,1.767,5.375,0.329
CA_32080,75,2024-05-19,1.598,5.115,0.312
CA_32080,75,2024-05-20,1.874,6.329,0.296
CA_32080,75,2024-05-21,1.989,7.109,0.28
CA_32080,75,2024-05-22,1.713,6.502,0.263
CA_32080,75,2024-05-23,1.564,6.329,0.247
CA_32080,75,2024-05-24,1.241,5.375,0.231
CA_32080,75,2024-05-25,1.079,5.028,0.215
CA_32080,75,2024-05-26,1.254,5.635,0.222
CA_32080,75,2024-05-27,1.418,6.155,0.23
CA_32080,75,2024-05-28,1.508,6.329,0.238
CA_32080,75,2024-05-29,1.75,7.109,0.246
CA_32080,75,2024-05-30,1.916,7.542,0.254
CA_32080,75,2024-05-31,1.975,7.542,0.262
CA_32080,75,2024-06-01,1.755,6.507,0.27
CA_32080,75,2024-06-02,1.735,6.25,0.278
CA_32080,75,2024-06-03,1.571,5.736,0.274
CA_32080,75,2024-06-04,2.219,8.219,0.27
CA_32080,75,2024-06-05,2.05,7.705,0.266
CA_32080,75,2024-06-06,2.111,8.048,0.262
CA_32080,75,2024-06-07,1.77,6.849,0.258
CA_32080,75,2024-06-08,1.482,5.822,0.255
CA_32080,75,2024-06-09,1.545,6.164,0.251
CA_32080,75,2024-06-10,1.712,6.935,0.247
CA_32080,75,2024-06-11,5.776,8.09,0.714
CA_32080,75,2024-06-12,5.652,7.859,0.72
CA_32080,75,2024-06-13,5.438,7.448,0.732
CA_32080,75,2024-06-14,5.166,6.969,0.743
CA_32080,75,2024-06-15,4.781,6.353,0.755
CA_32080,75,2024-06-16,4.819,6.284,0.767
CA_32080,75,2024-06-17,4.955,6.387,0.775
CA_32080,75,2024-06-18,5.194,6.661,0.779
CA_32080,75,2024-06-19,5.539,7.106,0.779
CA_32080,75,2024-06-20,6.135,7.911,0.776
CA_32080,75,2024-06-21,6.406,8.339,0.769
CA_32080,75,2024-06-22,6.443,8.459,0.762
CA_32080,75,2024-06-23,6.25,8.27,0.755
CA_32080,75,2024-06-24,6.207,8.288,0.748
CA_32080,75,2024-06-25,5.958,7.979,0.746
CA_32080,75,2024-06-26,5.582,7.448,0.75
CA_32080,75,2024-06-27,5.707,7.517,0.759
CA_32080,75,2024-06-28,6.021,7.791,0.773
CA_32080,75,2024-06-29,6.305,7.946,0.792
CA_32080,75,2024-06-30,6.424,7.915,0.811
CA_32080,75,2024-07-01,6.371,7.698,0.83
CA_32080,75,2024-07-02,6.097,7.208,0.85
CA_32080,75,2024-07-03,5.962,6.905,0.867
CA_32080,75,2024-07-04,6.11,6.922,0.882
CA_32080,75,2024-07-05,6.671,7.431,0.895
CA_32080,75,2024-07-06,7.502,8.262,0.905
CA_32080,75,2024-07-07,8.264,9.026,0.914
CA_32080,75,2024-07-08,8.815,9.552,0.923
CA_32080,75,2024-07-09,8.554,9.196,0.931
CA_32080,75,2024-07-10,7.958,8.483,0.94
CA_32080,75,2024-07-11,7.491,7.974,0.94
CA_32080,75,2024-07-12,7.14,7.669,0.932
CA_32080,75,2024-07-13,6.919,7.584,0.916
CA_32080,75,2024-07-14,7.051,7.957,0.891
CA_32080,75,2024-07-15,7.298,8.534,0.858
CA_32080,75,2024-07-16,7.204,8.738,0.825
CA_32080,75,2024-07-17,6.833,8.602,0.792
CA_32080,75,2024-07-18,6.359,8.33,0.759
CA_32080,75,2024-07-19,5.843,7.923,0.733
CA_32080,75,2024-07-20,5.455,7.618,0.714
CA_32080,75,2024-07-21,5.341,7.601,0.703
CA_32080,75,2024-07-22,5.555,7.957,0.698
CA_32080,75,2024-07-23,6.05,8.636,0.7
CA_32080,75,2024-07-24,6.533,9.298,0.702
CA_32080,75,2024-07-25,6.755,9.586,0.705
CA_32080,75,2024-07-26,6.775,9.586,0.707
CA_32080,75,2024-07-27,6.707,9.45,0.71
CA_32080,75,2024-07-28,6.432,9.009,0.714
CA_32080,75,2024-07-29,6.125,8.517,0.72
CA_32080,75,2024-07-30,6.042,8.328,0.726
CA_32080,75,2024-07-31,6.138,8.376,0.733
CA_32080,75,2024-08-01,6.083,8.221,0.74
CA_32080,75,2024-08-02,6.333,8.47,0.747
CA_32080,75,2024-08-03,6.414,8.503,0.754
CA_32080,75,2024-08-04,6.533,8.62,0.758
CA_32080,75,2024-08-05,6.359,8.385,0.758
CA_32080,75,2024-08-06,6.271,8.301,0.755
CA_32080,75,2024-08-07,5.79,7.731,0.748
CA_32080,75,2024-08-08,5.828,7.899,0.738
CA_32080,75,2024-08-09,5.595,7.698,0.727
CA_32080,75,2024-08-10,5.494,7.664,0.717
CA_32080,75,2024-08-11,5.325,7.53,0.707
CA_32080,75,2024-08-12,5.273,7.513,0.701
CA_32080,75,2024-08-13,4.891,6.993,0.699
CA_32080,75,2024-08-14,4.709,6.708,0.702
CA_32080,75,2024-08-15,4.837,6.809,0.71
CA_32080,75,2024-08-16,5.129,7.094,0.722
CA_32080,75,2024-08-17,5.361,7.295,0.733
CA_32080,75,2024-08-18,5.473,7.345,0.745
CA_32080,75,2024-08-19,5.352,7.094,0.757
CA_32080,75,2024-08-20,4.988,6.54,0.765
CA_32080,75,2024-08-21,4.562,5.937,0.77
CA_32080,75,2024-08-22,4.16,5.4,0.771
CA_32080,75,2024-08-23,3.953,5.149,0.768
CA_32080,75,2024-08-24,4.034,5.3,0.762
CA_32080,75,2024-08-25,3.977,5.266,0.755
CA_32080,75,2024-08-26,3.845,5.132,0.749
CA_32080,75,2024-08-27,3.752,5.048,0.743
CA_32080,75,2024-08-28,3.653,4.981,0.733
CA_32080,75,2024-08-29,3.607,5.031,0.719
CA_32080,75,2024-08-30,3.645,5.219,0.702
CA_32080,75,2024-08-31,3.742,5.523,0.681
CA_32080,75,2024-09-01,3.811,5.827,0.656
CA_32080,75,2024-09-02,3.839,6.082,0.632
CA_32080,75,2024-09-03,3.699,6.101,0.607
CA_32080,75,2024-09-04,3.58,6.151,0.582
CA_32080,75,2024-09-05,3.557,6.283,0.566
CA_32080,75,2024-09-06,3.551,6.349,0.559
CA_32080,75,2024-09-07,3.592,6.399,0.561
CA_32080,75,2024-09-08,3.658,6.399,0.572
CA_32080,75,2024-09-09,3.84,6.499,0.591
CA_32080,75,2024-09-10,3.787,6.217,0.611
CA_32080,75,2024-09-11,3.615,5.769,0.63
CA_32080,75,2024-09-12,3.488,5.404,0.649
CA_32080,75,2024-09-13,3.467,5.255,0.662
CA_32080,75,2024-09-14,3.299,4.94,0.668
CA_32080,75,2024-09-15,3.232,4.841,0.668
CA_32080,75,2024-09-16,3.285,4.973,0.661
CA_32080,75,2024-09-17,3.345,5.172,0.647
CA_32080,75,2024-09-18,3.229,5.106,0.633
CA_32080,75,2024-09-19,3.14,5.073,0.619
CA_32080,75,2024-09-20,3.131,5.172,0.605
CA_32080,75,2024-09-21,3.157,5.289,0.597
CA_32080,75,2024-09-22,3.101,5.222,0.594
CA_32080,75,2024-09-23,3.175,5.322,0.596
CA_32080,75,2024-09-24,3.308,5.471,0.604
CA_32080,75,2024-09-25,3.346,5.421,0.618
CA_32080,75,2024-09-26,3.235,5.139,0.631
CA_32080,75,2024-09-27,3.071,4.791,0.644
CA_32080,75,2024-09-28,2.829,4.327,0.658
CA_32080,75,2024-09-29,2.658,3.996,0.667
CA_32080,75,2024-09-30,2.532,3.764,0.673
CA_32080,75,2024-10-01,2.264,3.351,0.675
CA_32080,75,2024-10-02,2.118,3.14,0.673
CA_32080,75,2024-10-03,2.143,3.204,0.668
CA_32080,75,2024-10-04,2.212,3.343,0.663
CA_32080,75,2024-10-05,2.471,3.776,0.657
CA_32080,75,2024-10-06,2.748,4.226,0.652
CA_32080,75,2024-10-07,2.939,4.555,0.645
CA_32080,75,2024-10-08,2.792,4.365,0.637
CA_32080,75,2024-10-09,2.528,4.001,0.628
CA_32080,75,2024-10-10,2.31,3.741,0.617
CA_32080,75,2024-10-11,2.298,3.81,0.605
CA_32080,75,2024-10-12,2.298,3.897,0.593
CA_32080,75,2024-10-13,2.363,4.07,0.581
CA_32080,75,2024-10-14,2.451,4.295,0.569
CA_32080,75,2024-10-15,2.23,3.966,0.561
CA_32080,75,2024-10-16,2.054,3.689,0.556
CA_32080,75,2024-10-17,1.864,3.36,0.555
CA_32080,75,2024-10-18,1.814,3.256,0.558
CA_32080,75,2024-10-19,1.9,3.36,0.565
CA_32080,75,2024-10-20,1.991,3.481,0.571
CA_32080,75,2024-10-21,1.991,3.447,0.577
CA_32080,75,2024-10-22,2.041,3.499,0.584
CA_32080,75,2024-10-23,2.145,3.655,0.588
CA_32080,75,2024-10-24,1.99,3.378,0.589
CA_32080,75,2024-10-25,1.906,3.239,0.588
CA_32080,75,2024-10-26,1.965,3.36,0.585
CA_32080,75,2024-10-27,1.977,3.412,0.579
CA_32080,75,2024-10-28,2.014,3.516,0.574
CA_32080,75,2024-10-29,1.948,3.429,0.568
CA_32080,75,2024-10-30,1.937,3.441,0.562
CA_32080,75,2024-10-31,1.91,3.401,0.561
CA_32080,75,2024-11-01,1.991,3.52,0.564
CA_32080,75,2024-11-02,1.981,3.448,0.572
CA_32080,75,2024-11-03,2.194,3.74,0.584
CA_32080,75,2024-11-04,2.291,3.811,0.601
CA_32080,75,2024-11-05,2.361,3.829,0.618
CA_32080,75,2024-11-06,2.357,3.723,0.635
CA_32080,75,2024-11-07,2.097,3.246,0.651
CA_32080,75,2024-11-08,1.845,2.805,0.662
CA_32080,75,2024-11-09,1.674,2.523,0.666
CA_32080,75,2024-11-10,1.429,2.152,0.664
CA_32080,75,2024-11-11,1.279,1.958,0.655
CA_32080,75,2024-11-12,1.32,2.064,0.641
CA_32080,75,2024-11-13,1.228,1.958,0.626
CA_32080,75,2024-11-14,1.116,1.817,0.611
CA_32080,75,2024-11-15,1.06,1.764,0.596
CA_32080,75,2024-11-16,0.921,1.57,0.585
CA_32080,75,2024-11-17,0.793,1.376,0.576
CA_32080,75,2024-11-18,0.815,1.429,0.571
CA_32080,75,2024-11-19,0.922,1.623,0.568
CA_32080,75,2024-11-20,0.953,1.676,0.568
CA_32080,75,2024-11-21,0.903,1.588,0.569
CA_32080,75,2024-11-22,0.884,1.553,0.569
CA_32080,75,2024-11-23,0.814,1.429,0.57
CA_32080,75,2024-11-24,0.674,1.182,0.57
CA_32080,75,2024-11-25,0.594,1.041,0.571
CA_32080,75,2024-11-26,0.554,0.971,0.571
CA_32080,75,2024-11-27,0.585,1.024,0.572
CA_32080,75,2024-11-28,0.575,1.006,0.572
CA_32080,75,2024-11-29,0.533,0.931,0.573
CA_32080,75,2024-11-30,0.525,0.915,0.573
CA_32080,75,2024-12-01,0.602,1.049,0.574
CA_32080,75,2024-12-02,0.647,1.135,0.571
CA_32080,75,2024-12-03,0.62,1.098,0.565
CA_32080,75,2024-12-04,0.624,1.118,0.555
CA_32080,75,2024-12-05,0.621,1.137,0.542
CA_32080,75,2024-12-06,0.541,1.02,0.526
CA_32080,75,2024-12-07,0.457,0.902,0.509
CA_32080,75,2024-12-08,0.472,0.961,0.493
CA_32080,75,2024-12-09,0.502,1.059,0.477
CA_32080,75,2024-12-10,0.524,1.138,0.464
CA_32080,75,2024-12-11,0.56,1.236,0.455
CA_32080,75,2024-12-12,0.624,1.393,0.449
CA_32080,75,2024-12-13,0.649,1.451,0.447
CA_32080,75,2024-12-14,0.695,1.549,0.448
CA_32080,75,2024-12-15,0.652,1.451,0.45
CA_32080,75,2024-12-16,0.645,1.432,0.451
CA_32080,75,2024-12-17,0.559,1.235,0.453
CA_32080,75,2024-12-18,0.543,1.196,0.454
CA_32080,75,2024-12-19,0.482,1.059,0.455
CA_32080,75,2024-12-20,0.502,1.098,0.457
CA_32080,75,2024-12-21,0.513,1.118,0.458
CA_32080,75,2024-12-22,0.514,1.118,0.46
CA_32080,75,2024-12-23,0.515,1.118,0.461
CA_32080,75,2024-12-24,0.535,1.157,0.463
CA_32080,75,2024-12-25,0.665,1.432,0.464
CA_32080,75,2024-12-26,0.755,1.628,0.464
CA_32080,75,2024-12-27,0.761,1.647,0.461
CA_32080,75,2024-12-28,0.765,1.667,0.457
CA_32080,75,2024-12-29,0.74,1.628,0.451
CA_32080,75,2024-12-30,0.627,1.397,0.446
CA_32080,75,2024-12-31,0.491,1.111,0.442
CA_32260,61,2024-01-01,0.26,0.914,0.285
CA_32260,61,2024-01-02,0.146,0.508,0.288
CA_32260,61,2024-01-03,0.266,0.914,0.291
CA_32260,61,2024-01-04,0.569,1.929,0.295
CA_32260,61,2024-01-05,0.394,1.32,0.298
CA_32260,61,2024-01-06,0.367,1.219,0.302
CA_32260,61,2024-01-07,0.464,1.523,0.305
CA_32260,61,2024-01-08,0.376,1.219,0.308
CA_32260,61,2024-01-09,0.411,1.32,0.312
CA_32260,61,2024-01-10,0.352,1.117,0.315
CA_32260,61,2024-01-11,0.452,1.422,0.318
CA_32260,61,2024-01-12,0.261,0.812,0.322
CA_32260,61,2024-01-13,0.297,0.914,0.325
CA_32260,61,2024-01-14,0.433,1.32,0.328
CA_32260,61,2024-01-15,0.303,0.914,0.332
CA_32260,61,2024-01-16,0.34,1.015,0.335
CA_32260,61,2024-01-17,0.378,1.117,0.338
CA_32260,61,2024-01-18,0.312,0.914,0.342
CA_32260,61,2024-01-19,0.42,1.219,0.345
CA_32260,61,2024-01-20,0.46,1.32,0.348
CA_32260,61,2024-01-21,0.429,1.219,0.352
CA_32260,61,2024-01-22,0.288,0.812,0.355
CA_32260,61,2024-01-23,0.473,1.32,0.358
CA_32260,61,2024-01-24,0.331,0.914,0.362
CA_32260,61,2024-01-25,0.519,1.422,0.365
CA_32260,61,2024-01-26,0.411,1.117,0.368
CA_32260,61,2024-01-27,0.377,1.015,0.372
CA_32260,61,2024-01-28,0.495,1.32,0.375
CA_32260,61,2024-01-29,0.692,1.828,0.378
CA_32260,61,2024-01-30,0.659,1.726,0.382
CA_32260,61,2024-01-31,0.821,2.132,0.385
CA_32260,61,2024-02-01,0.487,1.253,0.388
CA_32260,61,2024-02-02,0.529,1.35,0.392
CA_32260,61,2024-02-03,0.495,1.253,0.395
CA_32260,61,2024-02-04,0.615,1.543,0.398
CA_32260,61,2024-02-05,0.542,1.35,0.402
CA_32260,61,2024-02-06,0.391,0.964,0.405
CA_32260,61,2024-02-07,0.433,1.061,0.408
CA_32260,61,2024-02-08,0.437,1.061,0.412
CA_32260,61,2024-02-09,0.6,1.446,0.415
CA_32260,61,2024-02-10,0.646,1.543,0.419
CA_32260,61,2024-02-11,0.732,1.736,0.422
CA_32260,61,2024-02-12,0.729,1.639,0.445
CA_32260,61,2024-02-13,0.632,1.35,0.468
CA_32260,61,2024-02-14,0.711,1.446,0.491
CA_32260,61,2024-02-15,0.843,1.639,0.514
CA_32260,61,2024-02-16,0.777,1.446,0.538
CA_32260,61,2024-02-17,0.649,1.157,0.561
CA_32260,61,2024-02-18,1.182,2.025,0.584
CA_32260,61,2024-02-19,1.697,2.796,0.607
CA_32260,61,2024-02-20,1.038,1.832,0.567
CA_32260,61,2024-02-21,0.914,1.736,0.527
CA_32260,61,2024-02-22,1.032,2.121,0.486
CA_32260,61,2024-02-23,0.861,1.928,0.446
CA_32260,61,2024-02-24,0.627,1.543,0.406
CA_32260,61,2024-02-25,0.706,1.928,0.366
CA_32260,61,2024-02-26,0.629,1.928,0.326
CA_32260,61,2024-02-27,0.634,2.218,0.286
CA_32260,61,2024-02-28,0.655,2.314,0.283
CA_32260,61,2024-02-29,0.594,2.121,0.28
CA_32260,61,2024-03-01,0.466,1.681,0.277
CA_32260,61,2024-03-02,0.538,1.962,0.274
CA_32260,61,2024-03-03,0.431,1.588,0.272
CA_32260,61,2024-03-04,0.377,1.401,0.269
CA_32260,61,2024-03-05,0.571,2.149,0.266
CA_32260,61,2024-03-06,0.541,2.055,0.263
CA_32260,61,2024-03-07,0.608,2.335,0.26
CA_32260,61,2024-03-08,0.625,2.429,0.257
CA_32260,61,2024-03-09,0.595,2.335,0.255
CA_32260,61,2024-03-10,0.612,2.429,0.252
CA_32260,61,2024-03-11,0.581,2.335,0.249
CA_32260,61,2024-03-12,0.345,1.401,0.246
CA_32260,61,2024-03-13,0.796,3.269,0.243
CA_32260,61,2024-03-14,1.056,4.39,0.24
CA_32260,61,2024-03-15,0.865,3.83,0.226
CA_32260,61,2024-03-16,0.75,3.55,0.211
CA_32260,61,2024-03-17,0.716,3.643,0.197
CA_32260,61,2024-03-18,0.578,3.176,0.182
CA_32260,61,2024-03-19,0.579,3.456,0.167
CA_32260,61,2024-03-20,0.628,4.11,0.153
CA_32260,61,2024-03-21,0.517,3.737,0.138
CA_32260,61,2024-03-22,0.381,3.083,0.124
CA_32260,61,2024-03-23,0.392,2.055,0.191
CA_32260,61,2024-03-24,0.77,2.989,0.258
CA_32260,61,2024-03-25,0.909,2.802,0.324
CA_32260,61,2024-03-26,1.28,3.269,0.391
CA_32260,61,2024-03-27,1.071,2.335,0.458
CA_32260,61,2024-03-28,1.374,2.616,0.525
CA_32260,61,2024-03-29,1.383,2.335,0.592
CA_32260,61,2024-03-30,1.847,2.802,0.659
CA_32260,61,2024-03-31,1.788,2.802,0.638
CA_32260,61,2024-04-01,2.395,3.882,0.617
CA_32260,61,2024-04-02,2.152,3.611,0.596
CA_32260,61,2024-04-03,2.231,3.882,0.575
CA_32260,61,2024-04-04,0.75,1.354,0.554
CA_32260,61,2024-04-05,1.058,1.986,0.533
CA_32260,61,2024-04-06,1.477,2.889,0.511
CA_32260,61,2024-04-07,1.77,3.611,0.49
CA_32260,61,2024-04-08,2.211,4.423,0.5
CA_32260,61,2024-04-09,1.931,3.791,0.509
CA_32260,61,2024-04-10,2.154,4.152,0.519
CA_32260,61,2024-04-11,2.241,4.243,0.528
CA_32260,61,2024-04-12,2.281,4.243,0.538
CA_32260,61,2024-04-13,0.593,1.083,0.547
CA_32260,61,2024-04-14,1.256,2.257,0.557
CA_32260,61,2024-04-15,1.584,2.798,0.566
CA_32260,61,2024-04-16,1.923,3.34,0.576
CA_32260,61,2024-04-17,2.377,4.062,0.585
CA_32260,61,2024-04-18,2.362,3.972,0.595
CA_32260,61,2024-04-19,2.836,4.694,0.604
CA_32260,61,2024-04-20,3.102,5.055,0.614
CA_32260,61,2024-04-21,3.093,4.965,0.623
CA_32260,61,2024-04-22,3.026,4.784,0.633
CA_32260,61,2024-04-23,2.55,3.972,0.642
CA_32260,61,2024-04-24,2.244,3.791,0.592
CA_32260,61,2024-04-25,2.396,4.423,0.542
CA_32260,61,2024-04-26,1.908,3.882,0.492
CA_32260,61,2024-04-27,2.033,4.604,0.442
CA_32260,61,2024-04-28,2.085,5.326,0.391
CA_32260,61,2024-04-29,1.972,5.777,0.341
CA_32260,61,2024-04-30,1.709,5.868,0.291
CA_32260,61,2024-05-01,1.595,6.617,0.241
CA_32260,61,2024-05-02,1.521,6.088,0.25
CA_32260,61,2024-05-03,1.437,5.559,0.258
CA_32260,61,2024-05-04,0.33,1.235,0.267
CA_32260,61,2024-05-05,1.12,4.059,0.276
CA_32260,61,2024-05-06,1.28,4.5,0.285
CA_32260,61,2024-05-07,1.475,5.029,0.293
CA_32260,61,2024-05-08,1.865,6.176,0.302
CA_32260,61,2024-05-09,1.672,5.382,0.311
CA_32260,61,2024-05-10,1.939,6.265,0.309
CA_32260,61,2024-05-11,2.014,6.529,0.308
CA_32260,61,2024-05-12,2.006,6.529,0.307
CA_32260,61,2024-05-13,1.918,6.265,0.306
CA_32260,61,2024-05-14,1.965,6.441,0.305
CA_32260,61,2024-05-15,2.011,6.617,0.304
CA_32260,61,2024-05-16,1.817,6.0,0.303
CA_32260,61,2024-05-17,1.597,5.294,0.302
CA_32260,61,2024-05-18,1.568,5.294,0.296
CA_32260,61,2024-05-19,1.539,5.294,0.291
CA_32260,61,2024-05-20,1.786,6.265,0.285
CA_32260,61,2024-05-21,1.948,6.97,0.28
CA_32260,61,2024-05-22,1.765,6.441,0.274
CA_32260,61,2024-05-23,1.681,6.265,0.268
CA_32260,61,2024-05-24,1.438,5.47,0.263
CA_32260,61,2024-05-25,1.317,5.118,0.257
CA_32260,61,2024-05-26,1.556,5.647,0.275
CA_32260,61,2024-05-27,1.814,6.176,0.294
CA_32260,61,2024-05-28,1.981,6.353,0.312
CA_32260,61,2024-05-29,2.3,6.97,0.33
CA_32260,61,2024-05-30,2.55,7.323,0.348
CA_32260,61,2024-05-31,2.683,7.323,0.366
CA_32260,61,2024-06-01,2.478,6.444,0.385
CA_32260,61,2024-06-02,2.525,6.27,0.403
CA_32260,61,2024-06-03,2.375,5.66,0.42
CA_32260,61,2024-06-04,3.458,7.924,0.436
CA_32260,61,2024-06-05,3.394,7.489,0.453
CA_32260,61,2024-06-06,3.725,7.924,0.47
CA_32260,61,2024-06-07,3.307,6.792,0.487
CA_32260,61,2024-06-08,2.939,5.834,0.504
CA_32260,61,2024-06-09,3.173,6.096,0.52
CA_32260,61,2024-06-10,3.696,6.879,0.537
CA_32260,61,2024-06-11,3.508,8.381,0.419
CA_32260,61,2024-06-12,3.563,8.464,0.421
CA_32260,61,2024-06-13,3.611,8.482,0.426
CA_32260,61,2024-06-14,3.442,8.011,0.429
CA_32260,61,2024-06-15,3.424,7.924,0.432
CA_32260,61,2024-06-16,3.357,7.733,0.435
CA_32260,61,2024-06-17,3.3,7.559,0.437
CA_32260,61,2024-06-18,3.144,7.158,0.439
CA_32260,61,2024-06-19,3.239,7.332,0.441
CA_32260,61,2024-06-20,3.327,7.437,0.448
CA_32260,61,2024-06-21,3.651,7.959,0.458
CA_32260,61,2024-06-22,3.962,8.342,0.472
CA_32260,61,2024-06-23,4.351,8.812,0.491
CA_32260,61,2024-06-24,4.745,9.178,0.513
CA_32260,61,2024-06-25,5.363,9.979,0.536
CA_32260,61,2024-06-26,5.778,10.328,0.558
CA_32260,61,2024-06-27,5.89,10.153,0.581
CA_32260,61,2024-06-28,5.765,9.631,0.602
CA_32260,61,2024-06-29,5.583,9.038,0.623
CA_32260,61,2024-06-30,5.261,8.254,0.642
CA_32260,61,2024-07-01,4.737,7.212,0.66
CA_32260,61,2024-07-02,4.521,6.691,0.677
CA_32260,61,2024-07-03,4.47,6.449,0.695
CA_32260,61,2024-07-04,4.378,6.157,0.712
CA_32260,61,2024-07-05,4.445,6.088,0.729
CA_32260,61,2024-07-06,4.766,6.432,0.74
CA_32260,61,2024-07-07,4.949,6.638,0.745
CA_32260,61,2024-07-08,5.239,7.051,0.744
CA_32260,61,2024-07-09,5.415,7.361,0.737
CA_32260,61,2024-07-10,5.481,7.584,0.723
CA_32260,61,2024-07-11,5.357,7.55,0.709
CA_32260,61,2024-07-12,5.209,7.481,0.696
CA_32260,61,2024-07-13,5.133,7.532,0.682
CA_32260,61,2024-07-14,5.228,7.773,0.673
CA_32260,61,2024-07-15,5.386,8.048,0.67
CA_32260,61,2024-07-16,5.537,8.254,0.671
CA_32260,61,2024-07-17,5.917,8.736,0.677
CA_32260,61,2024-07-18,6.279,9.114,0.688
CA_32260,61,2024-07-19,6.511,9.303,0.699
CA_32260,61,2024-07-20,6.725,9.458,0.71
CA_32260,61,2024-07-21,6.856,9.51,0.721
CA_32260,61,2024-07-22,6.568,8.942,0.738
CA_32260,61,2024-07-23,6.325,8.375,0.76
CA_32260,61,2024-07-24,6.331,8.083,0.787
CA_32260,61,2024-07-25,6.309,7.704,0.819
CA_32260,61,2024-07-26,6.644,7.722,0.856
CA_32260,61,2024-07-27,7.075,7.911,0.894
CA_32260,61,2024-07-28,7.161,7.722,0.931
CA_32260,61,2024-07-29,6.908,7.188,0.968
CA_32260,61,2024-07-30,6.517,6.611,0.993
CA_32260,61,2024-07-31,6.285,6.271,1.005
CA_32260,61,2024-08-01,6.401,6.393,1.005
CA_32260,61,2024-08-02,6.37,6.448,0.992
CA_32260,61,2024-08-03,6.129,6.336,0.967
CA_32260,61,2024-08-04,6.137,6.489,0.941
CA_32260,61,2024-08-05,6.05,6.591,0.916
CA_32260,61,2024-08-06,5.641,6.353,0.89
CA_32260,61,2024-08-07,5.428,6.302,0.865
CA_32260,61,2024-08-08,5.559,6.625,0.839
CA_32260,61,2024-08-09,5.633,6.915,0.814
CA_32260,61,2024-08-10,5.457,6.932,0.788
CA_32260,61,2024-08-11,5.412,7.119,0.763
CA_32260,61,2024-08-12,5.563,7.579,0.738
CA_32260,61,2024-08-13,5.578,7.852,0.712
CA_32260,61,2024-08-14,5.48,7.988,0.687
CA_32260,61,2024-08-15,5.302,7.92,0.669
CA_32260,61,2024-08-16,5.423,8.227,0.659
CA_32260,61,2024-08-17,5.342,8.142,0.656
CA_32260,61,2024-08-18,5.275,7.988,0.661
CA_32260,61,2024-08-19,5.125,7.631,0.673
CA_32260,61,2024-08-20,5.238,7.665,0.686
CA_32260,61,2024-08-21,4.987,7.154,0.698
CA_32260,61,2024-08-22,4.891,6.881,0.711
CA_32260,61,2024-08-23,4.945,6.881,0.718
CA_32260,61,2024-08-24,4.974,6.898,0.721
CA_32260,61,2024-08-25,4.709,6.54,0.719
CA_32260,61,2024-08-26,4.497,6.302,0.712
CA_32260,61,2024-08-27,4.415,6.302,0.7
CA_32260,61,2024-08-28,4.31,6.268,0.689
CA_32260,61,2024-08-29,4.448,6.591,0.677
CA_32260,61,2024-08-30,4.58,6.897,0.665
CA_32260,61,2024-08-31,4.967,7.662,0.651
CA_32260,61,2024-09-01,5.205,8.273,0.633
CA_32260,61,2024-09-02,5.312,8.715,0.613
CA_32260,61,2024-09-03,5.248,8.934,0.589
CA_32260,61,2024-09-04,5.08,8.969,0.563
CA_32260,61,2024-09-05,4.706,8.713,0.537
CA_32260,61,2024-09-06,4.489,8.815,0.511
CA_32260,61,2024-09-07,4.147,8.577,0.484
CA_32260,61,2024-09-08,3.755,8.084,0.465
CA_32260,61,2024-09-09,3.598,7.947,0.451
CA_32260,61,2024-09-10,3.374,7.573,0.445
CA_32260,61,2024-09-11,2.851,6.433,0.444
CA_32260,61,2024-09-12,2.538,5.65,0.451
CA_32260,61,2024-09-13,2.354,5.173,0.457
CA_32260,61,2024-09-14,2.185,4.731,0.463
CA_32260,61,2024-09-15,2.02,4.305,0.469
CA_32260,61,2024-09-16,1.828,3.88,0.47
CA_32260,61,2024-09-17,1.66,3.54,0.466
CA_32260,61,2024-09-18,1.514,3.284,0.456
CA_32260,61,2024-09-19,1.381,3.114,0.441
CA_32260,61,2024-09-20,1.308,3.148,0.421
CA_32260,61,2024-09-21,1.388,3.523,0.401
CA_32260,61,2024-09-22,1.509,4.016,0.381
CA_32260,61,2024-09-23,1.61,4.51,0.361
CA_32260,61,2024-09-24,1.679,4.918,0.343
CA_32260,61,2024-09-25,1.668,5.089,0.329
CA_32260,61,2024-09-26,1.677,5.293,0.318
CA_32260,61,2024-09-27,1.637,5.293,0.309
CA_32260,61,2024-09-28,1.563,5.14,0.304
CA_32260,61,2024-09-29,1.49,4.99,0.298
CA_32260,61,2024-09-30,1.398,4.765,0.293
CA_32260,61,2024-10-01,1.336,4.652,0.287
CA_32260,61,2024-10-02,1.317,4.692,0.281
CA_32260,61,2024-10-03,1.313,4.801,0.274
CA_32260,61,2024-10-04,1.322,4.981,0.266
CA_32260,61,2024-10-05,1.339,5.198,0.258
CA_32260,61,2024-10-06,1.293,5.198,0.249
CA_32260,61,2024-10-07,1.248,5.198,0.24
CA_32260,61,2024-10-08,1.167,5.035,0.231
CA_32260,61,2024-10-09,1.075,4.837,0.222
CA_32260,61,2024-10-10,1.022,4.764,0.214
CA_32260,61,2024-10-11,0.953,4.566,0.208
CA_32260,61,2024-10-12,0.908,4.44,0.204
CA_32260,61,2024-10-13,0.894,4.422,0.202
CA_32260,61,2024-10-14,0.834,4.133,0.202
CA_32260,61,2024-10-15,0.763,3.79,0.201
CA_32260,61,2024-10-16,0.743,3.7,0.201
CA_32260,61,2024-10-17,0.729,3.646,0.2
CA_32260,61,2024-10-18,0.696,3.483,0.2
CA_32260,61,2024-10-19,0.747,3.736,0.2
CA_32260,61,2024-10-20,0.756,3.772,0.201
CA_32260,61,2024-10-21,0.789,3.916,0.201
CA_32260,61,2024-10-22,0.723,3.573,0.203
CA_32260,61,2024-10-23,0.709,3.483,0.204
CA_32260,61,2024-10-24,0.669,3.267,0.205
CA_32260,61,2024-10-25,0.643,3.122,0.206
CA_32260,61,2024-10-26,0.604,2.743,0.222
CA_32260,61,2024-10-27,0.795,3.086,0.251
CA_32260,61,2024-10-28,0.93,3.104,0.296
CA_32260,61,2024-10-29,0.959,2.761,0.354
CA_32260,61,2024-10-30,1.022,2.54,0.427
CA_32260,61,2024-10-31,1.043,2.298,0.499
CA_32260,61,2024-11-01,1.067,1.919,0.572
CA_32260,61,2024-11-02,1.096,1.682,0.645
CA_32260,61,2024-11-03,1.124,1.603,0.696
CA_32260,61,2024-11-04,1.129,1.547,0.726
CA_32260,61,2024-11-05,1.101,1.49,0.735
CA_32260,61,2024-11-06,0.876,1.188,0.722
CA_32260,61,2024-11-07,0.745,1.075,0.688
CA_32260,61,2024-11-08,0.722,1.113,0.654
CA_32260,61,2024-11-09,0.659,1.075,0.62
CA_32260,61,2024-11-10,0.676,1.169,0.586
CA_32260,61,2024-11-11,0.772,1.415,0.552
CA_32260,61,2024-11-12,0.73,1.415,0.518
CA_32260,61,2024-11-13,0.702,1.471,0.484
CA_32260,61,2024-11-14,0.689,1.528,0.45
CA_32260,61,2024-11-15,0.634,1.509,0.416
CA_32260,61,2024-11-16,0.558,1.471,0.381
CA_32260,61,2024-11-17,0.511,1.452,0.347
CA_32260,61,2024-11-18,0.422,1.339,0.313
CA_32260,61,2024-11-19,0.383,1.32,0.287
CA_32260,61,2024-11-20,0.367,1.358,0.268
CA_32260,61,2024-11-21,0.337,1.32,0.256
CA_32260,61,2024-11-22,0.362,1.433,0.252
CA_32260,61,2024-11-23,0.38,1.49,0.255
CA_32260,61,2024-11-24,0.414,1.603,0.258
CA_32260,61,2024-11-25,0.409,1.565,0.261
CA_32260,61,2024-11-26,0.455,1.716,0.265
CA_32260,61,2024-11-27,0.443,1.641,0.27
CA_32260,61,2024-11-28,0.438,1.584,0.279
CA_32260,61,2024-11-29,0.364,1.29,0.289
CA_32260,61,2024-11-30,0.336,1.154,0.303
CA_32260,61,2024-12-01,0.273,0.872,0.318
CA_32260,61,2024-12-02,0.291,0.863,0.334
CA_32260,61,2024-12-03,0.281,0.789,0.35
CA_32260,61,2024-12-04,0.32,0.874,0.366
CA_32260,61,2024-12-05,0.339,0.895,0.382
CA_32260,61,2024-12-06,0.362,0.917,0.398
CA_32260,61,2024-12-07,0.392,0.938,0.413
CA_32260,61,2024-12-08,0.415,0.959,0.429
CA_32260,61,2024-12-09,0.477,1.066,0.445
CA_32260,61,2024-12-10,0.489,1.066,0.461
CA_32260,61,2024-12-11,0.493,1.044,0.477
CA_32260,61,2024-12-12,0.437,0.895,0.492
CA_32260,61,2024-12-13,0.415,0.831,0.504
CA_32260,61,2024-12-14,0.371,0.725,0.513
CA_32260,61,2024-12-15,0.364,0.703,0.518
CA_32260,61,2024-12-16,0.332,0.639,0.519
CA_32260,61,2024-12-17,0.319,0.618,0.516
CA_32260,61,2024-12-18,0.328,0.639,0.514
CA_32260,61,2024-12-19,0.326,0.639,0.511
CA_32260,61,2024-12-20,0.314,0.618,0.509
CA_32260,61,2024-12-21,0.313,0.618,0.506
CA_32260,61,2024-12-22,0.311,0.618,0.503
CA_32260,61,2024-12-23,0.288,0.576,0.501
CA_32260,61,2024-12-24,0.276,0.554,0.498
CA_32260,61,2024-12-25,0.254,0.512,0.496
CA_32260,61,2024-12-26,0.273,0.554,0.493
CA_32260,61,2024-12-27,0.292,0.597,0.491
CA_32260,61,2024-12-28,0.404,0.831,0.488
CA_32260,61,2024-12-29,0.403,0.831,0.485
CA_32260,61,2024-12-30,0.464,0.959,0.484
CA_32260,61,2024-12-31,0.497,1.03,0.483
CA_32418,47,2024-01-01,0.677,0.898,0.754
CA_32418,47,2024-01-02,0.379,0.499,0.76
CA_32418,47,2024-01-03,0.61,0.798,0.765
CA_32418,47,2024-01-04,1.306,1.696,0.77
CA_32418,47,2024-01-05,0.928,1.197,0.775
CA_32418,47,2024-01-06,0.857,1.097,0.781
CA_32418,47,2024-01-07,1.176,1.496,0.786
CA_32418,47,2024-01-08,0.789,0.998,0.791
CA_32418,47,2024-01-09,0.874,1.097,0.796
CA_32418,47,2024-01-10,1.04,1.297,0.802
CA_32418,47,2024-01-11,1.207,1.496,0.807
CA_32418,47,2024-01-12,0.729,0.898,0.812
CA_32418,47,2024-01-13,0.734,0.898,0.818
CA_32418,47,2024-01-14,0.985,1.197,0.823
CA_32418,47,2024-01-15,0.661,0.798,0.828
CA_32418,47,2024-01-16,0.748,0.898,0.833
CA_32418,47,2024-01-17,0.753,0.898,0.839
CA_32418,47,2024-01-18,0.842,0.997,0.844
CA_32418,47,2024-01-19,0.762,0.898,0.849
CA_32418,47,2024-01-20,0.938,1.097,0.855
CA_32418,47,2024-01-21,1.115,1.297,0.86
CA_32418,47,2024-01-22,0.604,0.698,0.865
CA_32418,47,2024-01-23,1.129,1.297,0.87
CA_32418,47,2024-01-24,0.611,0.698,0.876
CA_32418,47,2024-01-25,1.23,1.396,0.881
CA_32418,47,2024-01-26,0.972,1.097,0.886
CA_32418,47,2024-01-27,0.889,0.997,0.892
CA_32418,47,2024-01-28,1.252,1.396,0.897
CA_32418,47,2024-01-29,1.35,1.496,0.902
CA_32418,47,2024-01-30,1.448,1.596,0.907
CA_32418,47,2024-01-31,1.82,1.994,0.913
CA_32418,47,2024-02-01,1.176,1.281,0.918
CA_32418,47,2024-02-02,1.274,1.38,0.923
CA_32418,47,2024-02-03,1.189,1.281,0.928
CA_32418,47,2024-02-04,1.288,1.379,0.934
CA_32418,47,2024-02-05,0.925,0.985,0.939
CA_32418,47,2024-02-06,1.024,1.084,0.944
CA_32418,47,2024-02-07,1.029,1.084,0.95
CA_32418,47,2024-02-08,1.129,1.183,0.955
CA_32418,47,2024-02-09,1.419,1.478,0.96
CA_32418,47,2024-02-10,1.427,1.478,0.965
CA_32418,47,2024-02-11,1.531,1.577,0.971
CA_32418,47,2024-02-12,1.486,1.577,0.943
CA_32418,47,2024-02-13,1.352,1.478,0.915
CA_32418,47,2024-02-14,1.31,1.478,0.887
CA_32418,47,2024-02-15,1.354,1.577,0.858
CA_32418,47,2024-02-16,1.227,1.478,0.83
CA_32418,47,2024-02-17,0.633,0.788,0.802
CA_32418,47,2024-02-18,1.297,1.675,0.774
CA_32418,47,2024-02-19,1.912,2.562,0.746
CA_32418,47,2024-02-20,1.371,1.774,0.773
CA_32418,47,2024-02-21,1.418,1.774,0.799
CA_32418,47,2024-02-22,1.709,2.069,0.826
CA_32418,47,2024-02-23,1.68,1.971,0.852
CA_32418,47,2024-02-24,1.472,1.675,0.879
CA_32418,47,2024-02-25,1.606,1.774,0.905
CA_32418,47,2024-02-26,1.837,1.971,0.932
CA_32418,47,2024-02-27,1.984,2.069,0.959
CA_32418,47,2024-02-28,2.128,2.266,0.939
CA_32418,47,2024-02-29,1.993,2.168,0.919
CA_32418,47,2024-03-01,1.385,1.54,0.9
CA_32418,47,2024-03-02,1.694,1.925,0.88
CA_32418,47,2024-03-03,1.325,1.54,0.86
CA_32418,47,2024-03-04,1.376,1.636,0.841
CA_32418,47,2024-03-05,1.581,1.925,0.821
CA_32418,47,2024-03-06,1.62,2.021,0.802
CA_32418,47,2024-03-07,1.656,2.118,0.782
CA_32418,47,2024-03-08,1.835,2.406,0.762
CA_32418,47,2024-03-09,1.788,2.407,0.743
CA_32418,47,2024-03-10,1.81,2.503,0.723
CA_32418,47,2024-03-11,1.761,2.503,0.704
CA_32418,47,2024-03-12,1.053,1.54,0.684
CA_32418,47,2024-03-13,1.982,2.984,0.664
CA_32418,47,2024-03-14,2.669,4.139,0.645
CA_32418,47,2024-03-15,2.264,3.658,0.619
CA_32418,47,2024-03-16,2.113,3.561,0.593
CA_32418,47,2024-03-17,2.022,3.562,0.568
CA_32418,47,2024-03-18,1.722,3.177,0.542
CA_32418,47,2024-03-19,1.79,3.465,0.516
CA_32418,47,2024-03-20,2.032,4.139,0.491
CA_32418,47,2024-03-21,1.702,3.658,0.465
CA_32418,47,2024-03-22,1.354,3.08,0.44
CA_32418,47,2024-03-23,1.096,2.214,0.495
CA_32418,47,2024-03-24,1.589,2.888,0.55
CA_32418,47,2024-03-25,1.807,2.984,0.606
CA_32418,47,2024-03-26,2.227,3.369,0.661
CA_32418,47,2024-03-27,1.724,2.406,0.716
CA_32418,47,2024-03-28,2.08,2.695,0.772
CA_32418,47,2024-03-29,1.831,2.214,0.827
CA_32418,47,2024-03-30,2.293,2.599,0.882
CA_32418,47,2024-03-31,2.358,2.888,0.817
CA_32418,47,2024-04-01,2.91,3.877,0.751
CA_32418,47,2024-04-02,2.59,3.783,0.685
CA_32418,47,2024-04-03,2.634,4.255,0.619
CA_32418,47,2024-04-04,0.941,1.702,0.553
CA_32418,47,2024-04-05,1.014,2.08,0.487
CA_32418,47,2024-04-06,1.395,3.31,0.421
CA_32418,47,2024-04-07,1.345,3.783,0.355
CA_32418,47,2024-04-08,1.625,4.35,0.374
CA_32418,47,2024-04-09,1.518,3.877,0.392
CA_32418,47,2024-04-10,1.782,4.35,0.41
CA_32418,47,2024-04-11,1.901,4.445,0.428
CA_32418,47,2024-04-12,1.813,4.066,0.446
CA_32418,47,2024-04-13,0.57,1.229,0.464
CA_32418,47,2024-04-14,1.048,2.175,0.482
CA_32418,47,2024-04-15,1.466,2.932,0.5
CA_32418,47,2024-04-16,1.911,3.688,0.518
CA_32418,47,2024-04-17,2.282,4.256,0.536
CA_32418,47,2024-04-18,2.306,4.161,0.554
CA_32418,47,2024-04-19,2.76,4.823,0.572
CA_32418,47,2024-04-20,3.183,5.391,0.59
CA_32418,47,2024-04-21,3.165,5.201,0.608
CA_32418,47,2024-04-22,3.2,5.107,0.627
CA_32418,47,2024-04-23,2.743,4.255,0.645
CA_32418,47,2024-04-24,2.486,4.066,0.611
CA_32418,47,2024-04-25,2.68,4.634,0.578
CA_32418,47,2024-04-26,2.217,4.067,0.545
CA_32418,47,2024-04-27,2.469,4.823,0.512
CA_32418,47,2024-04-28,2.671,5.579,0.479
CA_32418,47,2024-04-29,2.655,5.958,0.446
CA_32418,47,2024-04-30,2.379,5.769,0.412
CA_32418,47,2024-05-01,2.459,6.482,0.379
CA_32418,47,2024-05-02,2.427,6.112,0.397
CA_32418,47,2024-05-03,2.305,5.556,0.415
CA_32418,47,2024-05-04,0.641,1.482,0.433
CA_32418,47,2024-05-05,1.919,4.26,0.45
CA_32418,47,2024-05-06,2.125,4.537,0.468
CA_32418,47,2024-05-07,2.475,5.093,0.486
CA_32418,47,2024-05-08,2.986,5.927,0.504
CA_32418,47,2024-05-09,2.898,5.556,0.522
CA_32418,47,2024-05-10,3.308,6.39,0.518
CA_32418,47,2024-05-11,3.379,6.575,0.514
CA_32418,47,2024-05-12,3.4,6.667,0.51
CA_32418,47,2024-05-13,3.375,6.667,0.506
CA_32418,47,2024-05-14,3.395,6.76,0.502
CA_32418,47,2024-05-15,3.369,6.76,0.498
CA_32418,47,2024-05-16,3.022,6.112,0.495
CA_32418,47,2024-05-17,2.726,5.556,0.491
CA_32418,47,2024-05-18,2.791,5.463,0.511
CA_32418,47,2024-05-19,3.048,5.741,0.531
CA_32418,47,2024-05-20,3.572,6.482,0.551
CA_32418,47,2024-05-21,3.968,6.945,0.571
CA_32418,47,2024-05-22,3.998,6.76,0.591
CA_32418,47,2024-05-23,3.964,6.482,0.612
CA_32418,47,2024-05-24,3.51,5.556,0.632
CA_32418,47,2024-05-25,3.38,5.186,0.652
CA_32418,47,2024-05-26,3.843,6.019,0.639
CA_32418,47,2024-05-27,3.995,6.389,0.625
CA_32418,47,2024-05-28,4.136,6.76,0.612
CA_32418,47,2024-05-29,4.323,7.223,0.599
CA_32418,47,2024-05-30,4.335,7.408,0.585
CA_32418,47,2024-05-31,4.29,7.501,0.572
CA_32418,47,2024-06-01,3.583,6.414,0.559
CA_32418,47,2024-06-02,3.547,6.505,0.545
CA_32418,47,2024-06-03,3.08,5.872,0.524
CA_32418,47,2024-06-04,3.913,7.77,0.504
CA_32418,47,2024-06-05,3.62,7.498,0.483
CA_32418,47,2024-06-06,3.714,8.04,0.462
CA_32418,47,2024-06-07,3.029,6.866,0.441
CA_32418,47,2024-06-08,2.506,5.963,0.42
CA_32418,47,2024-06-09,2.526,6.324,0.399
CA_32418,47,2024-06-10,2.702,7.137,0.379
CA_32418,47,2024-06-11,3.917,7.318,0.535
CA_32418,47,2024-06-12,3.83,7.137,0.536
CA_32418,47,2024-06-13,3.73,6.92,0.539
CA_32418,47,2024-06-14,3.692,6.775,0.545
CA_32418,47,2024-06-15,3.647,6.577,0.555
CA_32418,47,2024-06-16,3.795,6.667,0.568
CA_32418,47,2024-06-17,3.998,6.866,0.581
CA_32418,47,2024-06-18,4.001,6.739,0.594
CA_32418,47,2024-06-19,4.164,6.866,0.607
CA_32418,47,2024-06-20,4.324,7.028,0.616
CA_32418,47,2024-06-21,4.31,6.938,0.622
CA_32418,47,2024-06-22,4.289,6.884,0.623
CA_32418,47,2024-06-23,4.53,7.3,0.621
CA_32418,47,2024-06-24,4.478,7.282,0.615
CA_32418,47,2024-06-25,4.306,7.065,0.609
CA_32418,47,2024-06-26,4.017,6.649,0.603
CA_32418,47,2024-06-27,4.017,6.722,0.597
CA_32418,47,2024-06-28,3.939,6.685,0.59
CA_32418,47,2024-06-29,3.896,6.718,0.581
CA_32418,47,2024-06-30,3.872,6.792,0.571
CA_32418,47,2024-07-01,3.945,7.046,0.559
CA_32418,47,2024-07-02,3.76,6.884,0.545
CA_32418,47,2024-07-03,3.611,6.79,0.532
CA_32418,47,2024-07-04,3.473,6.703,0.518
CA_32418,47,2024-07-05,3.377,6.685,0.505
CA_32418,47,2024-07-06,3.306,6.72,0.492
CA_32418,47,2024-07-07,3.169,6.616,0.478
CA_32418,47,2024-07-08,3.005,6.46,0.465
CA_32418,47,2024-07-09,2.974,6.599,0.451
CA_32418,47,2024-07-10,2.931,6.703,0.438
CA_32418,47,2024-07-11,2.924,6.911,0.425
CA_32418,47,2024-07-12,3.001,7.328,0.411
CA_32418,47,2024-07-13,3.039,7.658,0.398
CA_32418,47,2024-07-14,2.996,7.658,0.392
CA_32418,47,2024-07-15,2.942,7.502,0.394
CA_32418,47,2024-07-16,2.86,7.154,0.403
CA_32418,47,2024-07-17,2.772,6.668,0.42
CA_32418,47,2024-07-18,2.771,6.269,0.444
CA_32418,47,2024-07-19,2.799,5.974,0.469
CA_32418,47,2024-07-20,3.026,6.112,0.493
CA_32418,47,2024-07-21,3.281,6.303,0.518
CA_32418,47,2024-07-22,3.586,6.633,0.538
CA_32418,47,2024-07-23,3.789,6.824,0.554
CA_32418,47,2024-07-24,4.035,7.137,0.565
CA_32418,47,2024-07-25,4.112,7.189,0.572
CA_32418,47,2024-07-26,4.169,7.259,0.574
CA_32418,47,2024-07-27,4.146,7.189,0.577
CA_32418,47,2024-07-28,4.183,7.224,0.579
CA_32418,47,2024-07-29,4.049,6.963,0.582
CA_32418,47,2024-07-30,3.939,6.77,0.582
CA_32418,47,2024-07-31,3.901,6.73,0.58
CA_32418,47,2024-08-01,3.839,6.674,0.575
CA_32418,47,2024-08-02,3.771,6.635,0.569
CA_32418,47,2024-08-03,3.697,6.598,0.56
CA_32418,47,2024-08-04,3.68,6.666,0.552
CA_32418,47,2024-08-05,3.555,6.547,0.543
CA_32418,47,2024-08-06,3.443,6.444,0.534
CA_32418,47,2024-08-07,3.306,6.307,0.524
CA_32418,47,2024-08-08,3.216,6.256,0.514
CA_32418,47,2024-08-09,3.074,6.119,0.502
CA_32418,47,2024-08-10,2.959,6.051,0.489
CA_32418,47,2024-08-11,2.847,6.0,0.475
CA_32418,47,2024-08-12,2.849,6.205,0.461
CA_32418,47,2024-08-13,2.905,6.53,0.447
CA_32418,47,2024-08-14,2.927,6.786,0.433
CA_32418,47,2024-08-15,2.782,6.598,0.422
CA_32418,47,2024-08-16,2.641,6.376,0.413
CA_32418,47,2024-08-17,2.413,5.914,0.408
CA_32418,47,2024-08-18,2.254,5.572,0.405
CA_32418,47,2024-08-19,2.198,5.436,0.404
CA_32418,47,2024-08-20,2.274,5.624,0.404
CA_32418,47,2024-08-21,2.349,5.812,0.404
CA_32418,47,2024-08-22,2.397,5.931,0.404
CA_32418,47,2024-08-23,2.471,6.136,0.403
CA_32418,47,2024-08-24,2.527,6.324,0.4
CA_32418,47,2024-08-25,2.587,6.546,0.396
CA_32418,47,2024-08-26,2.6,6.666,0.39
CA_32418,47,2024-08-27,2.593,6.752,0.384
CA_32418,47,2024-08-28,2.48,6.564,0.377
CA_32418,47,2024-08-29,2.333,6.29,0.37
CA_32418,47,2024-08-30,2.245,6.181,0.363
CA_32418,47,2024-08-31,2.221,6.121,0.363
CA_32418,47,2024-09-01,2.282,6.181,0.369
CA_32418,47,2024-09-02,2.454,6.414,0.382
CA_32418,47,2024-09-03,2.541,6.352,0.401
CA_32418,47,2024-09-04,2.672,6.265,0.427
CA_32418,47,2024-09-05,2.716,6.038,0.453
CA_32418,47,2024-09-06,2.73,5.758,0.478
CA_32418,47,2024-09-07,2.703,5.392,0.504
CA_32418,47,2024-09-08,2.713,5.218,0.522
CA_32418,47,2024-09-09,2.643,4.956,0.534
CA_32418,47,2024-09-10,2.626,4.886,0.537
CA_32418,47,2024-09-11,2.717,5.095,0.534
CA_32418,47,2024-09-12,2.759,5.287,0.523
CA_32418,47,2024-09-13,2.854,5.584,0.513
CA_32418,47,2024-09-14,2.65,5.27,0.502
CA_32418,47,2024-09-15,2.583,5.235,0.491
CA_32418,47,2024-09-16,2.383,4.921,0.482
CA_32418,47,2024-09-17,2.16,4.537,0.475
CA_32418,47,2024-09-18,1.955,4.171,0.469
CA_32418,47,2024-09-19,2.046,4.397,0.465
CA_32418,47,2024-09-20,2.067,4.467,0.463
CA_32418,47,2024-09-21,2.113,4.589,0.461
CA_32418,47,2024-09-22,2.158,4.711,0.458
CA_32418,47,2024-09-23,2.124,4.659,0.456
CA_32418,47,2024-09-24,2.144,4.729,0.453
CA_32418,47,2024-09-25,1.999,4.432,0.451
CA_32418,47,2024-09-26,1.869,4.17,0.448
CA_32418,47,2024-09-27,1.732,3.891,0.445
CA_32418,47,2024-09-28,1.65,3.734,0.441
CA_32418,47,2024-09-29,1.53,3.495,0.438
CA_32418,47,2024-09-30,1.52,3.498,0.435
CA_32418,47,2024-10-01,1.58,3.669,0.431
CA_32418,47,2024-10-02,1.668,3.873,0.431
CA_32418,47,2024-10-03,1.728,3.986,0.434
CA_32418,47,2024-10-04,1.681,3.838,0.439
CA_32418,47,2024-10-05,1.737,3.894,0.448
CA_32418,47,2024-10-06,1.754,3.82,0.459
CA_32418,47,2024-10-07,1.85,3.912,0.471
CA_32418,47,2024-10-08,1.859,3.838,0.483
CA_32418,47,2024-10-09,1.874,3.801,0.494
CA_32418,47,2024-10-10,1.779,3.58,0.498
CA_32418,47,2024-10-11,1.742,3.543,0.493
CA_32418,47,2024-10-12,1.624,3.414,0.48
CA_32418,47,2024-10-13,1.511,3.322,0.459
CA_32418,47,2024-10-14,1.478,3.451,0.43
CA_32418,47,2024-10-15,1.522,3.801,0.4
CA_32418,47,2024-10-16,1.383,3.727,0.371
CA_32418,47,2024-10-17,1.219,3.58,0.342
CA_32418,47,2024-10-18,1.168,3.691,0.316
CA_32418,47,2024-10-19,1.081,3.654,0.293
CA_32418,47,2024-10-20,0.939,3.414,0.274
CA_32418,47,2024-10-21,0.856,3.303,0.258
CA_32418,47,2024-10-22,0.785,3.174,0.246
CA_32418,47,2024-10-23,0.709,3.027,0.233
CA_32418,47,2024-10-24,0.661,2.99,0.221
CA_32418,47,2024-10-25,0.683,3.322,0.209
CA_32418,47,2024-10-26,0.64,3.193,0.203
CA_32418,47,2024-10-27,0.659,3.266,0.204
CA_32418,47,2024-10-28,0.673,3.229,0.212
CA_32418,47,2024-10-29,0.658,3.008,0.226
CA_32418,47,2024-10-30,0.586,2.407,0.248
CA_32418,47,2024-10-31,0.6,2.285,0.269
CA_32418,47,2024-11-01,0.571,1.997,0.291
CA_32418,47,2024-11-02,0.601,1.915,0.312
CA_32418,47,2024-11-03,0.647,1.942,0.331
CA_32418,47,2024-11-04,0.698,1.999,0.348
CA_32418,47,2024-11-05,0.709,1.961,0.362
CA_32418,47,2024-11-06,0.744,1.998,0.374
CA_32418,47,2024-11-07,0.759,1.979,0.383
CA_32418,47,2024-11-08,0.81,2.055,0.393
CA_32418,47,2024-11-09,0.782,1.942,0.402
CA_32418,47,2024-11-10,0.805,1.961,0.412
CA_32418,47,2024-11-11,0.813,1.885,0.436
CA_32418,47,2024-11-12,0.857,1.81,0.476
CA_32418,47,2024-11-13,0.94,1.735,0.531
CA_32418,47,2024-11-14,1.06,1.753,0.601
CA_32418,47,2024-11-15,1.14,1.678,0.686
CA_32418,47,2024-11-16,1.251,1.659,0.771
CA_32418,47,2024-11-17,1.528,1.772,0.857
CA_32418,47,2024-11-18,1.621,1.697,0.942
CA_32418,47,2024-11-19,1.636,1.621,1.002
CA_32418,47,2024-11-20,1.642,1.584,1.036
CA_32418,47,2024-11-21,1.748,1.678,1.045
CA_32418,47,2024-11-22,1.458,1.414,1.028
CA_32418,47,2024-11-23,1.625,1.678,0.987
CA_32418,47,2024-11-24,1.753,1.885,0.945
CA_32418,47,2024-11-25,1.644,1.81,0.903
CA_32418,47,2024-11-26,1.36,1.546,0.861
CA_32418,47,2024-11-27,1.312,1.546,0.819
CA_32418,47,2024-11-28,0.807,0.999,0.777
CA_32418,47,2024-11-29,0.472,0.631,0.735
CA_32418,47,2024-11-30,0.399,0.564,0.693
CA_32418,47,2024-12-01,0.383,0.576,0.652
CA_32418,47,2024-12-02,0.272,0.455,0.61
CA_32418,47,2024-12-03,0.293,0.524,0.568
CA_32418,47,2024-12-04,0.387,0.776,0.526
CA_32418,47,2024-12-05,0.486,1.028,0.493
CA_32418,47,2024-12-06,0.499,1.091,0.47
CA_32418,47,2024-12-07,0.521,1.154,0.456
CA_32418,47,2024-12-08,0.537,1.196,0.451
CA_32418,47,2024-12-09,0.456,1.007,0.455
CA_32418,47,2024-12-10,0.395,0.86,0.459
CA_32418,47,2024-12-11,0.369,0.797,0.464
CA_32418,47,2024-12-12,0.393,0.839,0.468
CA_32418,47,2024-12-13,0.467,0.986,0.472
CA_32418,47,2024-12-14,0.491,1.028,0.476
CA_32418,47,2024-12-15,0.566,1.175,0.481
CA_32418,47,2024-12-16,0.704,1.447,0.485
CA_32418,47,2024-12-17,0.677,1.384,0.489
CA_32418,47,2024-12-18,0.631,1.28,0.493
CA_32418,47,2024-12-19,0.709,1.426,0.498
CA_32418,47,2024-12-20,0.716,1.426,0.502
CA_32418,47,2024-12-21,0.573,1.133,0.506
CA_32418,47,2024-12-22,0.588,1.154,0.51
CA_32418,47,2024-12-23,0.603,1.175,0.515
CA_32418,47,2024-12-24,0.544,1.049,0.519
CA_32418,47,2024-12-25,0.484,0.923,0.523
CA_32418,47,2024-12-26,0.52,0.986,0.528
CA_32418,47,2024-12-27,0.535,1.007,0.532
CA_32418,47,2024-12-28,0.528,0.986,0.536
CA_32418,47,2024-12-29,0.501,0.923,0.544
CA_32418,47,2024-12-30,0.487,0.892,0.548
CA_32418,47,2024-12-31,0.5,0.909,0.551
CA_32637,47,2024-01-01,0.618,0.959,0.645
CA_32637,47,2024-01-02,0.372,0.576,0.646
CA_32637,47,2024-01-03,0.745,1.151,0.647
CA_32637,47,2024-01-04,1.369,2.11,0.649
CA_32637,47,2024-01-05,0.935,1.439,0.65
CA_32637,47,2024-01-06,0.812,1.247,0.651
CA_32637,47,2024-01-07,1.064,1.631,0.652
CA_32637,47,2024-01-08,0.94,1.439,0.653
CA_32637,47,2024-01-09,0.879,1.343,0.655
CA_32637,47,2024-01-10,0.755,1.151,0.656
CA_32637,47,2024-01-11,1.072,1.631,0.657
CA_32637,47,2024-01-12,0.568,0.863,0.658
CA_32637,47,2024-01-13,0.57,0.863,0.66
CA_32637,47,2024-01-14,0.888,1.343,0.661
CA_32637,47,2024-01-15,0.572,0.863,0.662
CA_32637,47,2024-01-16,0.764,1.151,0.663
CA_32637,47,2024-01-17,0.765,1.151,0.665
CA_32637,47,2024-01-18,0.703,1.055,0.666
CA_32637,47,2024-01-19,0.96,1.439,0.667
CA_32637,47,2024-01-20,0.962,1.439,0.668
CA_32637,47,2024-01-21,0.964,1.439,0.67
CA_32637,47,2024-01-22,0.579,0.863,0.671
CA_32637,47,2024-01-23,0.903,1.343,0.672
CA_32637,47,2024-01-24,0.581,0.863,0.673
CA_32637,47,2024-01-25,0.971,1.439,0.675
CA_32637,47,2024-01-26,0.778,1.151,0.676
CA_32637,47,2024-01-27,0.715,1.055,0.677
CA_32637,47,2024-01-28,0.976,1.439,0.678
CA_32637,47,2024-01-29,1.304,1.919,0.68
CA_32637,47,2024-01-30,1.306,1.919,0.681
CA_32637,47,2024-01-31,1.636,2.398,0.682
CA_32637,47,2024-02-01,0.824,1.205,0.683
CA_32637,47,2024-02-02,0.889,1.298,0.685
CA_32637,47,2024-02-03,0.954,1.391,0.686
CA_32637,47,2024-02-04,1.211,1.762,0.687
CA_32637,47,2024-02-05,0.958,1.391,0.688
CA_32637,47,2024-02-06,0.639,0.927,0.69
CA_32637,47,2024-02-07,0.833,1.205,0.691
CA_32637,47,2024-02-08,0.706,1.02,0.692
CA_32637,47,2024-02-09,1.093,1.576,0.693
CA_32637,47,2024-02-10,1.095,1.576,0.695
CA_32637,47,2024-02-11,1.226,1.762,0.696
CA_32637,47,2024-02-12,1.14,1.669,0.683
CA_32637,47,2024-02-13,0.931,1.391,0.67
CA_32637,47,2024-02-14,0.974,1.484,0.656
CA_32637,47,2024-02-15,1.014,1.576,0.643
CA_32637,47,2024-02-16,0.935,1.484,0.63
CA_32637,47,2024-02-17,0.858,1.391,0.617
CA_32637,47,2024-02-18,1.288,2.133,0.604
CA_32637,47,2024-02-19,1.534,2.596,0.591
CA_32637,47,2024-02-20,1.074,1.762,0.61
CA_32637,47,2024-02-21,1.049,1.669,0.628
CA_32637,47,2024-02-22,1.44,2.225,0.647
CA_32637,47,2024-02-23,1.297,1.947,0.666
CA_32637,47,2024-02-24,1.08,1.576,0.685
CA_32637,47,2024-02-25,1.37,1.947,0.704
CA_32637,47,2024-02-26,1.407,1.947,0.722
CA_32637,47,2024-02-27,1.65,2.225,0.741
CA_32637,47,2024-02-28,1.727,2.318,0.745
CA_32637,47,2024-02-29,1.597,2.133,0.749
CA_32637,47,2024-03-01,1.159,1.539,0.753
CA_32637,47,2024-03-02,1.37,1.811,0.756
CA_32637,47,2024-03-03,1.308,1.72,0.76
CA_32637,47,2024-03-04,1.107,1.449,0.764
CA_32637,47,2024-03-05,1.599,2.082,0.768
CA_32637,47,2024-03-06,1.677,2.173,0.772
CA_32637,47,2024-03-07,1.755,2.264,0.775
CA_32637,47,2024-03-08,1.834,2.354,0.779
CA_32637,47,2024-03-09,1.843,2.354,0.783
CA_32637,47,2024-03-10,1.924,2.445,0.787
CA_32637,47,2024-03-11,1.79,2.264,0.791
CA_32637,47,2024-03-12,1.151,1.449,0.794
CA_32637,47,2024-03-13,2.457,3.078,0.798
CA_32637,47,2024-03-14,3.631,4.527,0.802
CA_32637,47,2024-03-15,2.968,3.712,0.8
CA_32637,47,2024-03-16,2.887,3.622,0.797
CA_32637,47,2024-03-17,2.95,3.712,0.795
CA_32637,47,2024-03-18,2.583,3.259,0.792
CA_32637,47,2024-03-19,2.646,3.35,0.79
CA_32637,47,2024-03-20,3.351,4.255,0.787
CA_32637,47,2024-03-21,2.985,3.803,0.785
CA_32637,47,2024-03-22,2.48,3.169,0.783
CA_32637,47,2024-03-23,1.669,2.082,0.801
CA_32637,47,2024-03-24,2.227,2.716,0.82
CA_32637,47,2024-03-25,2.354,2.807,0.839
CA_32637,47,2024-03-26,2.872,3.35,0.857
CA_32637,47,2024-03-27,2.142,2.445,0.876
CA_32637,47,2024-03-28,2.349,2.626,0.895
CA_32637,47,2024-03-29,1.985,2.173,0.913
CA_32637,47,2024-03-30,2.532,2.716,0.932
CA_32637,47,2024-03-31,2.824,2.988,0.945
CA_32637,47,2024-04-01,3.962,4.134,0.958
CA_32637,47,2024-04-02,3.674,3.783,0.971
CA_32637,47,2024-04-03,4.069,4.134,0.984
CA_32637,47,2024-04-04,1.404,1.407,0.997
CA_32637,47,2024-04-05,2.133,2.111,1.01
CA_32637,47,2024-04-06,3.061,2.991,1.023
CA_32637,47,2024-04-07,3.92,3.783,1.036
CA_32637,47,2024-04-08,4.551,4.398,1.035
CA_32637,47,2024-04-09,4.09,3.959,1.033
CA_32637,47,2024-04-10,4.537,4.398,1.032
CA_32637,47,2024-04-11,4.44,4.31,1.03
CA_32637,47,2024-04-12,4.524,4.398,1.028
CA_32637,47,2024-04-13,1.265,1.232,1.027
CA_32637,47,2024-04-14,2.165,2.111,1.025
CA_32637,47,2024-04-15,2.792,2.727,1.024
CA_32637,47,2024-04-16,3.507,3.431,1.022
CA_32637,47,2024-04-17,4.22,4.134,1.021
CA_32637,47,2024-04-18,4.124,4.047,1.019
CA_32637,47,2024-04-19,5.012,4.926,1.017
CA_32637,47,2024-04-20,5.273,5.19,1.016
CA_32637,47,2024-04-21,5.175,5.102,1.014
CA_32637,47,2024-04-22,5.078,5.014,1.013
CA_32637,47,2024-04-23,4.092,4.047,1.011
CA_32637,47,2024-04-24,3.763,3.783,0.995
CA_32637,47,2024-04-25,4.39,4.486,0.979
CA_32637,47,2024-04-26,3.894,4.047,0.962
CA_32637,47,2024-04-27,4.411,4.662,0.946
CA_32637,47,2024-04-28,5.153,5.542,0.93
CA_32637,47,2024-04-29,5.706,6.246,0.914
CA_32637,47,2024-04-30,5.446,6.07,0.897
CA_32637,47,2024-05-01,5.839,6.628,0.881
CA_32637,47,2024-05-02,5.492,6.197,0.886
CA_32637,47,2024-05-03,5.294,5.939,0.891
CA_32637,47,2024-05-04,1.158,1.291,0.897
CA_32637,47,2024-05-05,3.804,4.218,0.902
CA_32637,47,2024-05-06,4.138,4.562,0.907
CA_32637,47,2024-05-07,4.634,5.078,0.912
CA_32637,47,2024-05-08,5.687,6.197,0.918
CA_32637,47,2024-05-09,5.164,5.595,0.923
CA_32637,47,2024-05-10,5.904,6.369,0.927
CA_32637,47,2024-05-11,6.171,6.628,0.931
CA_32637,47,2024-05-12,6.278,6.714,0.935
CA_32637,47,2024-05-13,6.063,6.455,0.939
CA_32637,47,2024-05-14,6.252,6.628,0.943
CA_32637,47,2024-05-15,6.36,6.714,0.947
CA_32637,47,2024-05-16,5.978,6.283,0.951
CA_32637,47,2024-05-17,5.181,5.423,0.956
CA_32637,47,2024-05-18,5.146,5.423,0.949
CA_32637,47,2024-05-19,4.867,5.164,0.942
CA_32637,47,2024-05-20,5.961,6.369,0.936
CA_32637,47,2024-05-21,6.719,7.23,0.929
CA_32637,47,2024-05-22,6.116,6.628,0.923
CA_32637,47,2024-05-23,5.836,6.369,0.916
CA_32637,47,2024-05-24,4.933,5.423,0.91
CA_32637,47,2024-05-25,4.664,5.164,0.903
CA_32637,47,2024-05-26,5.193,5.767,0.9
CA_32637,47,2024-05-27,5.719,6.369,0.898
CA_32637,47,2024-05-28,5.934,6.628,0.895
CA_32637,47,2024-05-29,6.608,7.402,0.893
CA_32637,47,2024-05-30,6.896,7.747,0.89
CA_32637,47,2024-05-31,6.876,7.747,0.888
CA_32637,47,2024-06-01,6.043,6.828,0.885
CA_32637,47,2024-06-02,5.724,6.487,0.882
CA_32637,47,2024-06-03,5.42,6.146,0.882
CA_32637,47,2024-06-04,7.372,8.365,0.881
CA_32637,47,2024-06-05,6.992,7.938,0.881
CA_32637,47,2024-06-06,7.363,8.365,0.88
CA_32637,47,2024-06-07,6.232,7.084,0.88
CA_32637,47,2024-06-08,5.178,5.889,0.879
CA_32637,47,2024-06-09,5.624,6.402,0.879
CA_32637,47,2024-06-10,6.295,7.17,0.878
CA_32637,47,2024-06-11,6.657,7.618,0.874
CA_32637,47,2024-06-12,6.416,7.358,0.872
CA_32637,47,2024-06-13,6.118,7.05,0.867
CA_32637,47,2024-06-14,5.874,6.794,0.864
CA_32637,47,2024-06-15,5.683,6.589,0.862
CA_32637,47,2024-06-16,5.81,6.743,0.862
CA_32637,47,2024-06-17,6.04,7.016,0.861
CA_32637,47,2024-06-18,5.977,6.948,0.86
CA_32637,47,2024-06-19,6.163,7.17,0.86
CA_32637,47,2024-06-20,6.415,7.477,0.858
CA_32637,47,2024-06-21,6.292,7.358,0.855
CA_32637,47,2024-06-22,6.164,7.238,0.852
CA_32637,47,2024-06-23,6.437,7.596,0.847
CA_32637,47,2024-06-24,6.296,7.477,0.842
CA_32637,47,2024-06-25,5.999,7.17,0.836
CA_32637,47,2024-06-26,5.607,6.743,0.831
CA_32637,47,2024-06-27,5.666,6.863,0.825
CA_32637,47,2024-06-28,5.688,6.931,0.821
CA_32637,47,2024-06-29,5.788,7.08,0.818
CA_32637,47,2024-06-30,5.841,7.161,0.816
CA_32637,47,2024-07-01,6.069,7.447,0.815
CA_32637,47,2024-07-02,6.012,7.374,0.815
CA_32637,47,2024-07-03,5.913,7.25,0.816
CA_32637,47,2024-07-04,5.804,7.113,0.816
CA_32637,47,2024-07-05,5.778,7.079,0.816
CA_32637,47,2024-07-06,5.807,7.114,0.816
CA_32637,47,2024-07-07,5.656,6.926,0.817
CA_32637,47,2024-07-08,5.533,6.773,0.817
CA_32637,47,2024-07-09,5.758,7.046,0.817
CA_32637,47,2024-07-10,5.899,7.216,0.817
CA_32637,47,2024-07-11,6.109,7.471,0.818
CA_32637,47,2024-07-12,6.557,8.016,0.818
CA_32637,47,2024-07-13,6.893,8.424,0.818
CA_32637,47,2024-07-14,6.802,8.305,0.819
CA_32637,47,2024-07-15,6.642,8.101,0.82
CA_32637,47,2024-07-16,6.291,7.658,0.822
CA_32637,47,2024-07-17,5.774,7.011,0.824
CA_32637,47,2024-07-18,5.372,6.501,0.827
CA_32637,47,2024-07-19,5.151,6.212,0.829
CA_32637,47,2024-07-20,5.211,6.263,0.832
CA_32637,47,2024-07-21,5.356,6.416,0.835
CA_32637,47,2024-07-22,5.763,6.875,0.838
CA_32637,47,2024-07-23,5.96,7.08,0.842
CA_32637,47,2024-07-24,6.221,7.352,0.846
CA_32637,47,2024-07-25,6.445,7.573,0.851
CA_32637,47,2024-07-26,6.586,7.692,0.856
CA_32637,47,2024-07-27,6.497,7.539,0.862
CA_32637,47,2024-07-28,6.627,7.641,0.867
CA_32637,47,2024-07-29,6.488,7.437,0.873
CA_32637,47,2024-07-30,6.298,7.189,0.876
CA_32637,47,2024-07-31,6.391,7.279,0.878
CA_32637,47,2024-08-01,6.381,7.267,0.878
CA_32637,47,2024-08-02,6.313,7.205,0.877
CA_32637,47,2024-08-03,6.266,7.178,0.873
CA_32637,47,2024-08-04,6.228,7.161,0.869
CA_32637,47,2024-08-05,5.996,6.924,0.866
CA_32637,47,2024-08-06,5.826,6.755,0.862
CA_32637,47,2024-08-07,5.639,6.57,0.858
CA_32637,47,2024-08-08,5.554,6.502,0.854
CA_32637,47,2024-08-09,5.537,6.519,0.849
CA_32637,47,2024-08-10,5.503,6.519,0.844
CA_32637,47,2024-08-11,5.495,6.553,0.839
CA_32637,47,2024-08-12,5.752,6.908,0.833
CA_32637,47,2024-08-13,6.063,7.33,0.828
CA_32637,47,2024-08-14,6.206,7.55,0.822
CA_32637,47,2024-08-15,6.033,7.364,0.819
CA_32637,47,2024-08-16,5.792,7.077,0.819
CA_32637,47,2024-08-17,5.316,6.486,0.821
CA_32637,47,2024-08-18,4.968,6.03,0.825
CA_32637,47,2024-08-19,4.962,5.962,0.831
CA_32637,47,2024-08-20,5.145,6.131,0.838
CA_32637,47,2024-08-21,5.353,6.334,0.845
CA_32637,47,2024-08-22,5.505,6.469,0.851
CA_32637,47,2024-08-23,5.816,6.807,0.855
CA_32637,47,2024-08-24,6.005,7.026,0.855
CA_32637,47,2024-08-25,6.185,7.263,0.853
CA_32637,47,2024-08-26,6.233,7.364,0.847
CA_32637,47,2024-08-27,6.264,7.465,0.838
CA_32637,47,2024-08-28,5.976,7.195,0.829
CA_32637,47,2024-08-29,5.563,6.773,0.82
CA_32637,47,2024-08-30,5.339,6.579,0.812
CA_32637,47,2024-08-31,5.259,6.523,0.806
CA_32637,47,2024-09-01,5.257,6.534,0.805
CA_32637,47,2024-09-02,5.429,6.728,0.807
CA_32637,47,2024-09-03,5.336,6.573,0.812
CA_32637,47,2024-09-04,5.316,6.474,0.821
CA_32637,47,2024-09-05,5.122,6.175,0.831
CA_32637,47,2024-09-06,4.869,5.81,0.84
CA_32637,47,2024-09-07,4.547,5.362,0.849
CA_32637,47,2024-09-08,4.436,5.196,0.855
CA_32637,47,2024-09-09,4.254,4.963,0.857
CA_32637,47,2024-09-10,4.291,5.013,0.856
CA_32637,47,2024-09-11,4.561,5.362,0.852
CA_32637,47,2024-09-12,4.714,5.594,0.844
CA_32637,47,2024-09-13,4.95,5.926,0.836
CA_32637,47,2024-09-14,4.571,5.511,0.828
CA_32637,47,2024-09-15,4.45,5.412,0.821
CA_32637,47,2024-09-16,4.067,4.98,0.815
CA_32637,47,2024-09-17,3.739,4.598,0.813
CA_32637,47,2024-09-18,3.48,4.283,0.813
CA_32637,47,2024-09-19,3.776,4.631,0.815
CA_32637,47,2024-09-20,3.828,4.665,0.82
CA_32637,47,2024-09-21,4.03,4.88,0.825
CA_32637,47,2024-09-22,4.233,5.096,0.83
CA_32637,47,2024-09-23,4.258,5.096,0.836
CA_32637,47,2024-09-24,4.323,5.163,0.838
CA_32637,47,2024-09-25,4.057,4.847,0.836
CA_32637,47,2024-09-26,3.709,4.449,0.832
CA_32637,47,2024-09-27,3.309,4.001,0.824
CA_32637,47,2024-09-28,3.047,3.735,0.814
CA_32637,47,2024-09-29,2.747,3.423,0.803
CA_32637,47,2024-09-30,2.765,3.493,0.792
CA_32637,47,2024-10-01,2.912,3.734,0.782
CA_32637,47,2024-10-02,3.135,4.042,0.777
CA_32637,47,2024-10-03,3.316,4.266,0.777
CA_32637,47,2024-10-04,3.311,4.232,0.783
CA_32637,47,2024-10-05,3.369,4.249,0.795
CA_32637,47,2024-10-06,3.449,4.249,0.813
CA_32637,47,2024-10-07,3.605,4.335,0.83
CA_32637,47,2024-10-08,3.656,4.301,0.848
CA_32637,47,2024-10-09,3.565,4.13,0.865
CA_32637,47,2024-10-10,3.467,3.976,0.875
CA_32637,47,2024-10-11,3.392,3.874,0.878
CA_32637,47,2024-10-12,3.297,3.789,0.873
CA_32637,47,2024-10-13,3.118,3.635,0.862
CA_32637,47,2024-10-14,3.203,3.806,0.842
CA_32637,47,2024-10-15,3.4,4.13,0.823
CA_32637,47,2024-10-16,3.295,4.096,0.804
CA_32637,47,2024-10-17,3.027,3.857,0.785
CA_32637,47,2024-10-18,3.016,3.959,0.762
CA_32637,47,2024-10-19,2.99,4.062,0.736
CA_32637,47,2024-10-20,2.733,3.874,0.706
CA_32637,47,2024-10-21,2.571,3.823,0.672
CA_32637,47,2024-10-22,2.375,3.703,0.635
CA_32637,47,2024-10-23,2.149,3.567,0.598
CA_32637,47,2024-10-24,1.972,3.515,0.561
CA_32637,47,2024-10-25,2.005,3.891,0.524
CA_32637,47,2024-10-26,1.846,3.754,0.498
CA_32637,47,2024-10-27,1.877,3.908,0.483
CA_32637,47,2024-10-28,1.837,3.857,0.479
CA_32637,47,2024-10-29,1.703,3.549,0.486
CA_32637,47,2024-10-30,1.382,2.77,0.504
CA_32637,47,2024-10-31,1.364,2.642,0.522
CA_32637,47,2024-11-01,1.307,2.429,0.54
CA_32637,47,2024-11-02,1.383,2.457,0.558
CA_32637,47,2024-11-03,1.493,2.587,0.573
CA_32637,47,2024-11-04,1.656,2.83,0.584
CA_32637,47,2024-11-05,1.612,2.726,0.591
CA_32637,47,2024-11-06,1.592,2.674,0.596
CA_32637,47,2024-11-07,1.532,2.57,0.596
CA_32637,47,2024-11-08,1.545,2.587,0.597
CA_32637,47,2024-11-09,1.444,2.413,0.598
CA_32637,47,2024-11-10,1.477,2.465,0.599
CA_32637,47,2024-11-11,1.461,2.431,0.601
CA_32637,47,2024-11-12,1.375,2.274,0.605
CA_32637,47,2024-11-13,1.315,2.153,0.61
CA_32637,47,2024-11-14,1.328,2.153,0.617
CA_32637,47,2024-11-15,1.267,2.031,0.625
CA_32637,47,2024-11-16,1.217,1.927,0.633
CA_32637,47,2024-11-17,1.29,2.014,0.641
CA_32637,47,2024-11-18,1.263,1.944,0.649
CA_32637,47,2024-11-19,1.254,1.91,0.656
CA_32637,47,2024-11-20,1.239,1.875,0.662
CA_32637,47,2024-11-21,1.352,2.031,0.666
CA_32637,47,2024-11-22,1.209,1.806,0.67
CA_32637,47,2024-11-23,1.402,2.083,0.672
CA_32637,47,2024-11-24,1.49,2.205,0.675
CA_32637,47,2024-11-25,1.422,2.101,0.678
CA_32637,47,2024-11-26,1.19,1.753,0.68
CA_32637,47,2024-11-27,1.134,1.667,0.683
CA_32637,47,2024-11-28,0.76,1.111,0.685
CA_32637,47,2024-11-29,0.565,0.821,0.688
CA_32637,47,2024-11-30,0.512,0.743,0.69
CA_32637,47,2024-12-01,0.486,0.702,0.693
CA_32637,47,2024-12-02,0.409,0.589,0.695
CA_32637,47,2024-12-03,0.41,0.588,0.698
CA_32637,47,2024-12-04,0.537,0.764,0.701
CA_32637,47,2024-12-05,0.727,1.038,0.701
CA_32637,47,2024-12-06,0.806,1.155,0.698
CA_32637,47,2024-12-07,0.857,1.234,0.693
CA_32637,47,2024-12-08,0.865,1.253,0.685
CA_32637,47,2024-12-09,0.692,1.018,0.674
CA_32637,47,2024-12-10,0.585,0.881,0.664
CA_32637,47,2024-12-11,0.512,0.783,0.654
CA_32637,47,2024-12-12,0.528,0.822,0.643
CA_32637,47,2024-12-13,0.633,0.999,0.636
CA_32637,47,2024-12-14,0.68,1.077,0.632
CA_32637,47,2024-12-15,0.817,1.293,0.631
CA_32637,47,2024-12-16,1.07,1.684,0.633
CA_32637,47,2024-12-17,1.076,1.684,0.639
CA_32637,47,2024-12-18,1.046,1.625,0.644
CA_32637,47,2024-12-19,1.208,1.86,0.65
CA_32637,47,2024-12-20,1.154,1.763,0.655
CA_32637,47,2024-12-21,0.892,1.351,0.661
CA_32637,47,2024-12-22,0.871,1.312,0.666
CA_32637,47,2024-12-23,0.865,1.293,0.672
CA_32637,47,2024-12-24,0.702,1.038,0.677
CA_32637,47,2024-12-25,0.644,0.94,0.683
CA_32637,47,2024-12-26,0.701,1.018,0.688
CA_32637,47,2024-12-27,0.774,1.116,0.694
CA_32637,47,2024-12-28,0.726,1.038,0.699
CA_32637,47,2024-12-29,0.703,0.999,0.705
CA_32637,47,2024-12-30,0.675,0.954,0.708
CA_32637,47,2024-12-31,0.695,0.979,0.71
CA_32667,61,2024-01-01,0.722,0.854,0.846
CA_32667,61,2024-01-02,0.403,0.474,0.85
CA_32667,61,2024-01-03,0.892,1.043,0.855
CA_32667,61,2024-01-04,1.466,1.707,0.859
CA_32667,61,2024-01-05,0.982,1.138,0.863
CA_32667,61,2024-01-06,0.822,0.948,0.867
CA_32667,61,2024-01-07,1.074,1.233,0.871
CA_32667,61,2024-01-08,0.83,0.948,0.875
CA_32667,61,2024-01-09,1.001,1.138,0.879
CA_32667,61,2024-01-10,1.005,1.138,0.883
CA_32667,61,2024-01-11,1.094,1.233,0.888
CA_32667,61,2024-01-12,0.676,0.759,0.892
CA_32667,61,2024-01-13,0.727,0.812,0.896
CA_32667,61,2024-01-14,1.024,1.138,0.9
CA_32667,61,2024-01-15,0.686,0.759,0.904
CA_32667,61,2024-01-16,0.823,0.907,0.908
CA_32667,61,2024-01-17,0.865,0.948,0.912
CA_32667,61,2024-01-18,0.869,0.948,0.916
CA_32667,61,2024-01-19,1.096,1.191,0.92
CA_32667,61,2024-01-20,1.228,1.328,0.925
CA_32667,61,2024-01-21,1.145,1.233,0.929
CA_32667,61,2024-01-22,0.708,0.759,0.933
CA_32667,61,2024-01-23,1.155,1.233,0.937
CA_32667,61,2024-01-24,0.714,0.759,0.941
CA_32667,61,2024-01-25,1.255,1.328,0.945
CA_32667,61,2024-01-26,0.94,0.99,0.949
CA_32667,61,2024-01-27,0.854,0.895,0.953
CA_32667,61,2024-01-28,1.18,1.233,0.957
CA_32667,61,2024-01-29,1.51,1.571,0.962
CA_32667,61,2024-01-30,1.74,1.802,0.966
CA_32667,61,2024-01-31,2.207,2.276,0.97
CA_32667,61,2024-02-01,1.131,1.162,0.974
CA_32667,61,2024-02-02,1.176,1.202,0.978
CA_32667,61,2024-02-03,1.272,1.295,0.982
CA_32667,61,2024-02-04,1.511,1.532,0.986
CA_32667,61,2024-02-05,1.374,1.387,0.99
CA_32667,61,2024-02-06,1.012,1.017,0.994
CA_32667,61,2024-02-07,1.016,1.017,0.999
CA_32667,61,2024-02-08,0.927,0.925,1.003
CA_32667,61,2024-02-09,1.49,1.48,1.007
CA_32667,61,2024-02-10,1.403,1.387,1.011
CA_32667,61,2024-02-11,1.502,1.48,1.015
CA_32667,61,2024-02-12,1.465,1.48,0.99
CA_32667,61,2024-02-13,1.339,1.387,0.965
CA_32667,61,2024-02-14,1.304,1.387,0.94
CA_32667,61,2024-02-15,1.355,1.48,0.915
CA_32667,61,2024-02-16,1.281,1.439,0.89
CA_32667,61,2024-02-17,1.041,1.202,0.865
CA_32667,61,2024-02-18,1.598,1.902,0.84
CA_32667,61,2024-02-19,1.961,2.405,0.815
CA_32667,61,2024-02-20,1.463,1.757,0.832
CA_32667,61,2024-02-21,1.414,1.665,0.849
CA_32667,61,2024-02-22,1.763,2.035,0.866
CA_32667,61,2024-02-23,1.553,1.757,0.883
CA_32667,61,2024-02-24,1.333,1.48,0.9
CA_32667,61,2024-02-25,1.527,1.665,0.917
CA_32667,61,2024-02-26,1.729,1.85,0.934
CA_32667,61,2024-02-27,1.936,2.035,0.951
CA_32667,61,2024-02-28,2.106,2.22,0.949
CA_32667,61,2024-02-29,1.751,1.85,0.946
CA_32667,61,2024-03-01,1.371,1.453,0.944
CA_32667,61,2024-03-02,1.71,1.816,0.941
CA_32667,61,2024-03-03,1.535,1.635,0.939
CA_32667,61,2024-03-04,1.36,1.453,0.936
CA_32667,61,2024-03-05,1.781,1.907,0.934
CA_32667,61,2024-03-06,1.945,2.089,0.931
CA_32667,61,2024-03-07,1.94,2.089,0.929
CA_32667,61,2024-03-08,2.018,2.18,0.926
CA_32667,61,2024-03-09,2.06,2.23,0.923
CA_32667,61,2024-03-10,2.175,2.361,0.921
CA_32667,61,2024-03-11,2.085,2.27,0.918
CA_32667,61,2024-03-12,1.331,1.453,0.916
CA_32667,61,2024-03-13,2.535,2.775,0.913
CA_32667,61,2024-03-14,3.51,3.854,0.911
CA_32667,61,2024-03-15,2.976,3.269,0.91
CA_32667,61,2024-03-16,3.056,3.36,0.91
CA_32667,61,2024-03-17,3.137,3.451,0.909
CA_32667,61,2024-03-18,2.805,3.088,0.908
CA_32667,61,2024-03-19,3.086,3.4,0.908
CA_32667,61,2024-03-20,3.707,4.087,0.907
CA_32667,61,2024-03-21,3.412,3.764,0.906
CA_32667,61,2024-03-22,2.879,3.179,0.906
CA_32667,61,2024-03-23,1.956,2.049,0.954
CA_32667,61,2024-03-24,2.551,2.543,1.003
CA_32667,61,2024-03-25,2.823,2.685,1.052
CA_32667,61,2024-03-26,3.597,3.269,1.1
CA_32667,61,2024-03-27,2.608,2.27,1.149
CA_32667,61,2024-03-28,3.093,2.583,1.197
CA_32667,61,2024-03-29,2.716,2.18,1.246
CA_32667,61,2024-03-30,3.41,2.634,1.295
CA_32667,61,2024-03-31,3.688,2.906,1.269
CA_32667,61,2024-04-01,4.779,3.843,1.243
CA_32667,61,2024-04-02,4.357,3.578,1.218
CA_32667,61,2024-04-03,4.957,4.158,1.192
CA_32667,61,2024-04-04,1.755,1.504,1.167
CA_32667,61,2024-04-05,2.265,1.985,1.141
CA_32667,61,2024-04-06,3.399,3.047,1.115
CA_32667,61,2024-04-07,3.953,3.627,1.09
CA_32667,61,2024-04-08,4.27,3.932,1.086
CA_32667,61,2024-04-09,3.968,3.666,1.082
CA_32667,61,2024-04-10,4.527,4.197,1.078
CA_32667,61,2024-04-11,4.374,4.07,1.075
CA_32667,61,2024-04-12,4.791,4.473,1.071
CA_32667,61,2024-04-13,1.564,1.465,1.067
CA_32667,61,2024-04-14,2.258,2.123,1.063
CA_32667,61,2024-04-15,2.771,2.615,1.06
CA_32667,61,2024-04-16,3.602,3.412,1.056
CA_32667,61,2024-04-17,4.282,4.07,1.052
CA_32667,61,2024-04-18,4.174,3.981,1.048
CA_32667,61,2024-04-19,4.991,4.778,1.045
CA_32667,61,2024-04-20,5.249,5.043,1.041
CA_32667,61,2024-04-21,5.138,4.955,1.037
CA_32667,61,2024-04-22,5.028,4.866,1.033
CA_32667,61,2024-04-23,4.19,4.07,1.03
CA_32667,61,2024-04-24,3.746,3.716,1.008
CA_32667,61,2024-04-25,4.364,4.424,0.987
CA_32667,61,2024-04-26,3.549,3.677,0.965
CA_32667,61,2024-04-27,4.211,4.463,0.944
CA_32667,61,2024-04-28,4.977,5.397,0.922
CA_32667,61,2024-04-29,5.259,5.839,0.901
CA_32667,61,2024-04-30,4.779,5.436,0.879
CA_32667,61,2024-05-01,5.215,6.08,0.858
CA_32667,61,2024-05-02,5.058,5.781,0.875
CA_32667,61,2024-05-03,4.846,5.433,0.892
CA_32667,61,2024-05-04,1.266,1.392,0.909
CA_32667,61,2024-05-05,3.663,3.954,0.926
CA_32667,61,2024-05-06,4.105,4.35,0.944
CA_32667,61,2024-05-07,4.635,4.824,0.961
CA_32667,61,2024-05-08,5.436,5.558,0.978
CA_32667,61,2024-05-09,5.32,5.346,0.995
CA_32667,61,2024-05-10,6.095,6.167,0.988
CA_32667,61,2024-05-11,6.185,6.303,0.981
CA_32667,61,2024-05-12,6.433,6.602,0.974
CA_32667,61,2024-05-13,6.182,6.39,0.968
CA_32667,61,2024-05-14,6.258,6.515,0.961
CA_32667,61,2024-05-15,6.26,6.564,0.954
CA_32667,61,2024-05-16,5.849,6.177,0.947
CA_32667,61,2024-05-17,5.27,5.607,0.94
CA_32667,61,2024-05-18,5.181,5.52,0.939
CA_32667,61,2024-05-19,4.976,5.307,0.938
CA_32667,61,2024-05-20,5.739,6.129,0.936
CA_32667,61,2024-05-21,6.219,6.651,0.935
CA_32667,61,2024-05-22,6.212,6.651,0.934
CA_32667,61,2024-05-23,5.762,6.177,0.933
CA_32667,61,2024-05-24,5.106,5.481,0.932
CA_32667,61,2024-05-25,4.776,5.133,0.93
CA_32667,61,2024-05-26,5.273,5.694,0.926
CA_32667,61,2024-05-27,5.731,6.216,0.922
CA_32667,61,2024-05-28,5.989,6.525,0.918
CA_32667,61,2024-05-29,6.473,7.086,0.913
CA_32667,61,2024-05-30,6.601,7.26,0.909
CA_32667,61,2024-05-31,6.57,7.26,0.905
CA_32667,61,2024-06-01,5.979,6.638,0.901
CA_32667,61,2024-06-02,5.524,6.161,0.897
CA_32667,61,2024-06-03,4.911,5.523,0.889
CA_32667,61,2024-06-04,6.079,6.895,0.882
CA_32667,61,2024-06-05,6.478,7.409,0.874
CA_32667,61,2024-06-06,6.869,7.923,0.867
CA_32667,61,2024-06-07,5.935,6.905,0.859
CA_32667,61,2024-06-08,4.926,5.781,0.852
CA_32667,61,2024-06-09,5.285,6.257,0.845
CA_32667,61,2024-06-10,5.629,6.723,0.837
CA_32667,61,2024-06-11,6.413,8.245,0.778
CA_32667,61,2024-06-12,6.424,8.249,0.779
CA_32667,61,2024-06-13,6.451,8.266,0.78
CA_32667,61,2024-06-14,6.146,7.879,0.78
CA_32667,61,2024-06-15,6.002,7.718,0.777
CA_32667,61,2024-06-16,5.824,7.531,0.772
CA_32667,61,2024-06-17,5.692,7.411,0.767
CA_32667,61,2024-06-18,5.402,7.085,0.762
CA_32667,61,2024-06-19,5.466,7.223,0.757
CA_32667,61,2024-06-20,5.464,7.264,0.752
CA_32667,61,2024-06-21,5.771,7.735,0.746
CA_32667,61,2024-06-22,5.973,8.078,0.74
CA_32667,61,2024-06-23,6.282,8.575,0.733
CA_32667,61,2024-06-24,6.497,8.96,0.726
CA_32667,61,2024-06-25,7.049,9.807,0.719
CA_32667,61,2024-06-26,7.268,10.209,0.712
CA_32667,61,2024-06-27,7.171,10.165,0.705
CA_32667,61,2024-06-28,6.804,9.668,0.704
CA_32667,61,2024-06-29,6.479,9.162,0.708
CA_32667,61,2024-06-30,6.077,8.484,0.719
CA_32667,61,2024-07-01,5.49,7.508,0.735
CA_32667,61,2024-07-02,5.258,6.968,0.757
CA_32667,61,2024-07-03,5.207,6.71,0.779
CA_32667,61,2024-07-04,5.066,6.343,0.801
CA_32667,61,2024-07-05,5.101,6.198,0.822
CA_32667,61,2024-07-06,5.473,6.531,0.837
CA_32667,61,2024-07-07,5.726,6.771,0.845
CA_32667,61,2024-07-08,6.079,7.19,0.846
CA_32667,61,2024-07-09,6.239,7.429,0.84
CA_32667,61,2024-07-10,6.38,7.711,0.827
CA_32667,61,2024-07-11,6.276,7.703,0.815
CA_32667,61,2024-07-12,6.097,7.601,0.802
CA_32667,61,2024-07-13,6.064,7.696,0.789
CA_32667,61,2024-07-14,6.253,8.046,0.778
CA_32667,61,2024-07-15,6.343,8.259,0.769
CA_32667,61,2024-07-16,6.335,8.318,0.762
CA_32667,61,2024-07-17,6.653,8.788,0.757
CA_32667,61,2024-07-18,6.902,9.155,0.754
CA_32667,61,2024-07-19,7.034,9.368,0.751
CA_32667,61,2024-07-20,7.203,9.633,0.748
CA_32667,61,2024-07-21,7.345,9.855,0.745
CA_32667,61,2024-07-22,6.98,9.368,0.745
CA_32667,61,2024-07-23,6.585,8.805,0.749
CA_32667,61,2024-07-24,6.344,8.413,0.755
CA_32667,61,2024-07-25,6.054,7.919,0.765
CA_32667,61,2024-07-26,6.141,7.885,0.778
CA_32667,61,2024-07-27,6.321,7.995,0.79
CA_32667,61,2024-07-28,6.292,7.841,0.803
CA_32667,61,2024-07-29,6.019,7.395,0.816
CA_32667,61,2024-07-30,5.64,6.866,0.823
CA_32667,61,2024-07-31,5.344,6.482,0.825
CA_32667,61,2024-08-01,5.427,6.619,0.822
CA_32667,61,2024-08-02,5.396,6.66,0.813
CA_32667,61,2024-08-03,5.131,6.423,0.798
CA_32667,61,2024-08-04,5.139,6.535,0.784
CA_32667,61,2024-08-05,5.133,6.662,0.769
CA_32667,61,2024-08-06,4.858,6.448,0.755
CA_32667,61,2024-08-07,4.708,6.372,0.741
CA_32667,61,2024-08-08,4.959,6.806,0.729
CA_32667,61,2024-08-09,5.108,7.112,0.718
CA_32667,61,2024-08-10,5.052,7.139,0.708
CA_32667,61,2024-08-11,5.11,7.319,0.699
CA_32667,61,2024-08-12,5.318,7.718,0.69
CA_32667,61,2024-08-13,5.412,7.949,0.681
CA_32667,61,2024-08-14,5.418,8.059,0.672
CA_32667,61,2024-08-15,5.364,8.032,0.668
CA_32667,61,2024-08-16,5.553,8.32,0.667
CA_32667,61,2024-08-17,5.577,8.31,0.671
CA_32667,61,2024-08-18,5.523,8.15,0.678
CA_32667,61,2024-08-19,5.379,7.818,0.69
CA_32667,61,2024-08-20,5.449,7.794,0.701
CA_32667,61,2024-08-21,5.179,7.275,0.713
CA_32667,61,2024-08-22,5.078,7.005,0.724
CA_32667,61,2024-08-23,5.189,7.08,0.732
CA_32667,61,2024-08-24,5.251,7.131,0.736
CA_32667,61,2024-08-25,5.029,6.825,0.736
CA_32667,61,2024-08-26,4.838,6.596,0.732
CA_32667,61,2024-08-27,4.721,6.511,0.725
CA_32667,61,2024-08-28,4.585,6.399,0.717
CA_32667,61,2024-08-29,4.736,6.689,0.709
CA_32667,61,2024-08-30,4.884,6.969,0.702
CA_32667,61,2024-08-31,5.417,7.809,0.695
CA_32667,61,2024-09-01,5.806,8.444,0.689
CA_32667,61,2024-09-02,6.024,8.821,0.683
CA_32667,61,2024-09-03,6.119,9.018,0.679
CA_32667,61,2024-09-04,6.036,8.934,0.675
CA_32667,61,2024-09-05,5.743,8.549,0.671
CA_32667,61,2024-09-06,5.628,8.432,0.668
CA_32667,61,2024-09-07,5.415,8.157,0.664
CA_32667,61,2024-09-08,5.108,7.681,0.666
CA_32667,61,2024-09-09,5.113,7.614,0.673
CA_32667,61,2024-09-10,4.923,7.205,0.687
CA_32667,61,2024-09-11,4.417,6.294,0.706
CA_32667,61,2024-09-12,4.098,5.651,0.731
CA_32667,61,2024-09-13,3.857,5.149,0.756
CA_32667,61,2024-09-14,3.651,4.707,0.78
CA_32667,61,2024-09-15,3.509,4.365,0.805
CA_32667,61,2024-09-16,3.194,3.889,0.823
CA_32667,61,2024-09-17,2.847,3.42,0.833
CA_32667,61,2024-09-18,2.66,3.179,0.836
CA_32667,61,2024-09-19,2.471,2.969,0.831
CA_32667,61,2024-09-20,2.398,2.943,0.819
CA_32667,61,2024-09-21,2.687,3.352,0.807
CA_32667,61,2024-09-22,3.122,3.945,0.795
CA_32667,61,2024-09-23,3.461,4.437,0.783
CA_32667,61,2024-09-24,3.773,4.889,0.773
CA_32667,61,2024-09-25,3.933,5.14,0.766
CA_32667,61,2024-09-26,4.083,5.367,0.761
CA_32667,61,2024-09-27,4.053,5.343,0.759
CA_32667,61,2024-09-28,3.907,5.151,0.759
CA_32667,61,2024-09-29,3.791,4.998,0.758
CA_32667,61,2024-09-30,3.591,4.735,0.758
CA_32667,61,2024-10-01,3.435,4.529,0.758
CA_32667,61,2024-10-02,3.445,4.551,0.757
CA_32667,61,2024-10-03,3.531,4.681,0.754
CA_32667,61,2024-10-04,3.617,4.822,0.751
CA_32667,61,2024-10-05,3.719,4.991,0.746
CA_32667,61,2024-10-06,3.694,4.998,0.739
CA_32667,61,2024-10-07,3.68,5.022,0.733
CA_32667,61,2024-10-08,3.504,4.82,0.726
CA_32667,61,2024-10-09,3.35,4.652,0.72
CA_32667,61,2024-10-10,3.285,4.595,0.715
CA_32667,61,2024-10-11,3.157,4.436,0.712
CA_32667,61,2024-10-12,3.046,4.292,0.71
CA_32667,61,2024-10-13,3.058,4.309,0.71
CA_32667,61,2024-10-14,2.856,4.015,0.712
CA_32667,61,2024-10-15,2.64,3.703,0.713
CA_32667,61,2024-10-16,2.593,3.628,0.715
CA_32667,61,2024-10-17,2.558,3.57,0.716
CA_32667,61,2024-10-18,2.47,3.426,0.721
CA_32667,61,2024-10-19,2.699,3.703,0.728
CA_32667,61,2024-10-20,2.699,3.662,0.738
CA_32667,61,2024-10-21,2.758,3.679,0.75
CA_32667,61,2024-10-22,2.536,3.326,0.766
CA_32667,61,2024-10-23,2.48,3.193,0.781
CA_32667,61,2024-10-24,2.32,2.917,0.796
CA_32667,61,2024-10-25,2.273,2.806,0.812
CA_32667,61,2024-10-26,2.115,2.52,0.84
CA_32667,61,2024-10-27,2.51,2.823,0.883
CA_32667,61,2024-10-28,2.667,2.831,0.938
CA_32667,61,2024-10-29,2.547,2.545,1.007
CA_32667,61,2024-10-30,2.488,2.341,1.09
CA_32667,61,2024-10-31,2.366,2.11,1.172
CA_32667,61,2024-11-01,2.158,1.756,1.251
CA_32667,61,2024-11-02,2.039,1.526,1.313
CA_32667,61,2024-11-03,2.015,1.455,1.358
CA_32667,61,2024-11-04,1.921,1.359,1.387
CA_32667,61,2024-11-05,1.808,1.274,1.389
CA_32667,61,2024-11-06,1.435,1.017,1.368
CA_32667,61,2024-11-07,1.216,0.906,1.336
CA_32667,61,2024-11-08,1.172,0.916,1.294
CA_32667,61,2024-11-09,1.137,0.926,1.243
CA_32667,61,2024-11-10,1.251,1.063,1.191
CA_32667,61,2024-11-11,1.421,1.251,1.143
CA_32667,61,2024-11-12,1.385,1.259,1.1
CA_32667,61,2024-11-13,1.39,1.318,1.061
CA_32667,61,2024-11-14,1.407,1.369,1.027
CA_32667,61,2024-11-15,1.334,1.335,0.997
CA_32667,61,2024-11-16,1.278,1.325,0.966
CA_32667,61,2024-11-17,1.224,1.301,0.936
CA_32667,61,2024-11-18,1.058,1.164,0.906
CA_32667,61,2024-11-19,0.998,1.129,0.88
CA_32667,61,2024-11-20,0.986,1.147,0.858
CA_32667,61,2024-11-21,0.904,1.078,0.84
CA_32667,61,2024-11-22,0.961,1.164,0.827
CA_32667,61,2024-11-23,0.987,1.207,0.818
CA_32667,61,2024-11-24,1.052,1.301,0.809
CA_32667,61,2024-11-25,1.019,1.274,0.8
CA_32667,61,2024-11-26,1.136,1.438,0.791
CA_32667,61,2024-11-27,1.079,1.386,0.778
CA_32667,61,2024-11-28,1.021,1.335,0.76
CA_32667,61,2024-11-29,0.856,1.142,0.737
CA_32667,61,2024-11-30,0.749,1.026,0.709
CA_32667,61,2024-12-01,0.514,0.746,0.676
CA_32667,61,2024-12-02,0.453,0.703,0.644
CA_32667,61,2024-12-03,0.413,0.686,0.611
CA_32667,61,2024-12-04,0.42,0.733,0.579
CA_32667,61,2024-12-05,0.422,0.752,0.563
CA_32667,61,2024-12-06,0.457,0.809,0.564
CA_32667,61,2024-12-07,0.505,0.858,0.581
CA_32667,61,2024-12-08,0.575,0.915,0.615
CA_32667,61,2024-12-09,0.658,0.972,0.666
CA_32667,61,2024-12-10,0.692,0.972,0.717
CA_32667,61,2024-12-11,0.718,0.953,0.767
CA_32667,61,2024-12-12,0.671,0.838,0.818
CA_32667,61,2024-12-13,0.612,0.724,0.858
CA_32667,61,2024-12-14,0.556,0.629,0.888
CA_32667,61,2024-12-15,0.534,0.591,0.906
CA_32667,61,2024-12-16,0.488,0.534,0.915
CA_32667,61,2024-12-17,0.469,0.514,0.912
CA_32667,61,2024-12-18,0.485,0.533,0.91
CA_32667,61,2024-12-19,0.501,0.552,0.908
CA_32667,61,2024-12-20,0.5,0.552,0.905
CA_32667,61,2024-12-21,0.499,0.552,0.903
CA_32667,61,2024-12-22,0.498,0.552,0.901
CA_32667,61,2024-12-23,0.462,0.514,0.898
CA_32667,61,2024-12-24,0.444,0.495,0.896
CA_32667,61,2024-12-25,0.409,0.457,0.894
CA_32667,61,2024-12-26,0.442,0.495,0.891
CA_32667,61,2024-12-27,0.474,0.534,0.889
CA_32667,61,2024-12-28,0.617,0.697,0.887
CA_32667,61,2024-12-29,0.599,0.678,0.884
CA_32667,61,2024-12-30,0.685,0.776,0.883
CA_32667,61,2024-12-31,0.716,0.812,0.882
CA_35772,36,2024-01-01,0.74,0.956,0.774
CA_35772,36,2024-01-02,0.293,0.382,0.767
CA_35772,36,2024-01-03,0.727,0.956,0.76
CA_35772,36,2024-01-04,1.441,1.912,0.754
CA_35772,36,2024-01-05,1.0,1.338,0.747
CA_35772,36,2024-01-06,0.849,1.147,0.741
CA_35772,36,2024-01-07,1.052,1.434,0.734
CA_35772,36,2024-01-08,0.973,1.338,0.727
CA_35772,36,2024-01-09,0.896,1.243,0.721
CA_35772,36,2024-01-10,0.751,1.051,0.714
CA_35772,36,2024-01-11,0.947,1.338,0.707
CA_35772,36,2024-01-12,0.536,0.765,0.701
CA_35772,36,2024-01-13,0.531,0.765,0.694
CA_35772,36,2024-01-14,0.92,1.338,0.688
CA_35772,36,2024-01-15,0.586,0.86,0.681
CA_35772,36,2024-01-16,0.709,1.051,0.674
CA_35772,36,2024-01-17,0.702,1.051,0.668
CA_35772,36,2024-01-18,0.569,0.86,0.661
CA_35772,36,2024-01-19,0.813,1.243,0.655
CA_35772,36,2024-01-20,0.867,1.338,0.648
CA_35772,36,2024-01-21,0.797,1.243,0.641
CA_35772,36,2024-01-22,0.546,0.86,0.635
CA_35772,36,2024-01-23,0.841,1.338,0.628
CA_35772,36,2024-01-24,0.535,0.86,0.621
CA_35772,36,2024-01-25,0.823,1.338,0.615
CA_35772,36,2024-01-26,0.64,1.051,0.608
CA_35772,36,2024-01-27,0.633,1.051,0.602
CA_35772,36,2024-01-28,0.796,1.338,0.595
CA_35772,36,2024-01-29,1.069,1.816,0.588
CA_35772,36,2024-01-30,0.945,1.625,0.582
CA_35772,36,2024-01-31,1.209,2.103,0.575
CA_35772,36,2024-02-01,0.727,1.279,0.569
CA_35772,36,2024-02-02,0.719,1.279,0.562
CA_35772,36,2024-02-03,0.66,1.188,0.555
CA_35772,36,2024-02-04,0.852,1.553,0.549
CA_35772,36,2024-02-05,0.743,1.371,0.542
CA_35772,36,2024-02-06,0.489,0.914,0.535
CA_35772,36,2024-02-07,0.532,1.005,0.529
CA_35772,36,2024-02-08,0.477,0.914,0.522
CA_35772,36,2024-02-09,0.707,1.371,0.516
CA_35772,36,2024-02-10,0.791,1.553,0.509
CA_35772,36,2024-02-11,0.826,1.645,0.502
CA_35772,36,2024-02-12,0.803,1.553,0.517
CA_35772,36,2024-02-13,0.68,1.279,0.531
CA_35772,36,2024-02-14,0.748,1.371,0.546
CA_35772,36,2024-02-15,0.87,1.553,0.56
CA_35772,36,2024-02-16,0.788,1.371,0.575
CA_35772,36,2024-02-17,0.7,1.188,0.589
CA_35772,36,2024-02-18,1.269,2.102,0.604
CA_35772,36,2024-02-19,1.638,2.65,0.618
CA_35772,36,2024-02-20,1.027,1.736,0.592
CA_35772,36,2024-02-21,0.93,1.645,0.565
CA_35772,36,2024-02-22,1.083,2.01,0.539
CA_35772,36,2024-02-23,0.937,1.828,0.513
CA_35772,36,2024-02-24,0.711,1.462,0.486
CA_35772,36,2024-02-25,0.84,1.828,0.46
CA_35772,36,2024-02-26,0.792,1.828,0.433
CA_35772,36,2024-02-27,0.892,2.193,0.407
CA_35772,36,2024-02-28,0.89,2.193,0.406
CA_35772,36,2024-02-29,0.813,2.01,0.404
CA_35772,36,2024-03-01,0.697,1.73,0.403
CA_35772,36,2024-03-02,0.732,1.821,0.402
CA_35772,36,2024-03-03,0.62,1.548,0.401
CA_35772,36,2024-03-04,0.545,1.365,0.399
CA_35772,36,2024-03-05,0.87,2.185,0.398
CA_35772,36,2024-03-06,0.795,2.003,0.397
CA_35772,36,2024-03-07,0.9,2.276,0.396
CA_35772,36,2024-03-08,0.969,2.458,0.394
CA_35772,36,2024-03-09,0.859,2.185,0.393
CA_35772,36,2024-03-10,0.928,2.367,0.392
CA_35772,36,2024-03-11,0.853,2.185,0.391
CA_35772,36,2024-03-12,0.496,1.274,0.389
CA_35772,36,2024-03-13,1.237,3.186,0.388
CA_35772,36,2024-03-14,1.691,4.369,0.387
CA_35772,36,2024-03-15,1.549,3.914,0.396
CA_35772,36,2024-03-16,1.399,3.459,0.404
CA_35772,36,2024-03-17,1.504,3.641,0.413
CA_35772,36,2024-03-18,1.306,3.095,0.422
CA_35772,36,2024-03-19,1.411,3.277,0.431
CA_35772,36,2024-03-20,1.72,3.914,0.439
CA_35772,36,2024-03-21,1.632,3.641,0.448
CA_35772,36,2024-03-22,1.331,2.913,0.457
CA_35772,36,2024-03-23,0.968,2.003,0.483
CA_35772,36,2024-03-24,1.439,2.822,0.51
CA_35772,36,2024-03-25,1.416,2.64,0.536
CA_35772,36,2024-03-26,1.793,3.186,0.563
CA_35772,36,2024-03-27,1.341,2.276,0.589
CA_35772,36,2024-03-28,1.569,2.549,0.616
CA_35772,36,2024-03-29,1.461,2.276,0.642
CA_35772,36,2024-03-30,1.947,2.913,0.668
CA_35772,36,2024-03-31,1.834,2.64,0.695
CA_35772,36,2024-04-01,2.684,3.72,0.721
CA_35772,36,2024-04-02,2.716,3.632,0.748
CA_35772,36,2024-04-03,2.812,3.632,0.774
CA_35772,36,2024-04-04,0.993,1.24,0.801
CA_35772,36,2024-04-05,1.539,1.86,0.827
CA_35772,36,2024-04-06,2.419,2.835,0.854
CA_35772,36,2024-04-07,3.04,3.455,0.88
CA_35772,36,2024-04-08,4.052,4.341,0.934
CA_35772,36,2024-04-09,3.761,3.809,0.987
CA_35772,36,2024-04-10,4.242,4.075,1.041
CA_35772,36,2024-04-11,4.557,4.163,1.095
CA_35772,36,2024-04-12,4.781,4.163,1.148
CA_35772,36,2024-04-13,1.171,0.974,1.202
CA_35772,36,2024-04-14,2.781,2.215,1.256
CA_35772,36,2024-04-15,3.595,2.746,1.309
CA_35772,36,2024-04-16,4.098,3.278,1.25
CA_35772,36,2024-04-17,4.749,3.986,1.191
CA_35772,36,2024-04-18,4.414,3.898,1.132
CA_35772,36,2024-04-19,4.945,4.606,1.074
CA_35772,36,2024-04-20,4.944,4.872,1.015
CA_35772,36,2024-04-21,4.572,4.783,0.956
CA_35772,36,2024-04-22,4.211,4.695,0.897
CA_35772,36,2024-04-23,3.266,3.898,0.838
CA_35772,36,2024-04-24,2.939,3.632,0.809
CA_35772,36,2024-04-25,3.319,4.252,0.781
CA_35772,36,2024-04-26,2.797,3.72,0.752
CA_35772,36,2024-04-27,3.203,4.429,0.723
CA_35772,36,2024-04-28,3.506,5.049,0.694
CA_35772,36,2024-04-29,3.656,5.492,0.666
CA_35772,36,2024-04-30,3.668,5.758,0.637
CA_35772,36,2024-05-01,3.961,6.512,0.608
CA_35772,36,2024-05-02,3.787,5.991,0.632
CA_35772,36,2024-05-03,3.644,5.557,0.656
CA_35772,36,2024-05-04,0.826,1.216,0.68
CA_35772,36,2024-05-05,2.809,3.994,0.703
CA_35772,36,2024-05-06,3.22,4.428,0.727
CA_35772,36,2024-05-07,3.717,4.949,0.751
CA_35772,36,2024-05-08,4.844,6.251,0.775
CA_35772,36,2024-05-09,4.23,5.296,0.799
CA_35772,36,2024-05-10,4.914,6.165,0.797
CA_35772,36,2024-05-11,5.181,6.512,0.796
CA_35772,36,2024-05-12,5.033,6.338,0.794
CA_35772,36,2024-05-13,4.886,6.165,0.793
CA_35772,36,2024-05-14,4.945,6.251,0.791
CA_35772,36,2024-05-15,5.21,6.599,0.789
CA_35772,36,2024-05-16,4.652,5.904,0.788
CA_35772,36,2024-05-17,4.165,5.296,0.786
CA_35772,36,2024-05-18,4.179,5.296,0.789
CA_35772,36,2024-05-19,4.124,5.209,0.792
CA_35772,36,2024-05-20,4.965,6.251,0.794
CA_35772,36,2024-05-21,5.605,7.033,0.797
CA_35772,36,2024-05-22,5.068,6.338,0.8
CA_35772,36,2024-05-23,5.084,6.338,0.802
CA_35772,36,2024-05-24,4.472,5.557,0.805
CA_35772,36,2024-05-25,4.066,5.036,0.807
CA_35772,36,2024-05-26,4.444,5.644,0.787
CA_35772,36,2024-05-27,4.598,5.991,0.767
CA_35772,36,2024-05-28,4.543,6.078,0.747
CA_35772,36,2024-05-29,4.99,6.859,0.728
CA_35772,36,2024-05-30,5.16,7.293,0.708
CA_35772,36,2024-05-31,5.015,7.293,0.688
CA_35772,36,2024-06-01,4.228,6.333,0.668
CA_35772,36,2024-06-02,3.991,6.162,0.648
CA_35772,36,2024-06-03,3.698,5.563,0.665
CA_35772,36,2024-06-04,5.428,7.959,0.682
CA_35772,36,2024-06-05,5.205,7.446,0.699
CA_35772,36,2024-06-06,5.64,7.874,0.716
CA_35772,36,2024-06-07,4.896,6.676,0.733
CA_35772,36,2024-06-08,4.239,5.649,0.751
CA_35772,36,2024-06-09,4.665,6.077,0.768
CA_35772,36,2024-06-10,5.373,6.847,0.785
CA_35772,36,2024-06-11,5.491,7.895,0.696
CA_35772,36,2024-06-12,5.256,7.702,0.681
CA_35772,36,2024-06-13,4.801,7.326,0.652
CA_35772,36,2024-06-14,4.33,6.898,0.622
CA_35772,36,2024-06-15,3.778,6.299,0.593
CA_35772,36,2024-06-16,3.499,6.196,0.564
CA_35772,36,2024-06-17,3.392,6.248,0.545
CA_35772,36,2024-06-18,3.464,6.487,0.535
CA_35772,36,2024-06-19,3.687,6.881,0.535
CA_35772,36,2024-06-20,4.175,7.634,0.545
CA_35772,36,2024-06-21,4.566,8.045,0.565
CA_35772,36,2024-06-22,4.792,8.182,0.584
CA_35772,36,2024-06-23,4.824,8.011,0.604
CA_35772,36,2024-06-24,4.997,8.045,0.623
CA_35772,36,2024-06-25,4.927,7.754,0.637
CA_35772,36,2024-06-26,4.681,7.258,0.645
CA_35772,36,2024-06-27,4.741,7.326,0.647
CA_35772,36,2024-06-28,4.898,7.617,0.643
CA_35772,36,2024-06-29,4.901,7.748,0.634
CA_35772,36,2024-06-30,4.819,7.728,0.624
CA_35772,36,2024-07-01,4.641,7.54,0.614
CA_35772,36,2024-07-02,4.272,7.045,0.604
CA_35772,36,2024-07-03,4.033,6.719,0.599
CA_35772,36,2024-07-04,4.017,6.719,0.597
CA_35772,36,2024-07-05,4.303,7.158,0.599
CA_35772,36,2024-07-06,4.803,7.901,0.605
CA_35772,36,2024-07-07,5.31,8.61,0.615
CA_35772,36,2024-07-08,5.688,9.1,0.625
CA_35772,36,2024-07-09,5.574,8.796,0.635
CA_35772,36,2024-07-10,5.264,8.188,0.645
CA_35772,36,2024-07-11,5.017,7.749,0.649
CA_35772,36,2024-07-12,4.813,7.462,0.646
CA_35772,36,2024-07-13,4.675,7.361,0.637
CA_35772,36,2024-07-14,4.753,7.681,0.622
CA_35772,36,2024-07-15,4.898,8.188,0.6
CA_35772,36,2024-07-16,4.828,8.357,0.578
CA_35772,36,2024-07-17,4.615,8.272,0.557
CA_35772,36,2024-07-18,4.33,8.053,0.535
CA_35772,36,2024-07-19,4.034,7.715,0.521
CA_35772,36,2024-07-20,3.829,7.445,0.514
CA_35772,36,2024-07-21,3.82,7.428,0.514
CA_35772,36,2024-07-22,4.03,7.715,0.521
CA_35772,36,2024-07-23,4.464,8.306,0.535
CA_35772,36,2024-07-24,4.885,8.863,0.549
CA_35772,36,2024-07-25,5.142,9.117,0.563
CA_35772,36,2024-07-26,5.239,9.083,0.578
CA_35772,36,2024-07-27,5.296,8.948,0.594
CA_35772,36,2024-07-28,5.21,8.543,0.611
CA_35772,36,2024-07-29,5.103,8.104,0.631
CA_35772,36,2024-07-30,5.156,7.911,0.652
CA_35772,36,2024-07-31,5.371,7.953,0.675
CA_35772,36,2024-08-01,5.454,7.812,0.698
CA_35772,36,2024-08-02,5.812,8.038,0.721
CA_35772,36,2024-08-03,5.98,8.032,0.744
CA_35772,36,2024-08-04,6.152,8.115,0.758
CA_35772,36,2024-08-05,6.029,7.899,0.763
CA_35772,36,2024-08-06,5.934,7.815,0.758
CA_35772,36,2024-08-07,5.447,7.3,0.744
CA_35772,36,2024-08-08,5.397,7.483,0.721
CA_35772,36,2024-08-09,5.109,7.333,0.698
CA_35772,36,2024-08-10,4.923,7.3,0.675
CA_35772,36,2024-08-11,4.699,7.2,0.652
CA_35772,36,2024-08-12,4.57,7.183,0.634
CA_35772,36,2024-08-13,4.165,6.701,0.621
CA_35772,36,2024-08-14,3.951,6.452,0.612
CA_35772,36,2024-08-15,3.99,6.552,0.609
CA_35772,36,2024-08-16,4.154,6.801,0.611
CA_35772,36,2024-08-17,4.277,6.984,0.612
CA_35772,36,2024-08-18,4.318,7.034,0.614
CA_35772,36,2024-08-19,4.174,6.784,0.616
CA_35772,36,2024-08-20,3.873,6.285,0.617
CA_35772,36,2024-08-21,3.537,5.737,0.617
CA_35772,36,2024-08-22,3.228,5.238,0.616
CA_35772,36,2024-08-23,3.077,5.005,0.615
CA_35772,36,2024-08-24,3.158,5.155,0.613
CA_35772,36,2024-08-25,3.138,5.138,0.611
CA_35772,36,2024-08-26,3.057,5.022,0.609
CA_35772,36,2024-08-27,3.007,4.955,0.607
CA_35772,36,2024-08-28,2.932,4.872,0.602
CA_35772,36,2024-08-29,2.894,4.889,0.593
CA_35772,36,2024-08-30,2.925,5.047,0.582
CA_35772,36,2024-08-31,3.006,5.322,0.567
CA_35772,36,2024-09-01,3.075,5.613,0.55
CA_35772,36,2024-09-02,3.121,5.871,0.532
CA_35772,36,2024-09-03,3.038,5.912,0.514
CA_35772,36,2024-09-04,2.953,5.945,0.497
CA_35772,36,2024-09-05,2.93,6.044,0.485
CA_35772,36,2024-09-06,2.915,6.094,0.478
CA_35772,36,2024-09-07,2.926,6.127,0.477
CA_35772,36,2024-09-08,2.946,6.11,0.482
CA_35772,36,2024-09-09,3.057,6.209,0.492
CA_35772,36,2024-09-10,2.993,5.962,0.503
CA_35772,36,2024-09-11,2.837,5.549,0.513
CA_35772,36,2024-09-12,2.72,5.218,0.523
CA_35772,36,2024-09-13,2.663,5.07,0.527
CA_35772,36,2024-09-14,2.492,4.773,0.523
CA_35772,36,2024-09-15,2.39,4.674,0.512
CA_35772,36,2024-09-16,2.366,4.789,0.494
CA_35772,36,2024-09-17,2.324,4.954,0.469
CA_35772,36,2024-09-18,2.175,4.905,0.444
CA_35772,36,2024-09-19,2.041,4.872,0.419
CA_35772,36,2024-09-20,1.966,4.987,0.394
CA_35772,36,2024-09-21,1.974,5.103,0.386
CA_35772,36,2024-09-22,2.006,5.07,0.395
CA_35772,36,2024-09-23,2.168,5.136,0.421
CA_35772,36,2024-09-24,2.437,5.252,0.464
CA_35772,36,2024-09-25,2.694,5.169,0.523
CA_35772,36,2024-09-26,2.828,4.905,0.583
CA_35772,36,2024-09-27,2.856,4.542,0.643
CA_35772,36,2024-09-28,2.832,4.129,0.702
CA_35772,36,2024-09-29,2.845,3.875,0.742
CA_35772,36,2024-09-30,2.764,3.634,0.763
CA_35772,36,2024-10-01,2.492,3.244,0.764
CA_35772,36,2024-10-02,2.305,3.055,0.745
CA_35772,36,2024-10-03,2.217,3.109,0.707
CA_35772,36,2024-10-04,2.126,3.214,0.669
CA_35772,36,2024-10-05,2.233,3.651,0.631
CA_35772,36,2024-10-06,2.361,4.053,0.593
CA_35772,36,2024-10-07,2.46,4.367,0.565
CA_35772,36,2024-10-08,2.31,4.21,0.546
CA_35772,36,2024-10-09,2.087,3.878,0.537
CA_35772,36,2024-10-10,1.964,3.651,0.538
CA_35772,36,2024-10-11,2.036,3.703,0.548
CA_35772,36,2024-10-12,2.116,3.773,0.558
CA_35772,36,2024-10-13,2.226,3.913,0.569
CA_35772,36,2024-10-14,2.361,4.088,0.579
CA_35772,36,2024-10-15,2.195,3.756,0.586
CA_35772,36,2024-10-16,2.066,3.511,0.589
CA_35772,36,2024-10-17,1.874,3.179,0.589
CA_35772,36,2024-10-18,1.791,3.057,0.585
CA_35772,36,2024-10-19,1.813,3.144,0.578
CA_35772,36,2024-10-20,1.85,3.249,0.57
CA_35772,36,2024-10-21,1.808,3.214,0.563
CA_35772,36,2024-10-22,1.826,3.284,0.556
CA_35772,36,2024-10-23,1.911,3.459,0.552
CA_35772,36,2024-10-24,1.772,3.214,0.551
CA_35772,36,2024-10-25,1.711,3.092,0.554
CA_35772,36,2024-10-26,1.789,3.197,0.559
CA_35772,36,2024-10-27,1.836,3.232,0.569
CA_35772,36,2024-10-28,1.922,3.319,0.578
CA_35772,36,2024-10-29,1.886,3.214,0.587
CA_35772,36,2024-10-30,1.907,3.207,0.596
CA_35772,36,2024-10-31,1.897,3.148,0.603
CA_35772,36,2024-11-01,1.989,3.266,0.609
CA_35772,36,2024-11-02,1.96,3.191,0.613
CA_35772,36,2024-11-03,2.148,3.484,0.616
CA_35772,36,2024-11-04,2.195,3.555,0.617
CA_35772,36,2024-11-05,2.209,3.573,0.618
CA_35772,36,2024-11-06,2.147,3.467,0.619
CA_35772,36,2024-11-07,1.863,3.004,0.621
CA_35772,36,2024-11-08,1.604,2.578,0.623
CA_35772,36,2024-11-09,1.434,2.293,0.627
CA_35772,36,2024-11-10,1.221,1.938,0.632
CA_35772,36,2024-11-11,1.114,1.742,0.639
CA_35772,36,2024-11-12,1.185,1.831,0.646
CA_35772,36,2024-11-13,1.127,1.724,0.654
CA_35772,36,2024-11-14,1.057,1.6,0.662
CA_35772,36,2024-11-15,1.045,1.564,0.67
CA_35772,36,2024-11-16,0.934,1.386,0.675
CA_35772,36,2024-11-17,0.829,1.226,0.676
CA_35772,36,2024-11-18,0.862,1.28,0.673
CA_35772,36,2024-11-19,0.97,1.458,0.668
CA_35772,36,2024-11-20,1.003,1.529,0.658
CA_35772,36,2024-11-21,0.946,1.458,0.649
CA_35772,36,2024-11-22,0.914,1.422,0.64
CA_35772,36,2024-11-23,0.835,1.316,0.631
CA_35772,36,2024-11-24,0.688,1.102,0.622
CA_35772,36,2024-11-25,0.59,0.96,0.614
CA_35772,36,2024-11-26,0.551,0.907,0.607
CA_35772,36,2024-11-27,0.555,0.925,0.6
CA_35772,36,2024-11-28,0.539,0.907,0.594
CA_35772,36,2024-11-29,0.499,0.847,0.588
CA_35772,36,2024-11-30,0.481,0.827,0.582
CA_35772,36,2024-12-01,0.539,0.937,0.576
CA_35772,36,2024-12-02,0.588,1.033,0.571
CA_35772,36,2024-12-03,0.571,1.011,0.566
CA_35772,36,2024-12-04,0.58,1.03,0.563
CA_35772,36,2024-12-05,0.588,1.049,0.56
CA_35772,36,2024-12-06,0.521,0.933,0.558
CA_35772,36,2024-12-07,0.465,0.836,0.557
CA_35772,36,2024-12-08,0.485,0.875,0.555
CA_35772,36,2024-12-09,0.527,0.952,0.553
CA_35772,36,2024-12-10,0.556,1.011,0.551
CA_35772,36,2024-12-11,0.618,1.127,0.549
CA_35772,36,2024-12-12,0.699,1.283,0.546
CA_35772,36,2024-12-13,0.728,1.341,0.543
CA_35772,36,2024-12-14,0.775,1.438,0.539
CA_35772,36,2024-12-15,0.73,1.36,0.536
CA_35772,36,2024-12-16,0.705,1.322,0.533
CA_35772,36,2024-12-17,0.608,1.147,0.529
CA_35772,36,2024-12-18,0.593,1.127,0.526
CA_35772,36,2024-12-19,0.518,0.991,0.522
CA_35772,36,2024-12-20,0.525,1.011,0.519
CA_35772,36,2024-12-21,0.531,1.03,0.516
CA_35772,36,2024-12-22,0.518,1.011,0.512
CA_35772,36,2024-12-23,0.504,0.991,0.509
CA_35772,36,2024-12-24,0.511,1.011,0.505
CA_35772,36,2024-12-25,0.642,1.283,0.502
CA_35772,36,2024-12-26,0.725,1.458,0.499
CA_35772,36,2024-12-27,0.743,1.497,0.497
CA_35772,36,2024-12-28,0.75,1.516,0.495
CA_35772,36,2024-12-29,0.739,1.497,0.494
CA_35772,36,2024-12-30,0.636,1.288,0.493
CA_35772,36,2024-12-31,0.511,1.037,0.493
CA_36095,61,2024-01-01,0.621,0.91,0.682
CA_36095,61,2024-01-02,0.278,0.404,0.689
CA_36095,61,2024-01-03,0.562,0.809,0.695
CA_36095,61,2024-01-04,1.206,1.719,0.701
CA_36095,61,2024-01-05,0.859,1.213,0.708
CA_36095,61,2024-01-06,0.722,1.011,0.714
CA_36095,61,2024-01-07,1.02,1.415,0.721
CA_36095,61,2024-01-08,0.735,1.011,0.727
CA_36095,61,2024-01-09,0.89,1.213,0.734
CA_36095,61,2024-01-10,0.823,1.112,0.74
CA_36095,61,2024-01-11,1.057,1.415,0.746
CA_36095,61,2024-01-12,0.609,0.809,0.753
CA_36095,61,2024-01-13,0.614,0.809,0.759
CA_36095,61,2024-01-14,0.929,1.213,0.766
CA_36095,61,2024-01-15,0.625,0.809,0.772
CA_36095,61,2024-01-16,0.787,1.011,0.779
CA_36095,61,2024-01-17,0.794,1.011,0.785
CA_36095,61,2024-01-18,0.72,0.91,0.791
CA_36095,61,2024-01-19,0.887,1.112,0.798
CA_36095,61,2024-01-20,0.976,1.213,0.804
CA_36095,61,2024-01-21,1.066,1.314,0.811
CA_36095,61,2024-01-22,0.661,0.809,0.817
CA_36095,61,2024-01-23,1.083,1.314,0.824
CA_36095,61,2024-01-24,0.671,0.809,0.83
CA_36095,61,2024-01-25,1.184,1.415,0.837
CA_36095,61,2024-01-26,0.852,1.011,0.843
CA_36095,61,2024-01-27,0.859,1.011,0.849
CA_36095,61,2024-01-28,1.038,1.213,0.856
CA_36095,61,2024-01-29,1.308,1.516,0.862
CA_36095,61,2024-01-30,1.317,1.516,0.869
CA_36095,61,2024-01-31,1.681,1.921,0.875
CA_36095,61,2024-02-01,1.201,1.363,0.882
CA_36095,61,2024-02-02,1.21,1.363,0.888
CA_36095,61,2024-02-03,1.045,1.168,0.894
CA_36095,61,2024-02-04,1.403,1.558,0.901
CA_36095,61,2024-02-05,1.237,1.363,0.907
CA_36095,61,2024-02-06,0.978,1.071,0.914
CA_36095,61,2024-02-07,0.985,1.071,0.92
CA_36095,61,2024-02-08,0.992,1.071,0.927
CA_36095,61,2024-02-09,1.272,1.363,0.933
CA_36095,61,2024-02-10,1.372,1.46,0.939
CA_36095,61,2024-02-11,1.473,1.558,0.946
CA_36095,61,2024-02-12,1.398,1.46,0.957
CA_36095,61,2024-02-13,1.32,1.363,0.969
CA_36095,61,2024-02-14,1.336,1.363,0.98
CA_36095,61,2024-02-15,1.544,1.558,0.992
CA_36095,61,2024-02-16,1.367,1.363,1.003
CA_36095,61,2024-02-17,1.086,1.071,1.014
CA_36095,61,2024-02-18,1.997,1.947,1.026
CA_36095,61,2024-02-19,2.827,2.726,1.037
CA_36095,61,2024-02-20,1.837,1.752,1.049
CA_36095,61,2024-02-21,1.857,1.752,1.06
CA_36095,61,2024-02-22,2.19,2.044,1.071
CA_36095,61,2024-02-23,2.003,1.85,1.083
CA_36095,61,2024-02-24,1.704,1.558,1.094
CA_36095,61,2024-02-25,2.045,1.85,1.106
CA_36095,61,2024-02-26,2.175,1.947,1.117
CA_36095,61,2024-02-27,2.527,2.239,1.129
CA_36095,61,2024-02-28,2.288,2.044,1.119
CA_36095,61,2024-02-29,2.16,1.947,1.109
CA_36095,61,2024-03-01,1.876,1.706,1.1
CA_36095,61,2024-03-02,2.17,1.99,1.09
CA_36095,61,2024-03-03,1.639,1.516,1.081
CA_36095,61,2024-03-04,1.421,1.327,1.071
CA_36095,61,2024-03-05,2.012,1.895,1.062
CA_36095,61,2024-03-06,1.994,1.895,1.052
CA_36095,61,2024-03-07,2.371,2.274,1.043
CA_36095,61,2024-03-08,2.447,2.369,1.033
CA_36095,61,2024-03-09,2.328,2.274,1.023
CA_36095,61,2024-03-10,2.402,2.369,1.014
CA_36095,61,2024-03-11,2.189,2.18,1.004
CA_36095,61,2024-03-12,1.414,1.422,0.995
CA_36095,61,2024-03-13,3.081,3.127,0.985
CA_36095,61,2024-03-14,3.976,4.075,0.976
CA_36095,61,2024-03-15,3.488,3.601,0.968
CA_36095,61,2024-03-16,3.188,3.317,0.961
CA_36095,61,2024-03-17,3.255,3.412,0.954
CA_36095,61,2024-03-18,2.871,3.033,0.947
CA_36095,61,2024-03-19,3.117,3.317,0.94
CA_36095,61,2024-03-20,3.623,3.886,0.932
CA_36095,61,2024-03-21,3.332,3.601,0.925
CA_36095,61,2024-03-22,2.523,2.748,0.918
CA_36095,61,2024-03-23,1.933,2.085,0.927
CA_36095,61,2024-03-24,2.752,2.938,0.937
CA_36095,61,2024-03-25,2.6,2.748,0.946
CA_36095,61,2024-03-26,3.078,3.222,0.955
CA_36095,61,2024-03-27,2.102,2.18,0.964
CA_36095,61,2024-03-28,2.492,2.559,0.974
CA_36095,61,2024-03-29,2.236,2.274,0.983
CA_36095,61,2024-03-30,2.821,2.843,0.992
CA_36095,61,2024-03-31,2.753,2.748,1.002
CA_36095,61,2024-04-01,3.755,3.714,1.011
CA_36095,61,2024-04-02,3.604,3.533,1.02
CA_36095,61,2024-04-03,3.823,3.714,1.029
CA_36095,61,2024-04-04,1.6,1.54,1.039
CA_36095,61,2024-04-05,1.994,1.902,1.048
CA_36095,61,2024-04-06,3.065,2.899,1.057
CA_36095,61,2024-04-07,3.768,3.533,1.067
CA_36095,61,2024-04-08,4.467,4.167,1.072
CA_36095,61,2024-04-09,3.905,3.624,1.078
CA_36095,61,2024-04-10,4.317,3.986,1.083
CA_36095,61,2024-04-11,4.537,4.167,1.089
CA_36095,61,2024-04-12,4.262,3.895,1.094
CA_36095,61,2024-04-13,1.195,1.087,1.1
CA_36095,61,2024-04-14,2.703,2.446,1.105
CA_36095,61,2024-04-15,3.119,2.808,1.111
CA_36095,61,2024-04-16,3.64,3.261,1.116
CA_36095,61,2024-04-17,4.37,3.895,1.122
CA_36095,61,2024-04-18,4.493,3.986,1.127
CA_36095,61,2024-04-19,5.234,4.62,1.133
CA_36095,61,2024-04-20,5.672,4.982,1.138
CA_36095,61,2024-04-21,5.492,4.801,1.144
CA_36095,61,2024-04-22,5.519,4.801,1.149
CA_36095,61,2024-04-23,4.604,3.986,1.155
CA_36095,61,2024-04-24,4.314,3.805,1.134
CA_36095,61,2024-04-25,4.738,4.258,1.113
CA_36095,61,2024-04-26,4.351,3.986,1.092
CA_36095,61,2024-04-27,4.946,4.62,1.071
CA_36095,61,2024-04-28,5.419,5.164,1.049
CA_36095,61,2024-04-29,5.683,5.526,1.028
CA_36095,61,2024-04-30,5.475,5.435,1.007
CA_36095,61,2024-05-01,6.186,6.273,0.986
CA_36095,61,2024-05-02,5.682,5.735,0.991
CA_36095,61,2024-05-03,5.352,5.377,0.995
CA_36095,61,2024-05-04,1.344,1.344,1.0
CA_36095,61,2024-05-05,4.141,4.122,1.005
CA_36095,61,2024-05-06,4.431,4.391,1.009
CA_36095,61,2024-05-07,4.996,4.929,1.014
CA_36095,61,2024-05-08,6.205,6.093,1.018
CA_36095,61,2024-05-09,5.317,5.197,1.023
CA_36095,61,2024-05-10,6.154,6.093,1.01
CA_36095,61,2024-05-11,6.344,6.362,0.997
CA_36095,61,2024-05-12,6.173,6.273,0.984
CA_36095,61,2024-05-13,6.092,6.273,0.971
CA_36095,61,2024-05-14,6.011,6.273,0.958
CA_36095,61,2024-05-15,6.184,6.542,0.945
CA_36095,61,2024-05-16,5.431,5.825,0.932
CA_36095,61,2024-05-17,4.861,5.287,0.919
CA_36095,61,2024-05-18,4.35,5.287,0.823
CA_36095,61,2024-05-19,3.97,5.466,0.726
CA_36095,61,2024-05-20,3.893,6.183,0.63
CA_36095,61,2024-05-21,3.583,6.721,0.533
CA_36095,61,2024-05-22,2.777,6.362,0.437
CA_36095,61,2024-05-23,2.132,6.273,0.34
CA_36095,61,2024-05-24,1.308,5.377,0.243
CA_36095,61,2024-05-25,0.736,5.018,0.147
CA_36095,61,2024-05-26,1.288,5.645,0.228
CA_36095,61,2024-05-27,1.914,6.183,0.31
CA_36095,61,2024-05-28,2.453,6.273,0.391
CA_36095,61,2024-05-29,3.218,6.81,0.472
CA_36095,61,2024-05-30,3.921,7.079,0.554
CA_36095,61,2024-05-31,4.498,7.079,0.635
CA_36095,61,2024-06-01,4.558,6.359,0.717
CA_36095,61,2024-06-02,5.005,6.271,0.798
CA_36095,61,2024-06-03,4.292,5.653,0.759
CA_36095,61,2024-06-04,5.6,7.772,0.721
CA_36095,61,2024-06-05,4.997,7.331,0.682
CA_36095,61,2024-06-06,4.997,7.772,0.643
CA_36095,61,2024-06-07,4.108,6.801,0.604
CA_36095,61,2024-06-08,3.295,5.829,0.565
CA_36095,61,2024-06-09,3.254,6.183,0.526
CA_36095,61,2024-06-10,3.316,6.801,0.488
CA_36095,61,2024-06-11,1.894,7.839,0.24
CA_36095,61,2024-06-12,1.864,7.896,0.235
CA_36095,61,2024-06-13,1.778,7.914,0.225
CA_36095,61,2024-06-14,1.625,7.578,0.215
CA_36095,61,2024-06-15,1.561,7.525,0.207
CA_36095,61,2024-06-16,1.471,7.331,0.199
CA_36095,61,2024-06-17,1.384,7.189,0.192
CA_36095,61,2024-06-18,1.26,6.854,0.184
CA_36095,61,2024-06-19,1.227,6.995,0.177
CA_36095,61,2024-06-20,1.213,7.048,0.173
CA_36095,61,2024-06-21,1.309,7.56,0.173
CA_36095,61,2024-06-22,1.403,7.896,0.177
CA_36095,61,2024-06-23,1.547,8.32,0.185
CA_36095,61,2024-06-24,1.695,8.567,0.196
CA_36095,61,2024-06-25,1.931,9.274,0.208
CA_36095,61,2024-06-26,2.085,9.486,0.219
CA_36095,61,2024-06-27,2.159,9.362,0.231
CA_36095,61,2024-06-28,2.184,8.938,0.247
CA_36095,61,2024-06-29,2.229,8.493,0.267
CA_36095,61,2024-06-30,2.229,7.822,0.291
CA_36095,61,2024-07-01,2.166,6.927,0.319
CA_36095,61,2024-07-02,2.236,6.435,0.352
CA_36095,61,2024-07-03,2.344,6.156,0.384
CA_36095,61,2024-07-04,2.435,5.863,0.417
CA_36095,61,2024-07-05,2.618,5.812,0.449
CA_36095,61,2024-07-06,3.006,6.156,0.485
CA_36095,61,2024-07-07,3.349,6.328,0.525
CA_36095,61,2024-07-08,3.847,6.706,0.567
CA_36095,61,2024-07-09,4.342,7.033,0.614
CA_36095,61,2024-07-10,4.808,7.239,0.663
CA_36095,61,2024-07-11,5.107,7.17,0.713
CA_36095,61,2024-07-12,5.479,7.205,0.763
CA_36095,61,2024-07-13,5.922,7.274,0.812
CA_36095,61,2024-07-14,6.399,7.463,0.854
CA_36095,61,2024-07-15,6.878,7.721,0.887
CA_36095,61,2024-07-16,7.288,7.979,0.912
CA_36095,61,2024-07-17,7.746,8.34,0.929
CA_36095,61,2024-07-18,8.042,8.581,0.937
CA_36095,61,2024-07-19,8.226,8.701,0.945
CA_36095,61,2024-07-20,8.413,8.821,0.953
CA_36095,61,2024-07-21,8.463,8.804,0.962
CA_36095,61,2024-07-22,8.086,8.357,0.969
CA_36095,61,2024-07-23,7.716,7.927,0.974
CA_36095,61,2024-07-24,7.467,7.635,0.978
CA_36095,61,2024-07-25,7.172,7.308,0.981
CA_36095,61,2024-07-26,7.168,7.291,0.983
CA_36095,61,2024-07-27,7.28,7.394,0.985
CA_36095,61,2024-07-28,7.036,7.136,0.986
CA_36095,61,2024-07-29,6.588,6.672,0.988
CA_36095,61,2024-07-30,6.024,6.092,0.989
CA_36095,61,2024-07-31,5.729,5.782,0.991
CA_36095,61,2024-08-01,5.788,5.83,0.993
CA_36095,61,2024-08-02,5.815,5.848,0.994
CA_36095,61,2024-08-03,5.793,5.817,0.996
CA_36095,61,2024-08-04,5.987,6.004,0.997
CA_36095,61,2024-08-05,6.065,6.071,0.999
CA_36095,61,2024-08-06,5.906,5.902,1.001
CA_36095,61,2024-08-07,5.972,5.97,1.0
CA_36095,61,2024-08-08,6.179,6.19,0.998
CA_36095,61,2024-08-09,6.373,6.411,0.994
CA_36095,61,2024-08-10,6.366,6.445,0.988
CA_36095,61,2024-08-11,6.463,6.597,0.98
CA_36095,61,2024-08-12,6.739,6.937,0.972
CA_36095,61,2024-08-13,6.933,7.191,0.965
CA_36095,61,2024-08-14,7.025,7.344,0.957
CA_36095,61,2024-08-15,6.906,7.259,0.951
CA_36095,61,2024-08-16,7.059,7.445,0.948
CA_36095,61,2024-08-17,7.018,7.411,0.947
CA_36095,61,2024-08-18,6.912,7.293,0.948
CA_36095,61,2024-08-19,6.629,6.97,0.951
CA_36095,61,2024-08-20,6.716,7.038,0.955
CA_36095,61,2024-08-21,6.416,6.699,0.958
CA_36095,61,2024-08-22,6.212,6.461,0.961
CA_36095,61,2024-08-23,6.158,6.394,0.963
CA_36095,61,2024-08-24,6.142,6.377,0.963
CA_36095,61,2024-08-25,5.84,6.071,0.961
CA_36095,61,2024-08-26,5.61,5.851,0.958
CA_36095,61,2024-08-27,5.53,5.8,0.953
CA_36095,61,2024-08-28,5.466,5.766,0.948
CA_36095,61,2024-08-29,5.676,6.02,0.943
CA_36095,61,2024-08-30,5.928,6.32,0.938
CA_36095,61,2024-08-31,6.492,6.967,0.933
CA_36095,61,2024-09-01,6.886,7.444,0.926
CA_36095,61,2024-09-02,7.163,7.799,0.919
CA_36095,61,2024-09-03,7.305,8.019,0.911
CA_36095,61,2024-09-04,7.232,8.002,0.903
CA_36095,61,2024-09-05,6.991,7.811,0.894
CA_36095,61,2024-09-06,7.007,7.915,0.886
CA_36095,61,2024-09-07,6.789,7.742,0.877
CA_36095,61,2024-09-08,6.372,7.292,0.875
CA_36095,61,2024-09-09,6.239,7.118,0.878
CA_36095,61,2024-09-10,5.977,6.755,0.888
CA_36095,61,2024-09-11,5.268,5.854,0.903
CA_36095,61,2024-09-12,4.785,5.196,0.925
CA_36095,61,2024-09-13,4.551,4.832,0.947
CA_36095,61,2024-09-14,4.344,4.503,0.969
CA_36095,61,2024-09-15,4.132,4.174,0.99
CA_36095,61,2024-09-16,3.736,3.724,1.003
CA_36095,61,2024-09-17,3.492,3.464,1.006
CA_36095,61,2024-09-18,3.236,3.221,1.0
CA_36095,61,2024-09-19,3.076,3.117,0.985
CA_36095,61,2024-09-20,2.988,3.135,0.961
CA_36095,61,2024-09-21,3.283,3.533,0.936
CA_36095,61,2024-09-22,3.595,3.966,0.912
CA_36095,61,2024-09-23,3.891,4.399,0.888
CA_36095,61,2024-09-24,4.025,4.728,0.855
CA_36095,61,2024-09-25,3.941,4.867,0.813
CA_36095,61,2024-09-26,3.817,5.023,0.762
CA_36095,61,2024-09-27,3.52,4.988,0.703
CA_36095,61,2024-09-28,3.132,4.884,0.635
CA_36095,61,2024-09-29,2.722,4.765,0.567
CA_36095,61,2024-09-30,2.315,4.586,0.499
CA_36095,61,2024-10-01,1.937,4.503,0.431
CA_36095,61,2024-10-02,1.752,4.578,0.384
CA_36095,61,2024-10-03,1.682,4.688,0.359
CA_36095,61,2024-10-04,1.726,4.838,0.355
CA_36095,61,2024-10-05,1.866,4.988,0.373
CA_36095,61,2024-10-06,2.052,4.988,0.412
CA_36095,61,2024-10-07,2.232,4.969,0.451
CA_36095,61,2024-10-08,2.33,4.801,0.49
CA_36095,61,2024-10-09,2.417,4.595,0.529
CA_36095,61,2024-10-10,2.501,4.52,0.555
CA_36095,61,2024-10-11,2.462,4.332,0.569
CA_36095,61,2024-10-12,2.397,4.201,0.57
CA_36095,61,2024-10-13,2.32,4.144,0.558
CA_36095,61,2024-10-14,2.086,3.882,0.534
CA_36095,61,2024-10-15,1.847,3.6,0.509
CA_36095,61,2024-10-16,1.721,3.525,0.485
CA_36095,61,2024-10-17,1.582,3.432,0.461
CA_36095,61,2024-10-18,1.438,3.263,0.442
CA_36095,61,2024-10-19,1.496,3.507,0.428
CA_36095,61,2024-10-20,1.484,3.544,0.419
CA_36095,61,2024-10-21,1.518,3.657,0.415
CA_36095,61,2024-10-22,1.39,3.338,0.417
CA_36095,61,2024-10-23,1.378,3.301,0.418
CA_36095,61,2024-10-24,1.297,3.094,0.419
CA_36095,61,2024-10-25,1.23,2.926,0.421
CA_36095,61,2024-10-26,1.104,2.626,0.42
CA_36095,61,2024-10-27,1.228,2.944,0.418
CA_36095,61,2024-10-28,1.209,2.926,0.413
CA_36095,61,2024-10-29,1.064,2.607,0.407
CA_36095,61,2024-10-30,0.955,2.374,0.399
CA_36095,61,2024-10-31,0.84,2.122,0.391
CA_36095,61,2024-11-01,0.693,1.803,0.383
CA_36095,61,2024-11-02,0.595,1.592,0.374
CA_36095,61,2024-11-03,0.545,1.49,0.366
CA_36095,61,2024-11-04,0.521,1.45,0.358
CA_36095,61,2024-11-05,0.491,1.392,0.35
CA_36095,61,2024-11-06,0.385,1.117,0.342
CA_36095,61,2024-11-07,0.34,1.019,0.333
CA_36095,61,2024-11-08,0.343,1.058,0.325
CA_36095,61,2024-11-09,0.328,1.039,0.317
CA_36095,61,2024-11-10,0.343,1.117,0.309
CA_36095,61,2024-11-11,0.399,1.333,0.301
CA_36095,61,2024-11-12,0.389,1.333,0.292
CA_36095,61,2024-11-13,0.393,1.392,0.284
CA_36095,61,2024-11-14,0.395,1.431,0.275
CA_36095,61,2024-11-15,0.369,1.372,0.267
CA_36095,61,2024-11-16,0.344,1.333,0.258
CA_36095,61,2024-11-17,0.325,1.294,0.25
CA_36095,61,2024-11-18,0.284,1.176,0.241
CA_36095,61,2024-11-19,0.272,1.156,0.235
CA_36095,61,2024-11-20,0.277,1.196,0.231
CA_36095,61,2024-11-21,0.256,1.117,0.229
CA_36095,61,2024-11-22,0.279,1.215,0.229
CA_36095,61,2024-11-23,0.291,1.254,0.232
CA_36095,61,2024-11-24,0.322,1.372,0.235
CA_36095,61,2024-11-25,0.316,1.333,0.237
CA_36095,61,2024-11-26,0.362,1.509,0.24
CA_36095,61,2024-11-27,0.358,1.45,0.248
CA_36095,61,2024-11-28,0.351,1.372,0.261
CA_36095,61,2024-11-29,0.293,1.104,0.281
CA_36095,61,2024-11-30,0.289,1.019,0.305
CA_36095,61,2024-12-01,0.24,0.737,0.336
CA_36095,61,2024-12-02,0.267,0.719,0.366
CA_36095,61,2024-12-03,0.293,0.716,0.397
CA_36095,61,2024-12-04,0.345,0.803,0.427
CA_36095,61,2024-12-05,0.376,0.825,0.457
CA_36095,61,2024-12-06,0.42,0.868,0.488
CA_36095,61,2024-12-07,0.465,0.89,0.518
CA_36095,61,2024-12-08,0.492,0.89,0.548
CA_36095,61,2024-12-09,0.57,0.977,0.579
CA_36095,61,2024-12-10,0.594,0.977,0.609
CA_36095,61,2024-12-11,0.605,0.955,0.639
CA_36095,61,2024-12-12,0.562,0.847,0.67
CA_36095,61,2024-12-13,0.552,0.803,0.695
CA_36095,61,2024-12-14,0.495,0.695,0.714
CA_36095,61,2024-12-15,0.474,0.651,0.729
CA_36095,61,2024-12-16,0.449,0.608,0.738
CA_36095,61,2024-12-17,0.435,0.586,0.742
CA_36095,61,2024-12-18,0.454,0.608,0.746
CA_36095,61,2024-12-19,0.456,0.608,0.749
CA_36095,61,2024-12-20,0.458,0.608,0.753
CA_36095,61,2024-12-21,0.46,0.608,0.757
CA_36095,61,2024-12-22,0.462,0.608,0.761
CA_36095,61,2024-12-23,0.431,0.565,0.765
CA_36095,61,2024-12-24,0.434,0.565,0.769
CA_36095,61,2024-12-25,0.402,0.521,0.772
CA_36095,61,2024-12-26,0.438,0.565,0.776
CA_36095,61,2024-12-27,0.457,0.586,0.78
CA_36095,61,2024-12-28,0.631,0.803,0.784
CA_36095,61,2024-12-29,0.634,0.803,0.788
CA_36095,61,2024-12-30,0.728,0.922,0.79
CA_36095,61,2024-12-31,0.773,0.977,0.791
CA_36121,47,2024-01-01,0.666,0.91,0.731
CA_36121,47,2024-01-02,0.298,0.405,0.737
CA_36121,47,2024-01-03,0.601,0.809,0.743
CA_36121,47,2024-01-04,1.288,1.719,0.749
CA_36121,47,2024-01-05,0.916,1.214,0.755
CA_36121,47,2024-01-06,0.769,1.011,0.761
CA_36121,47,2024-01-07,1.085,1.416,0.766
CA_36121,47,2024-01-08,0.781,1.011,0.772
CA_36121,47,2024-01-09,0.944,1.214,0.778
CA_36121,47,2024-01-10,0.872,1.113,0.784
CA_36121,47,2024-01-11,1.068,1.352,0.79
CA_36121,47,2024-01-12,0.644,0.809,0.796
CA_36121,47,2024-01-13,0.649,0.809,0.802
CA_36121,47,2024-01-14,0.98,1.214,0.807
CA_36121,47,2024-01-15,0.658,0.809,0.813
CA_36121,47,2024-01-16,0.829,1.011,0.819
CA_36121,47,2024-01-17,0.834,1.011,0.825
CA_36121,47,2024-01-18,0.756,0.91,0.831
CA_36121,47,2024-01-19,0.931,1.113,0.837
CA_36121,47,2024-01-20,1.023,1.214,0.843
CA_36121,47,2024-01-21,1.061,1.251,0.848
CA_36121,47,2024-01-22,0.691,0.809,0.854
CA_36121,47,2024-01-23,1.131,1.315,0.86
CA_36121,47,2024-01-24,0.701,0.809,0.866
CA_36121,47,2024-01-25,1.179,1.352,0.872
CA_36121,47,2024-01-26,0.888,1.011,0.878
CA_36121,47,2024-01-27,0.894,1.011,0.884
CA_36121,47,2024-01-28,1.08,1.214,0.889
CA_36121,47,2024-01-29,1.358,1.517,0.895
CA_36121,47,2024-01-30,1.367,1.517,0.901
CA_36121,47,2024-01-31,1.743,1.922,0.907
CA_36121,47,2024-02-01,1.241,1.359,0.913
CA_36121,47,2024-02-02,1.249,1.359,0.919
CA_36121,47,2024-02-03,1.077,1.165,0.925
CA_36121,47,2024-02-04,1.389,1.492,0.931
CA_36121,47,2024-02-05,1.273,1.359,0.936
CA_36121,47,2024-02-06,1.006,1.068,0.942
CA_36121,47,2024-02-07,1.013,1.068,0.948
CA_36121,47,2024-02-08,1.019,1.068,0.954
CA_36121,47,2024-02-09,1.305,1.359,0.96
CA_36121,47,2024-02-10,1.407,1.457,0.966
CA_36121,47,2024-02-11,1.509,1.554,0.972
CA_36121,47,2024-02-12,1.372,1.457,0.942
CA_36121,47,2024-02-13,1.241,1.359,0.913
CA_36121,47,2024-02-14,1.2,1.359,0.883
CA_36121,47,2024-02-15,1.326,1.554,0.854
CA_36121,47,2024-02-16,1.12,1.359,0.824
CA_36121,47,2024-02-17,0.8,1.007,0.795
CA_36121,47,2024-02-18,1.486,1.942,0.765
CA_36121,47,2024-02-19,2.0,2.719,0.736
CA_36121,47,2024-02-20,1.336,1.748,0.764
CA_36121,47,2024-02-21,1.386,1.748,0.793
CA_36121,47,2024-02-22,1.676,2.039,0.822
CA_36121,47,2024-02-23,1.57,1.845,0.851
CA_36121,47,2024-02-24,1.367,1.554,0.88
CA_36121,47,2024-02-25,1.676,1.845,0.908
CA_36121,47,2024-02-26,1.82,1.942,0.937
CA_36121,47,2024-02-27,2.158,2.233,0.966
CA_36121,47,2024-02-28,2.018,2.1,0.961
CA_36121,47,2024-02-29,1.856,1.942,0.956
CA_36121,47,2024-03-01,1.616,1.701,0.95
CA_36121,47,2024-03-02,1.819,1.925,0.945
CA_36121,47,2024-03-03,1.421,1.512,0.94
CA_36121,47,2024-03-04,1.236,1.323,0.934
CA_36121,47,2024-03-05,1.811,1.95,0.929
CA_36121,47,2024-03-06,1.746,1.89,0.924
CA_36121,47,2024-03-07,2.083,2.268,0.919
CA_36121,47,2024-03-08,2.158,2.363,0.913
CA_36121,47,2024-03-09,2.059,2.268,0.908
CA_36121,47,2024-03-10,2.133,2.363,0.903
CA_36121,47,2024-03-11,1.95,2.174,0.897
CA_36121,47,2024-03-12,1.265,1.418,0.892
CA_36121,47,2024-03-13,2.766,3.119,0.887
CA_36121,47,2024-03-14,3.582,4.064,0.882
CA_36121,47,2024-03-15,3.237,3.651,0.887
CA_36121,47,2024-03-16,2.949,3.308,0.892
CA_36121,47,2024-03-17,3.104,3.462,0.897
CA_36121,47,2024-03-18,2.727,3.024,0.902
CA_36121,47,2024-03-19,2.999,3.308,0.907
CA_36121,47,2024-03-20,3.533,3.875,0.912
CA_36121,47,2024-03-21,3.347,3.651,0.917
CA_36121,47,2024-03-22,2.581,2.8,0.922
CA_36121,47,2024-03-23,1.958,2.079,0.942
CA_36121,47,2024-03-24,2.817,2.93,0.962
CA_36121,47,2024-03-25,2.69,2.741,0.982
CA_36121,47,2024-03-26,3.217,3.213,1.001
CA_36121,47,2024-03-27,2.22,2.174,1.021
CA_36121,47,2024-03-28,2.656,2.552,1.041
CA_36121,47,2024-03-29,2.406,2.268,1.061
CA_36121,47,2024-03-30,3.064,2.835,1.081
CA_36121,47,2024-03-31,2.995,2.741,1.093
CA_36121,47,2024-04-01,4.099,3.711,1.104
CA_36121,47,2024-04-02,3.94,3.53,1.116
CA_36121,47,2024-04-03,4.186,3.711,1.128
CA_36121,47,2024-04-04,1.689,1.481,1.14
CA_36121,47,2024-04-05,2.189,1.901,1.152
CA_36121,47,2024-04-06,3.37,2.896,1.164
CA_36121,47,2024-04-07,4.149,3.53,1.175
CA_36121,47,2024-04-08,4.98,4.163,1.196
CA_36121,47,2024-04-09,4.406,3.62,1.217
CA_36121,47,2024-04-10,4.929,3.982,1.238
CA_36121,47,2024-04-11,5.168,4.106,1.259
CA_36121,47,2024-04-12,4.98,3.892,1.279
CA_36121,47,2024-04-13,1.412,1.086,1.3
CA_36121,47,2024-04-14,3.228,2.444,1.321
CA_36121,47,2024-04-15,3.765,2.806,1.342
CA_36121,47,2024-04-16,4.275,3.258,1.312
CA_36121,47,2024-04-17,4.99,3.892,1.282
CA_36121,47,2024-04-18,4.916,3.925,1.252
CA_36121,47,2024-04-19,5.643,4.616,1.223
CA_36121,47,2024-04-20,5.869,4.921,1.193
CA_36121,47,2024-04-21,5.578,4.797,1.163
CA_36121,47,2024-04-22,5.37,4.74,1.133
CA_36121,47,2024-04-23,4.393,3.982,1.103
CA_36121,47,2024-04-24,4.086,3.801,1.075
CA_36121,47,2024-04-25,4.453,4.254,1.047
CA_36121,47,2024-04-26,3.998,3.925,1.018
CA_36121,47,2024-04-27,4.514,4.559,0.99
CA_36121,47,2024-04-28,4.963,5.159,0.962
CA_36121,47,2024-04-29,5.155,5.521,0.934
CA_36121,47,2024-04-30,4.969,5.488,0.906
CA_36121,47,2024-05-01,5.534,6.308,0.877
CA_36121,47,2024-05-02,5.156,5.772,0.893
CA_36121,47,2024-05-03,4.924,5.415,0.909
CA_36121,47,2024-05-04,1.24,1.34,0.925
CA_36121,47,2024-05-05,3.868,4.108,0.941
CA_36121,47,2024-05-06,4.19,4.376,0.957
CA_36121,47,2024-05-07,4.782,4.912,0.974
CA_36121,47,2024-05-08,6.009,6.073,0.99
CA_36121,47,2024-05-09,5.265,5.236,1.006
CA_36121,47,2024-05-10,6.11,6.073,1.006
CA_36121,47,2024-05-11,6.383,6.341,1.007
CA_36121,47,2024-05-12,6.296,6.251,1.007
CA_36121,47,2024-05-13,6.3,6.251,1.008
CA_36121,47,2024-05-14,6.36,6.308,1.008
CA_36121,47,2024-05-15,6.577,6.519,1.009
CA_36121,47,2024-05-16,5.859,5.805,1.009
CA_36121,47,2024-05-17,5.378,5.325,1.01
CA_36121,47,2024-05-18,5.296,5.269,1.005
CA_36121,47,2024-05-19,5.393,5.391,1.0
CA_36121,47,2024-05-20,6.191,6.218,0.996
CA_36121,47,2024-05-21,6.692,6.754,0.991
CA_36121,47,2024-05-22,6.308,6.397,0.986
CA_36121,47,2024-05-23,6.19,6.308,0.981
CA_36121,47,2024-05-24,5.287,5.415,0.977
CA_36121,47,2024-05-25,4.86,5.001,0.972
CA_36121,47,2024-05-26,5.446,5.626,0.968
CA_36121,47,2024-05-27,5.941,6.162,0.964
CA_36121,47,2024-05-28,6.003,6.251,0.96
CA_36121,47,2024-05-29,6.545,6.844,0.956
CA_36121,47,2024-05-30,6.774,7.111,0.953
CA_36121,47,2024-05-31,6.747,7.111,0.949
CA_36121,47,2024-06-01,5.99,6.339,0.945
CA_36121,47,2024-06-02,5.883,6.251,0.941
CA_36121,47,2024-06-03,5.281,5.635,0.937
CA_36121,47,2024-06-04,7.282,7.803,0.933
CA_36121,47,2024-06-05,6.791,7.308,0.929
CA_36121,47,2024-06-06,7.221,7.803,0.925
CA_36121,47,2024-06-07,6.247,6.779,0.921
CA_36121,47,2024-06-08,5.332,5.811,0.918
CA_36121,47,2024-06-09,5.631,6.163,0.914
CA_36121,47,2024-06-10,6.167,6.779,0.91
CA_36121,47,2024-06-11,4.329,4.947,0.876
CA_36121,47,2024-06-12,4.517,5.179,0.873
CA_36121,47,2024-06-13,4.791,5.525,0.868
CA_36121,47,2024-06-14,5.012,5.813,0.863
CA_36121,47,2024-06-15,5.363,6.253,0.858
CA_36121,47,2024-06-16,5.332,6.247,0.854
CA_36121,47,2024-06-17,5.285,6.222,0.849
CA_36121,47,2024-06-18,5.288,6.258,0.845
CA_36121,47,2024-06-19,5.271,6.269,0.841
CA_36121,47,2024-06-20,5.171,6.181,0.837
CA_36121,47,2024-06-21,5.133,6.163,0.833
CA_36121,47,2024-06-22,4.921,5.934,0.829
CA_36121,47,2024-06-23,4.861,5.87,0.828
CA_36121,47,2024-06-24,4.818,5.806,0.829
CA_36121,47,2024-06-25,4.772,5.718,0.834
CA_36121,47,2024-06-26,4.971,5.901,0.841
CA_36121,47,2024-06-27,5.411,6.348,0.852
CA_36121,47,2024-06-28,5.694,6.599,0.862
CA_36121,47,2024-06-29,6.089,6.968,0.872
CA_36121,47,2024-06-30,6.46,7.312,0.883
CA_36121,47,2024-07-01,6.663,7.48,0.891
CA_36121,47,2024-07-02,6.636,7.406,0.896
CA_36121,47,2024-07-03,6.556,7.291,0.899
CA_36121,47,2024-07-04,6.214,6.902,0.9
CA_36121,47,2024-07-05,5.937,6.605,0.899
CA_36121,47,2024-07-06,5.702,6.354,0.897
CA_36121,47,2024-07-07,5.538,6.182,0.896
CA_36121,47,2024-07-08,5.482,6.13,0.894
CA_36121,47,2024-07-09,5.599,6.251,0.896
CA_36121,47,2024-07-10,5.791,6.433,0.9
CA_36121,47,2024-07-11,6.082,6.702,0.906
CA_36121,47,2024-07-12,6.503,7.091,0.916
CA_36121,47,2024-07-13,6.779,7.297,0.928
CA_36121,47,2024-07-14,6.88,7.314,0.941
CA_36121,47,2024-07-15,6.899,7.246,0.953
CA_36121,47,2024-07-16,6.86,7.114,0.965
CA_36121,47,2024-07-17,6.768,6.955,0.974
CA_36121,47,2024-07-18,6.882,7.041,0.978
CA_36121,47,2024-07-19,7.163,7.334,0.978
CA_36121,47,2024-07-20,7.431,7.643,0.973
CA_36121,47,2024-07-21,7.261,7.523,0.965
CA_36121,47,2024-07-22,7.191,7.51,0.957
CA_36121,47,2024-07-23,7.013,7.39,0.948
CA_36121,47,2024-07-24,6.705,7.132,0.94
CA_36121,47,2024-07-25,6.415,6.857,0.936
CA_36121,47,2024-07-26,6.672,7.125,0.936
CA_36121,47,2024-07-27,6.81,7.235,0.941
CA_36121,47,2024-07-28,6.927,7.286,0.95
CA_36121,47,2024-07-29,7.072,7.338,0.963
CA_36121,47,2024-07-30,7.078,7.252,0.977
CA_36121,47,2024-07-31,6.813,6.893,0.99
CA_36121,47,2024-08-01,6.561,6.551,1.004
CA_36121,47,2024-08-02,6.391,6.311,1.014
CA_36121,47,2024-08-03,6.418,6.285,1.021
CA_36121,47,2024-08-04,6.752,6.584,1.025
CA_36121,47,2024-08-05,7.117,6.934,1.027
CA_36121,47,2024-08-06,7.123,6.951,1.025
CA_36121,47,2024-08-07,6.921,6.764,1.023
CA_36121,47,2024-08-08,6.545,6.408,1.021
CA_36121,47,2024-08-09,6.072,5.956,1.019
CA_36121,47,2024-08-10,5.866,5.776,1.016
CA_36121,47,2024-08-11,5.933,5.872,1.011
CA_36121,47,2024-08-12,6.217,6.194,1.005
CA_36121,47,2024-08-13,6.358,6.381,0.997
CA_36121,47,2024-08-14,6.41,6.489,0.988
CA_36121,47,2024-08-15,6.366,6.505,0.979
CA_36121,47,2024-08-16,5.992,6.172,0.969
CA_36121,47,2024-08-17,5.623,5.85,0.96
CA_36121,47,2024-08-18,5.255,5.517,0.951
CA_36121,47,2024-08-19,4.837,5.127,0.942
CA_36121,47,2024-08-20,4.56,4.89,0.933
CA_36121,47,2024-08-21,4.67,5.059,0.923
CA_36121,47,2024-08-22,4.681,5.127,0.914
CA_36121,47,2024-08-23,4.843,5.358,0.905
CA_36121,47,2024-08-24,5.195,5.804,0.896
CA_36121,47,2024-08-25,5.38,6.075,0.887
CA_36121,47,2024-08-26,5.593,6.346,0.882
CA_36121,47,2024-08-27,5.867,6.656,0.881
CA_36121,47,2024-08-28,6.085,6.87,0.885
CA_36121,47,2024-08-29,6.004,6.724,0.894
CA_36121,47,2024-08-30,5.647,6.247,0.906
CA_36121,47,2024-08-31,5.154,5.633,0.919
CA_36121,47,2024-09-01,4.546,4.901,0.932
CA_36121,47,2024-09-02,4.201,4.454,0.945
CA_36121,47,2024-09-03,4.121,4.33,0.951
CA_36121,47,2024-09-04,4.285,4.503,0.952
CA_36121,47,2024-09-05,4.476,4.733,0.947
CA_36121,47,2024-09-06,4.656,4.979,0.935
CA_36121,47,2024-09-07,4.575,4.979,0.918
CA_36121,47,2024-09-08,4.506,5.003,0.9
CA_36121,47,2024-09-09,4.604,5.227,0.883
CA_36121,47,2024-09-10,4.57,5.29,0.866
CA_36121,47,2024-09-11,4.481,5.262,0.852
CA_36121,47,2024-09-12,4.424,5.245,0.843
CA_36121,47,2024-09-13,4.304,5.135,0.838
CA_36121,47,2024-09-14,3.9,4.662,0.837
CA_36121,47,2024-09-15,3.692,4.397,0.84
CA_36121,47,2024-09-16,3.575,4.242,0.843
CA_36121,47,2024-09-17,3.501,4.138,0.846
CA_36121,47,2024-09-18,3.388,3.99,0.849
CA_36121,47,2024-09-19,3.345,3.944,0.848
CA_36121,47,2024-09-20,3.384,4.02,0.842
CA_36121,47,2024-09-21,3.441,4.14,0.832
CA_36121,47,2024-09-22,3.401,4.164,0.818
CA_36121,47,2024-09-23,3.3,4.129,0.799
CA_36121,47,2024-09-24,3.215,4.112,0.78
CA_36121,47,2024-09-25,3.13,4.106,0.761
CA_36121,47,2024-09-26,3.007,4.054,0.742
CA_36121,47,2024-09-27,2.918,4.03,0.725
CA_36121,47,2024-09-28,2.692,3.789,0.709
CA_36121,47,2024-09-29,2.432,3.483,0.694
CA_36121,47,2024-09-30,2.264,3.316,0.68
CA_36121,47,2024-10-01,2.128,3.187,0.668
CA_36121,47,2024-10-02,1.986,3.041,0.656
CA_36121,47,2024-10-03,2.176,3.399,0.643
CA_36121,47,2024-10-04,2.427,3.858,0.631
CA_36121,47,2024-10-05,2.481,4.014,0.619
CA_36121,47,2024-10-06,2.562,4.219,0.609
CA_36121,47,2024-10-07,2.479,4.133,0.599
CA_36121,47,2024-10-08,2.283,3.86,0.589
CA_36121,47,2024-10-09,2.161,3.711,0.581
CA_36121,47,2024-10-10,2.007,3.499,0.573
CA_36121,47,2024-10-11,1.791,3.175,0.564
CA_36121,47,2024-10-12,1.843,3.317,0.556
CA_36121,47,2024-10-13,1.856,3.385,0.548
CA_36121,47,2024-10-14,1.86,3.441,0.541
CA_36121,47,2024-10-15,1.88,3.516,0.535
CA_36121,47,2024-10-16,1.831,3.453,0.53
CA_36121,47,2024-10-17,1.723,3.273,0.526
CA_36121,47,2024-10-18,1.746,3.348,0.521
CA_36121,47,2024-10-19,1.627,3.149,0.517
CA_36121,47,2024-10-20,1.503,2.933,0.512
CA_36121,47,2024-10-21,1.476,2.872,0.514
CA_36121,47,2024-10-22,1.457,2.797,0.523
CA_36121,47,2024-10-23,1.425,2.648,0.538
CA_36121,47,2024-10-24,1.382,2.474,0.559
CA_36121,47,2024-10-25,1.482,2.523,0.587
CA_36121,47,2024-10-26,1.641,2.658,0.615
CA_36121,47,2024-10-27,1.641,2.565,0.642
CA_36121,47,2024-10-28,1.526,2.292,0.67
CA_36121,47,2024-10-29,1.465,2.15,0.689
CA_36121,47,2024-10-30,1.356,1.953,0.699
CA_36121,47,2024-10-31,1.273,1.826,0.7
CA_36121,47,2024-11-01,1.355,1.973,0.692
CA_36121,47,2024-11-02,1.427,2.129,0.675
CA_36121,47,2024-11-03,1.48,2.252,0.658
CA_36121,47,2024-11-04,1.42,2.201,0.641
CA_36121,47,2024-11-05,1.336,2.13,0.624
CA_36121,47,2024-11-06,1.246,2.04,0.61
CA_36121,47,2024-11-07,1.116,1.864,0.598
CA_36121,47,2024-11-08,1.131,1.923,0.589
CA_36121,47,2024-11-09,1.173,2.013,0.583
CA_36121,47,2024-11-10,1.176,2.032,0.579
CA_36121,47,2024-11-11,1.079,1.877,0.575
CA_36121,47,2024-11-12,1.133,1.981,0.571
CA_36121,47,2024-11-13,1.047,1.845,0.567
CA_36121,47,2024-11-14,0.979,1.735,0.564
CA_36121,47,2024-11-15,0.852,1.521,0.56
CA_36121,47,2024-11-16,0.762,1.365,0.556
CA_36121,47,2024-11-17,0.722,1.306,0.552
CA_36121,47,2024-11-18,0.701,1.28,0.548
CA_36121,47,2024-11-19,0.664,1.221,0.544
CA_36121,47,2024-11-20,0.656,1.214,0.54
CA_36121,47,2024-11-21,0.814,1.519,0.537
CA_36121,47,2024-11-22,0.835,1.577,0.531
CA_36121,47,2024-11-23,0.815,1.557,0.525
CA_36121,47,2024-11-24,0.781,1.506,0.517
CA_36121,47,2024-11-25,0.77,1.506,0.507
CA_36121,47,2024-11-26,0.673,1.35,0.496
CA_36121,47,2024-11-27,0.56,1.155,0.484
CA_36121,47,2024-11-28,0.542,1.15,0.473
CA_36121,47,2024-11-29,0.623,1.355,0.462
CA_36121,47,2024-11-30,0.612,1.345,0.457
CA_36121,47,2024-12-01,0.573,1.26,0.458
CA_36121,47,2024-12-02,0.582,1.262,0.466
CA_36121,47,2024-12-03,0.553,1.168,0.479
CA_36121,47,2024-12-04,0.488,0.982,0.499
CA_36121,47,2024-12-05,0.546,1.046,0.518
CA_36121,47,2024-12-06,0.621,1.147,0.538
CA_36121,47,2024-12-07,0.629,1.125,0.557
CA_36121,47,2024-12-08,0.65,1.133,0.574
CA_36121,47,2024-12-09,0.723,1.233,0.588
CA_36121,47,2024-12-10,0.726,1.212,0.599
CA_36121,47,2024-12-11,0.684,1.125,0.608
CA_36121,47,2024-12-12,0.726,1.182,0.614
CA_36121,47,2024-12-13,0.754,1.217,0.62
CA_36121,47,2024-12-14,0.715,1.144,0.626
CA_36121,47,2024-12-15,0.774,1.223,0.632
CA_36121,47,2024-12-16,0.901,1.41,0.637
CA_36121,47,2024-12-17,0.951,1.475,0.643
CA_36121,47,2024-12-18,0.914,1.41,0.649
CA_36121,47,2024-12-19,0.868,1.331,0.655
CA_36121,47,2024-12-20,0.825,1.252,0.661
CA_36121,47,2024-12-21,0.724,1.087,0.667
CA_36121,47,2024-12-22,0.665,0.987,0.673
CA_36121,47,2024-12-23,0.675,0.995,0.678
CA_36121,47,2024-12-24,0.734,1.074,0.684
CA_36121,47,2024-12-25,0.772,1.117,0.69
CA_36121,47,2024-12-26,0.778,1.117,0.696
CA_36121,47,2024-12-27,0.831,1.182,0.702
CA_36121,47,2024-12-28,0.867,1.225,0.708
CA_36121,47,2024-12-29,0.832,1.168,0.714
CA_36121,47,2024-12-30,0.774,1.082,0.716
CA_36121,47,2024-12-31,0.777,1.082,0.719
CA_36281,61,2024-01-01,0.598,0.941,0.636
CA_36281,61,2024-01-02,0.267,0.418,0.638
CA_36281,61,2024-01-03,0.535,0.836,0.64
CA_36281,61,2024-01-04,1.14,1.777,0.642
CA_36281,61,2024-01-05,0.807,1.254,0.643
CA_36281,61,2024-01-06,0.674,1.045,0.645
CA_36281,61,2024-01-07,0.947,1.463,0.647
CA_36281,61,2024-01-08,0.746,1.15,0.649
CA_36281,61,2024-01-09,0.817,1.254,0.651
CA_36281,61,2024-01-10,0.682,1.045,0.653
CA_36281,61,2024-01-11,0.89,1.359,0.655
CA_36281,61,2024-01-12,0.481,0.732,0.657
CA_36281,61,2024-01-13,0.551,0.836,0.659
CA_36281,61,2024-01-14,0.829,1.254,0.661
CA_36281,61,2024-01-15,0.554,0.836,0.663
CA_36281,61,2024-01-16,0.695,1.045,0.665
CA_36281,61,2024-01-17,0.697,1.045,0.666
CA_36281,61,2024-01-18,0.629,0.941,0.668
CA_36281,61,2024-01-19,0.701,1.045,0.67
CA_36281,61,2024-01-20,0.773,1.15,0.672
CA_36281,61,2024-01-21,0.775,1.15,0.674
CA_36281,61,2024-01-22,0.495,0.732,0.676
CA_36281,61,2024-01-23,0.921,1.359,0.678
CA_36281,61,2024-01-24,0.568,0.836,0.68
CA_36281,61,2024-01-25,0.926,1.359,0.682
CA_36281,61,2024-01-26,0.715,1.045,0.684
CA_36281,61,2024-01-27,0.717,1.045,0.686
CA_36281,61,2024-01-28,0.934,1.359,0.687
CA_36281,61,2024-01-29,1.153,1.672,0.689
CA_36281,61,2024-01-30,1.156,1.672,0.691
CA_36281,61,2024-01-31,1.377,1.986,0.693
CA_36281,61,2024-02-01,0.893,1.285,0.695
CA_36281,61,2024-02-02,0.895,1.285,0.697
CA_36281,61,2024-02-03,0.898,1.285,0.699
CA_36281,61,2024-02-04,0.97,1.383,0.701
CA_36281,61,2024-02-05,0.972,1.383,0.703
CA_36281,61,2024-02-06,0.696,0.988,0.705
CA_36281,61,2024-02-07,0.768,1.087,0.707
CA_36281,61,2024-02-08,0.77,1.087,0.709
CA_36281,61,2024-02-09,0.983,1.383,0.71
CA_36281,61,2024-02-10,1.056,1.482,0.712
CA_36281,61,2024-02-11,1.129,1.581,0.714
CA_36281,61,2024-02-12,1.13,1.581,0.715
CA_36281,61,2024-02-13,0.989,1.383,0.715
CA_36281,61,2024-02-14,0.989,1.383,0.715
CA_36281,61,2024-02-15,1.131,1.581,0.715
CA_36281,61,2024-02-16,0.99,1.383,0.716
CA_36281,61,2024-02-17,0.708,0.988,0.716
CA_36281,61,2024-02-18,1.416,1.976,0.716
CA_36281,61,2024-02-19,1.983,2.767,0.717
CA_36281,61,2024-02-20,1.275,1.779,0.717
CA_36281,61,2024-02-21,1.275,1.779,0.717
CA_36281,61,2024-02-22,1.489,2.075,0.717
CA_36281,61,2024-02-23,1.347,1.878,0.718
CA_36281,61,2024-02-24,1.135,1.581,0.718
CA_36281,61,2024-02-25,1.348,1.878,0.718
CA_36281,61,2024-02-26,1.42,1.976,0.718
CA_36281,61,2024-02-27,1.634,2.273,0.719
CA_36281,61,2024-02-28,1.598,2.273,0.703
CA_36281,61,2024-02-29,1.358,1.976,0.687
CA_36281,61,2024-03-01,1.083,1.614,0.671
CA_36281,61,2024-03-02,1.307,1.994,0.655
CA_36281,61,2024-03-03,0.972,1.519,0.64
CA_36281,61,2024-03-04,0.888,1.424,0.624
CA_36281,61,2024-03-05,1.212,1.994,0.608
CA_36281,61,2024-03-06,1.181,1.994,0.592
CA_36281,61,2024-03-07,1.314,2.279,0.576
CA_36281,61,2024-03-08,1.331,2.374,0.561
CA_36281,61,2024-03-09,1.19,2.184,0.545
CA_36281,61,2024-03-10,1.306,2.469,0.529
CA_36281,61,2024-03-11,1.169,2.279,0.513
CA_36281,61,2024-03-12,0.708,1.424,0.497
CA_36281,61,2024-03-13,1.509,3.133,0.482
CA_36281,61,2024-03-14,1.946,4.178,0.466
CA_36281,61,2024-03-15,1.635,3.703,0.442
CA_36281,61,2024-03-16,1.427,3.418,0.417
CA_36281,61,2024-03-17,1.419,3.608,0.393
CA_36281,61,2024-03-18,1.157,3.133,0.369
CA_36281,61,2024-03-19,1.179,3.418,0.345
CA_36281,61,2024-03-20,1.279,3.988,0.321
CA_36281,61,2024-03-21,1.098,3.703,0.297
CA_36281,61,2024-03-22,0.802,2.943,0.272
CA_36281,61,2024-03-23,0.633,2.089,0.303
CA_36281,61,2024-03-24,0.983,2.943,0.334
CA_36281,61,2024-03-25,1.004,2.753,0.365
CA_36281,61,2024-03-26,1.276,3.228,0.395
CA_36281,61,2024-03-27,0.97,2.279,0.426
CA_36281,61,2024-03-28,1.214,2.658,0.457
CA_36281,61,2024-03-29,1.11,2.279,0.487
CA_36281,61,2024-03-30,1.475,2.848,0.518
CA_36281,61,2024-03-31,1.51,2.753,0.549
CA_36281,61,2024-04-01,2.165,3.738,0.579
CA_36281,61,2024-04-02,2.169,3.556,0.61
CA_36281,61,2024-04-03,2.453,3.829,0.641
CA_36281,61,2024-04-04,0.918,1.368,0.671
CA_36281,61,2024-04-05,1.344,1.915,0.702
CA_36281,61,2024-04-06,2.137,2.917,0.733
CA_36281,61,2024-04-07,2.714,3.556,0.763
CA_36281,61,2024-04-08,3.211,4.194,0.766
CA_36281,61,2024-04-09,2.871,3.738,0.768
CA_36281,61,2024-04-10,3.091,4.011,0.771
CA_36281,61,2024-04-11,3.242,4.194,0.773
CA_36281,61,2024-04-12,3.111,4.011,0.775
CA_36281,61,2024-04-13,0.78,1.003,0.778
CA_36281,61,2024-04-14,1.85,2.37,0.78
CA_36281,61,2024-04-15,2.141,2.735,0.783
CA_36281,61,2024-04-16,2.577,3.282,0.785
CA_36281,61,2024-04-17,3.159,4.011,0.788
CA_36281,61,2024-04-18,3.097,3.92,0.79
CA_36281,61,2024-04-19,3.757,4.741,0.792
CA_36281,61,2024-04-20,3.986,5.014,0.795
CA_36281,61,2024-04-21,3.925,4.923,0.797
CA_36281,61,2024-04-22,3.791,4.741,0.8
CA_36281,61,2024-04-23,3.218,4.011,0.802
CA_36281,61,2024-04-24,2.95,3.738,0.789
CA_36281,61,2024-04-25,3.396,4.376,0.776
CA_36281,61,2024-04-26,2.991,3.92,0.763
CA_36281,61,2024-04-27,3.419,4.558,0.75
CA_36281,61,2024-04-28,3.83,5.197,0.737
CA_36281,61,2024-04-29,4.026,5.561,0.724
CA_36281,61,2024-04-30,4.018,5.652,0.711
CA_36281,61,2024-05-01,4.416,6.328,0.698
CA_36281,61,2024-05-02,4.162,5.793,0.718
CA_36281,61,2024-05-03,4.018,5.437,0.739
CA_36281,61,2024-05-04,0.948,1.248,0.76
CA_36281,61,2024-05-05,3.198,4.1,0.78
CA_36281,61,2024-05-06,3.568,4.456,0.801
CA_36281,61,2024-05-07,4.025,4.902,0.821
CA_36281,61,2024-05-08,5.101,6.061,0.842
CA_36281,61,2024-05-09,4.534,5.259,0.862
CA_36281,61,2024-05-10,5.266,6.15,0.856
CA_36281,61,2024-05-11,5.456,6.417,0.85
CA_36281,61,2024-05-12,5.343,6.328,0.844
CA_36281,61,2024-05-13,5.305,6.328,0.838
CA_36281,61,2024-05-14,5.267,6.328,0.832
CA_36281,61,2024-05-15,5.376,6.506,0.826
CA_36281,61,2024-05-16,4.899,5.972,0.82
CA_36281,61,2024-05-17,4.355,5.348,0.814
CA_36281,61,2024-05-18,4.233,5.259,0.805
CA_36281,61,2024-05-19,4.254,5.348,0.795
CA_36281,61,2024-05-20,4.904,6.239,0.786
CA_36281,61,2024-05-21,5.261,6.774,0.777
CA_36281,61,2024-05-22,4.855,6.328,0.767
CA_36281,61,2024-05-23,4.795,6.328,0.758
CA_36281,61,2024-05-24,4.068,5.437,0.748
CA_36281,61,2024-05-25,3.754,5.08,0.739
CA_36281,61,2024-05-26,4.19,5.615,0.746
CA_36281,61,2024-05-27,4.633,6.15,0.753
CA_36281,61,2024-05-28,4.746,6.239,0.761
CA_36281,61,2024-05-29,5.27,6.863,0.768
CA_36281,61,2024-05-30,5.527,7.13,0.775
CA_36281,61,2024-05-31,5.579,7.13,0.782
CA_36281,61,2024-06-01,5.001,6.333,0.79
CA_36281,61,2024-06-02,4.907,6.157,0.797
CA_36281,61,2024-06-03,4.382,5.541,0.791
CA_36281,61,2024-06-04,6.004,7.652,0.785
CA_36281,61,2024-06-05,5.683,7.3,0.778
CA_36281,61,2024-06-06,6.045,7.828,0.772
CA_36281,61,2024-06-07,5.121,6.684,0.766
CA_36281,61,2024-06-08,4.344,5.717,0.76
CA_36281,61,2024-06-09,4.574,6.069,0.754
CA_36281,61,2024-06-10,5.062,6.772,0.748
CA_36281,61,2024-06-11,3.51,4.903,0.716
CA_36281,61,2024-06-12,3.679,5.137,0.716
CA_36281,61,2024-06-13,3.923,5.471,0.717
CA_36281,61,2024-06-14,4.118,5.735,0.718
CA_36281,61,2024-06-15,4.46,6.21,0.718
CA_36281,61,2024-06-16,4.446,6.192,0.718
CA_36281,61,2024-06-17,4.415,6.157,0.717
CA_36281,61,2024-06-18,4.431,6.192,0.716
CA_36281,61,2024-06-19,4.443,6.227,0.714
CA_36281,61,2024-06-20,4.342,6.104,0.711
CA_36281,61,2024-06-21,4.318,6.086,0.709
CA_36281,61,2024-06-22,4.145,5.858,0.707
CA_36281,61,2024-06-23,4.093,5.805,0.705
CA_36281,61,2024-06-24,4.013,5.717,0.702
CA_36281,61,2024-06-25,3.932,5.629,0.699
CA_36281,61,2024-06-26,4.046,5.823,0.695
CA_36281,61,2024-06-27,4.329,6.262,0.692
CA_36281,61,2024-06-28,4.473,6.509,0.688
CA_36281,61,2024-06-29,4.729,6.922,0.684
CA_36281,61,2024-06-30,4.95,7.285,0.68
CA_36281,61,2024-07-01,5.063,7.49,0.676
CA_36281,61,2024-07-02,5.01,7.451,0.672
CA_36281,61,2024-07-03,4.944,7.394,0.668
CA_36281,61,2024-07-04,4.662,7.013,0.664
CA_36281,61,2024-07-05,4.44,6.719,0.661
CA_36281,61,2024-07-06,4.243,6.459,0.657
CA_36281,61,2024-07-07,4.105,6.286,0.653
CA_36281,61,2024-07-08,4.023,6.199,0.649
CA_36281,61,2024-07-09,4.057,6.286,0.646
CA_36281,61,2024-07-10,4.161,6.476,0.643
CA_36281,61,2024-07-11,4.323,6.754,0.64
CA_36281,61,2024-07-12,4.576,7.169,0.638
CA_36281,61,2024-07-13,4.709,7.394,0.637
CA_36281,61,2024-07-14,4.722,7.429,0.636
CA_36281,61,2024-07-15,4.657,7.342,0.634
CA_36281,61,2024-07-16,4.537,7.169,0.633
CA_36281,61,2024-07-17,4.4,6.979,0.63
CA_36281,61,2024-07-18,4.418,7.048,0.627
CA_36281,61,2024-07-19,4.58,7.36,0.623
CA_36281,61,2024-07-20,4.745,7.689,0.618
CA_36281,61,2024-07-21,4.642,7.585,0.612
CA_36281,61,2024-07-22,4.621,7.619,0.606
CA_36281,61,2024-07-23,4.511,7.515,0.6
CA_36281,61,2024-07-24,4.309,7.255,0.594
CA_36281,61,2024-07-25,4.129,6.978,0.592
CA_36281,61,2024-07-26,4.323,7.273,0.595
CA_36281,61,2024-07-27,4.436,7.377,0.601
CA_36281,61,2024-07-28,4.55,7.429,0.612
CA_36281,61,2024-07-29,4.681,7.463,0.627
CA_36281,61,2024-07-30,4.73,7.382,0.642
CA_36281,61,2024-07-31,4.588,7.008,0.657
CA_36281,61,2024-08-01,4.441,6.634,0.672
CA_36281,61,2024-08-02,4.345,6.38,0.682
CA_36281,61,2024-08-03,4.378,6.367,0.688
CA_36281,61,2024-08-04,4.594,6.676,0.689
CA_36281,61,2024-08-05,4.826,7.053,0.685
CA_36281,61,2024-08-06,4.778,7.053,0.677
CA_36281,61,2024-08-07,4.601,6.864,0.669
CA_36281,61,2024-08-08,4.309,6.504,0.661
CA_36281,61,2024-08-09,3.947,6.041,0.652
CA_36281,61,2024-08-10,3.755,5.835,0.644
CA_36281,61,2024-08-11,3.781,5.955,0.636
CA_36281,61,2024-08-12,3.945,6.298,0.628
CA_36281,61,2024-08-13,4.014,6.487,0.619
CA_36281,61,2024-08-14,4.017,6.573,0.611
CA_36281,61,2024-08-15,3.973,6.59,0.603
CA_36281,61,2024-08-16,3.711,6.229,0.594
CA_36281,61,2024-08-17,3.466,5.903,0.586
CA_36281,61,2024-08-18,3.22,5.56,0.578
CA_36281,61,2024-08-19,2.96,5.182,0.57
CA_36281,61,2024-08-20,2.764,4.925,0.561
CA_36281,61,2024-08-21,2.818,5.097,0.553
CA_36281,61,2024-08-22,2.799,5.148,0.545
CA_36281,61,2024-08-23,2.894,5.406,0.537
CA_36281,61,2024-08-24,3.104,5.886,0.528
CA_36281,61,2024-08-25,3.224,6.212,0.52
CA_36281,61,2024-08-26,3.385,6.538,0.518
CA_36281,61,2024-08-27,3.619,6.916,0.523
CA_36281,61,2024-08-28,3.813,7.139,0.533
CA_36281,61,2024-08-29,3.826,6.967,0.551
CA_36281,61,2024-08-30,3.687,6.477,0.574
CA_36281,61,2024-08-31,3.427,5.813,0.598
CA_36281,61,2024-09-01,3.063,4.995,0.622
CA_36281,61,2024-09-02,2.891,4.505,0.645
CA_36281,61,2024-09-03,2.895,4.358,0.663
CA_36281,61,2024-09-04,3.045,4.497,0.675
CA_36281,61,2024-09-05,3.221,4.721,0.682
CA_36281,61,2024-09-06,3.397,4.981,0.682
CA_36281,61,2024-09-07,3.396,5.015,0.677
CA_36281,61,2024-09-08,3.393,5.05,0.672
CA_36281,61,2024-09-09,3.524,5.292,0.667
CA_36281,61,2024-09-10,3.544,5.361,0.661
CA_36281,61,2024-09-11,3.514,5.327,0.66
CA_36281,61,2024-09-12,3.503,5.292,0.663
CA_36281,61,2024-09-13,3.49,5.223,0.669
CA_36281,61,2024-09-14,3.226,4.756,0.68
CA_36281,61,2024-09-15,3.114,4.497,0.694
CA_36281,61,2024-09-16,3.067,4.341,0.708
CA_36281,61,2024-09-17,3.043,4.22,0.722
CA_36281,61,2024-09-18,2.955,4.012,0.737
CA_36281,61,2024-09-19,2.926,3.926,0.745
CA_36281,61,2024-09-20,2.99,3.995,0.749
CA_36281,61,2024-09-21,3.082,4.133,0.747
CA_36281,61,2024-09-22,3.075,4.168,0.739
CA_36281,61,2024-09-23,3.012,4.151,0.726
CA_36281,61,2024-09-24,2.975,4.168,0.713
CA_36281,61,2024-09-25,2.918,4.168,0.699
CA_36281,61,2024-09-26,2.811,4.099,0.686
CA_36281,61,2024-09-27,2.742,4.064,0.675
CA_36281,61,2024-09-28,2.539,3.805,0.667
CA_36281,61,2024-09-29,2.297,3.471,0.661
CA_36281,61,2024-09-30,2.164,3.293,0.657
CA_36281,61,2024-10-01,2.077,3.171,0.655
CA_36281,61,2024-10-02,1.976,3.027,0.653
CA_36281,61,2024-10-03,2.237,3.435,0.651
CA_36281,61,2024-10-04,2.557,3.936,0.65
CA_36281,61,2024-10-05,2.636,4.066,0.648
CA_36281,61,2024-10-06,2.751,4.252,0.647
CA_36281,61,2024-10-07,2.712,4.196,0.646
CA_36281,61,2024-10-08,2.518,3.899,0.646
CA_36281,61,2024-10-09,2.397,3.714,0.645
CA_36281,61,2024-10-10,2.288,3.547,0.645
CA_36281,61,2024-10-11,2.107,3.268,0.645
CA_36281,61,2024-10-12,2.189,3.398,0.644
CA_36281,61,2024-10-13,2.231,3.473,0.642
CA_36281,61,2024-10-14,2.264,3.547,0.639
CA_36281,61,2024-10-15,2.282,3.602,0.634
CA_36281,61,2024-10-16,2.215,3.528,0.627
CA_36281,61,2024-10-17,2.061,3.324,0.619
CA_36281,61,2024-10-18,2.065,3.38,0.61
CA_36281,61,2024-10-19,1.901,3.157,0.602
CA_36281,61,2024-10-20,1.743,2.934,0.594
CA_36281,61,2024-10-21,1.683,2.841,0.592
CA_36281,61,2024-10-22,1.651,2.767,0.598
CA_36281,61,2024-10-23,1.599,2.618,0.61
CA_36281,61,2024-10-24,1.542,2.451,0.629
CA_36281,61,2024-10-25,1.657,2.525,0.655
CA_36281,61,2024-10-26,1.829,2.674,0.681
CA_36281,61,2024-10-27,1.833,2.6,0.707
CA_36281,61,2024-10-28,1.706,2.34,0.733
CA_36281,61,2024-10-29,1.641,2.21,0.749
CA_36281,61,2024-10-30,1.507,2.007,0.754
CA_36281,61,2024-10-31,1.406,1.887,0.749
CA_36281,61,2024-11-01,1.486,2.048,0.734
CA_36281,61,2024-11-02,1.546,2.205,0.708
CA_36281,61,2024-11-03,1.606,2.36,0.682
CA_36281,61,2024-11-04,1.537,2.321,0.657
CA_36281,61,2024-11-05,1.437,2.262,0.631
CA_36281,61,2024-11-06,1.324,2.164,0.611
CA_36281,61,2024-11-07,1.182,1.987,0.595
CA_36281,61,2024-11-08,1.18,2.026,0.584
CA_36281,61,2024-11-09,1.228,2.125,0.578
CA_36281,61,2024-11-10,1.248,2.164,0.577
CA_36281,61,2024-11-11,1.144,1.987,0.576
CA_36281,61,2024-11-12,1.221,2.125,0.574
CA_36281,61,2024-11-13,1.14,1.987,0.573
CA_36281,61,2024-11-14,1.059,1.849,0.572
CA_36281,61,2024-11-15,0.911,1.593,0.571
CA_36281,61,2024-11-16,0.808,1.416,0.57
CA_36281,61,2024-11-17,0.75,1.318,0.569
CA_36281,61,2024-11-18,0.726,1.279,0.568
CA_36281,61,2024-11-19,0.691,1.22,0.567
CA_36281,61,2024-11-20,0.69,1.22,0.566
CA_36281,61,2024-11-21,0.877,1.554,0.565
CA_36281,61,2024-11-22,0.9,1.613,0.559
CA_36281,61,2024-11-23,0.884,1.613,0.55
CA_36281,61,2024-11-24,0.859,1.594,0.535
CA_36281,61,2024-11-25,0.837,1.594,0.517
CA_36281,61,2024-11-26,0.726,1.456,0.494
CA_36281,61,2024-11-27,0.596,1.259,0.471
CA_36281,61,2024-11-28,0.552,1.239,0.449
CA_36281,61,2024-11-29,0.608,1.445,0.426
CA_36281,61,2024-11-30,0.597,1.454,0.413
CA_36281,61,2024-12-01,0.551,1.36,0.41
CA_36281,61,2024-12-02,0.572,1.39,0.417
CA_36281,61,2024-12-03,0.551,1.296,0.433
CA_36281,61,2024-12-04,0.501,1.095,0.46
CA_36281,61,2024-12-05,0.569,1.162,0.486
CA_36281,61,2024-12-06,0.659,1.273,0.512
CA_36281,61,2024-12-07,0.665,1.229,0.539
CA_36281,61,2024-12-08,0.687,1.229,0.56
CA_36281,61,2024-12-09,0.757,1.318,0.577
CA_36281,61,2024-12-10,0.762,1.296,0.589
CA_36281,61,2024-12-11,0.706,1.184,0.596
CA_36281,61,2024-12-12,0.748,1.251,0.597
CA_36281,61,2024-12-13,0.777,1.296,0.599
CA_36281,61,2024-12-14,0.752,1.251,0.601
CA_36281,61,2024-12-15,0.796,1.318,0.603
CA_36281,61,2024-12-16,0.934,1.541,0.605
CA_36281,61,2024-12-17,0.991,1.631,0.607
CA_36281,61,2024-12-18,0.952,1.564,0.609
CA_36281,61,2024-12-19,0.872,1.43,0.611
CA_36281,61,2024-12-20,0.82,1.34,0.613
CA_36281,61,2024-12-21,0.7,1.139,0.615
CA_36281,61,2024-12-22,0.62,1.005,0.617
CA_36281,61,2024-12-23,0.636,1.028,0.619
CA_36281,61,2024-12-24,0.707,1.139,0.62
CA_36281,61,2024-12-25,0.737,1.184,0.622
CA_36281,61,2024-12-26,0.739,1.184,0.624
CA_36281,61,2024-12-27,0.812,1.296,0.626
CA_36281,61,2024-12-28,0.828,1.318,0.628
CA_36281,61,2024-12-29,0.802,1.274,0.63
CA_36281,61,2024-12-30,0.758,1.201,0.631
CA_36281,61,2024-12-31,0.776,1.229,0.632
CA_36850,61,2024-01-01,0.751,0.908,0.827
CA_36850,61,2024-01-02,0.334,0.404,0.827
CA_36850,61,2024-01-03,0.667,0.807,0.826
CA_36850,61,2024-01-04,1.418,1.716,0.826
CA_36850,61,2024-01-05,1.001,1.211,0.826
CA_36850,61,2024-01-06,0.917,1.11,0.826
CA_36850,61,2024-01-07,1.168,1.413,0.826
CA_36850,61,2024-01-08,0.917,1.11,0.826
CA_36850,61,2024-01-09,1.001,1.211,0.826
CA_36850,61,2024-01-10,0.917,1.11,0.826
CA_36850,61,2024-01-11,1.084,1.312,0.826
CA_36850,61,2024-01-12,0.584,0.706,0.826
CA_36850,61,2024-01-13,0.667,0.807,0.826
CA_36850,61,2024-01-14,1.084,1.312,0.826
CA_36850,61,2024-01-15,0.667,0.807,0.826
CA_36850,61,2024-01-16,0.834,1.009,0.826
CA_36850,61,2024-01-17,0.834,1.009,0.826
CA_36850,61,2024-01-18,0.75,0.908,0.826
CA_36850,61,2024-01-19,0.917,1.11,0.826
CA_36850,61,2024-01-20,1.0,1.211,0.826
CA_36850,61,2024-01-21,1.0,1.211,0.826
CA_36850,61,2024-01-22,0.667,0.807,0.826
CA_36850,61,2024-01-23,1.084,1.312,0.826
CA_36850,61,2024-01-24,0.667,0.807,0.826
CA_36850,61,2024-01-25,1.167,1.413,0.826
CA_36850,61,2024-01-26,0.833,1.009,0.826
CA_36850,61,2024-01-27,0.833,1.009,0.826
CA_36850,61,2024-01-28,1.083,1.312,0.826
CA_36850,61,2024-01-29,1.333,1.615,0.826
CA_36850,61,2024-01-30,1.333,1.615,0.826
CA_36850,61,2024-01-31,1.583,1.918,0.826
CA_36850,61,2024-02-01,1.035,1.253,0.826
CA_36850,61,2024-02-02,1.114,1.35,0.825
CA_36850,61,2024-02-03,0.955,1.157,0.825
CA_36850,61,2024-02-04,1.194,1.446,0.825
CA_36850,61,2024-02-05,1.114,1.35,0.825
CA_36850,61,2024-02-06,0.796,0.964,0.825
CA_36850,61,2024-02-07,0.875,1.061,0.825
CA_36850,61,2024-02-08,0.875,1.061,0.825
CA_36850,61,2024-02-09,1.114,1.35,0.825
CA_36850,61,2024-02-10,1.194,1.446,0.825
CA_36850,61,2024-02-11,1.273,1.543,0.825
CA_36850,61,2024-02-12,1.281,1.543,0.83
CA_36850,61,2024-02-13,1.128,1.35,0.836
CA_36850,61,2024-02-14,1.135,1.35,0.841
CA_36850,61,2024-02-15,1.305,1.543,0.846
CA_36850,61,2024-02-16,1.149,1.35,0.851
CA_36850,61,2024-02-17,0.826,0.964,0.856
CA_36850,61,2024-02-18,1.661,1.928,0.861
CA_36850,61,2024-02-19,2.339,2.7,0.867
CA_36850,61,2024-02-20,1.513,1.736,0.872
CA_36850,61,2024-02-21,1.522,1.736,0.877
CA_36850,61,2024-02-22,1.786,2.025,0.882
CA_36850,61,2024-02-23,1.625,1.832,0.887
CA_36850,61,2024-02-24,1.377,1.543,0.892
CA_36850,61,2024-02-25,1.644,1.832,0.898
CA_36850,61,2024-02-26,1.741,1.928,0.903
CA_36850,61,2024-02-27,2.013,2.218,0.908
CA_36850,61,2024-02-28,1.882,2.121,0.887
CA_36850,61,2024-02-29,1.672,1.928,0.867
CA_36850,61,2024-03-01,1.431,1.69,0.846
CA_36850,61,2024-03-02,1.551,1.878,0.826
CA_36850,61,2024-03-03,1.21,1.502,0.805
CA_36850,61,2024-03-04,1.032,1.315,0.785
CA_36850,61,2024-03-05,1.508,1.972,0.765
CA_36850,61,2024-03-06,1.467,1.972,0.744
CA_36850,61,2024-03-07,1.631,2.254,0.724
CA_36850,61,2024-03-08,1.651,2.347,0.703
CA_36850,61,2024-03-09,1.538,2.254,0.683
CA_36850,61,2024-03-10,1.554,2.347,0.662
CA_36850,61,2024-03-11,1.386,2.16,0.642
CA_36850,61,2024-03-12,0.875,1.408,0.621
CA_36850,61,2024-03-13,1.862,3.099,0.601
CA_36850,61,2024-03-14,2.397,4.131,0.58
CA_36850,61,2024-03-15,2.166,3.662,0.592
CA_36850,61,2024-03-16,2.038,3.38,0.603
CA_36850,61,2024-03-17,2.133,3.474,0.614
CA_36850,61,2024-03-18,1.938,3.099,0.625
CA_36850,61,2024-03-19,2.092,3.286,0.637
CA_36850,61,2024-03-20,2.494,3.85,0.648
CA_36850,61,2024-03-21,2.413,3.662,0.659
CA_36850,61,2024-03-22,1.888,2.817,0.67
CA_36850,61,2024-03-23,1.409,2.066,0.682
CA_36850,61,2024-03-24,2.02,2.911,0.694
CA_36850,61,2024-03-25,1.921,2.723,0.706
CA_36850,61,2024-03-26,2.29,3.192,0.717
CA_36850,61,2024-03-27,1.574,2.16,0.729
CA_36850,61,2024-03-28,1.878,2.535,0.741
CA_36850,61,2024-03-29,1.696,2.254,0.753
CA_36850,61,2024-03-30,2.153,2.817,0.764
CA_36850,61,2024-03-31,2.113,2.723,0.776
CA_36850,61,2024-04-01,2.917,3.702,0.788
CA_36850,61,2024-04-02,2.816,3.522,0.8
CA_36850,61,2024-04-03,3.004,3.702,0.811
CA_36850,61,2024-04-04,1.115,1.354,0.823
CA_36850,61,2024-04-05,1.583,1.896,0.835
CA_36850,61,2024-04-06,2.37,2.799,0.847
CA_36850,61,2024-04-07,2.945,3.431,0.858
CA_36850,61,2024-04-08,3.576,4.244,0.843
CA_36850,61,2024-04-09,3.062,3.702,0.827
CA_36850,61,2024-04-10,3.224,3.973,0.811
CA_36850,61,2024-04-11,3.305,4.154,0.796
CA_36850,61,2024-04-12,3.1,3.973,0.78
CA_36850,61,2024-04-13,0.759,0.993,0.765
CA_36850,61,2024-04-14,1.758,2.348,0.749
CA_36850,61,2024-04-15,1.986,2.709,0.733
CA_36850,61,2024-04-16,2.333,3.251,0.718
CA_36850,61,2024-04-17,2.789,3.973,0.702
CA_36850,61,2024-04-18,2.665,3.883,0.686
CA_36850,61,2024-04-19,3.089,4.605,0.671
CA_36850,61,2024-04-20,3.254,4.966,0.655
CA_36850,61,2024-04-21,3.061,4.786,0.64
CA_36850,61,2024-04-22,2.93,4.695,0.624
CA_36850,61,2024-04-23,2.417,3.973,0.608
CA_36850,61,2024-04-24,2.195,3.702,0.593
CA_36850,61,2024-04-25,2.45,4.244,0.577
CA_36850,61,2024-04-26,2.13,3.793,0.562
CA_36850,61,2024-04-27,2.465,4.515,0.546
CA_36850,61,2024-04-28,2.682,5.057,0.53
CA_36850,61,2024-04-29,2.789,5.418,0.515
CA_36850,61,2024-04-30,2.75,5.508,0.499
CA_36850,61,2024-05-01,3.046,6.298,0.484
CA_36850,61,2024-05-02,2.997,5.766,0.52
CA_36850,61,2024-05-03,3.008,5.411,0.556
CA_36850,61,2024-05-04,0.735,1.242,0.592
CA_36850,61,2024-05-05,2.563,4.08,0.628
CA_36850,61,2024-05-06,2.946,4.435,0.664
CA_36850,61,2024-05-07,3.416,4.879,0.7
CA_36850,61,2024-05-08,4.507,6.12,0.736
CA_36850,61,2024-05-09,4.043,5.233,0.772
CA_36850,61,2024-05-10,4.738,6.12,0.774
CA_36850,61,2024-05-11,4.955,6.387,0.776
CA_36850,61,2024-05-12,4.897,6.298,0.778
CA_36850,61,2024-05-13,4.839,6.209,0.779
CA_36850,61,2024-05-14,4.919,6.298,0.781
CA_36850,61,2024-05-15,5.069,6.475,0.783
CA_36850,61,2024-05-16,4.593,5.854,0.784
CA_36850,61,2024-05-17,4.115,5.233,0.786
CA_36850,61,2024-05-18,3.916,5.233,0.748
CA_36850,61,2024-05-19,3.781,5.322,0.71
CA_36850,61,2024-05-20,4.175,6.209,0.672
CA_36850,61,2024-05-21,4.334,6.83,0.635
CA_36850,61,2024-05-22,3.757,6.298,0.597
CA_36850,61,2024-05-23,3.519,6.298,0.559
CA_36850,61,2024-05-24,2.818,5.411,0.521
CA_36850,61,2024-05-25,2.441,5.056,0.483
CA_36850,61,2024-05-26,2.776,5.677,0.489
CA_36850,61,2024-05-27,3.029,6.12,0.495
CA_36850,61,2024-05-28,3.111,6.209,0.501
CA_36850,61,2024-05-29,3.463,6.83,0.507
CA_36850,61,2024-05-30,3.641,7.096,0.513
CA_36850,61,2024-05-31,3.684,7.096,0.519
CA_36850,61,2024-06-01,3.307,6.298,0.525
CA_36850,61,2024-06-02,3.252,6.123,0.531
CA_36850,61,2024-06-03,2.986,5.51,0.542
CA_36850,61,2024-06-04,4.252,7.697,0.552
CA_36850,61,2024-06-05,4.088,7.26,0.563
CA_36850,61,2024-06-06,4.466,7.785,0.574
CA_36850,61,2024-06-07,3.936,6.735,0.584
CA_36850,61,2024-06-08,3.435,5.773,0.595
CA_36850,61,2024-06-09,3.655,6.035,0.606
CA_36850,61,2024-06-10,4.205,6.822,0.616
CA_36850,61,2024-06-11,2.095,5.401,0.389
CA_36850,61,2024-06-12,2.109,5.668,0.376
CA_36850,61,2024-06-13,2.083,6.088,0.348
CA_36850,61,2024-06-14,2.221,6.648,0.337
CA_36850,61,2024-06-15,2.524,7.347,0.342
CA_36850,61,2024-06-16,2.779,7.627,0.363
CA_36850,61,2024-06-17,3.193,7.96,0.399
CA_36850,61,2024-06-18,3.691,8.135,0.452
CA_36850,61,2024-06-19,4.11,8.152,0.504
CA_36850,61,2024-06-20,4.459,8.012,0.557
CA_36850,61,2024-06-21,4.871,8.029,0.61
CA_36850,61,2024-06-22,5.05,7.732,0.657
CA_36850,61,2024-06-23,5.129,7.365,0.7
CA_36850,61,2024-06-24,5.203,7.085,0.737
CA_36850,61,2024-06-25,5.325,6.928,0.77
CA_36850,61,2024-06-26,5.465,6.84,0.798
CA_36850,61,2024-06-27,5.811,7.015,0.826
CA_36850,61,2024-06-28,6.123,7.155,0.854
CA_36850,61,2024-06-29,6.232,7.078,0.882
CA_36850,61,2024-06-30,6.259,6.965,0.901
CA_36850,61,2024-07-01,6.152,6.765,0.911
CA_36850,61,2024-07-02,5.952,6.529,0.912
CA_36850,61,2024-07-03,5.782,6.397,0.905
CA_36850,61,2024-07-04,6.049,6.826,0.888
CA_36850,61,2024-07-05,6.492,7.478,0.872
CA_36850,61,2024-07-06,6.87,8.061,0.855
CA_36850,61,2024-07-07,6.997,8.353,0.839
CA_36850,61,2024-07-08,6.898,8.456,0.813
CA_36850,61,2024-07-09,6.405,8.164,0.777
CA_36850,61,2024-07-10,5.599,7.564,0.731
CA_36850,61,2024-07-11,4.828,7.083,0.676
CA_36850,61,2024-07-12,4.228,6.929,0.61
CA_36850,61,2024-07-13,3.828,7.101,0.545
CA_36850,61,2024-07-14,3.512,7.461,0.48
CA_36850,61,2024-07-15,3.193,7.855,0.415
CA_36850,61,2024-07-16,2.948,7.958,0.373
CA_36850,61,2024-07-17,2.828,7.975,0.356
CA_36850,61,2024-07-18,2.843,7.89,0.363
CA_36850,61,2024-07-19,3.036,7.752,0.393
CA_36850,61,2024-07-20,3.361,7.495,0.448
CA_36850,61,2024-07-21,3.717,7.426,0.502
CA_36850,61,2024-07-22,4.005,7.255,0.557
CA_36850,61,2024-07-23,4.187,6.929,0.611
CA_36850,61,2024-07-24,4.311,6.603,0.657
CA_36850,61,2024-07-25,4.557,6.569,0.695
CA_36850,61,2024-07-26,4.912,6.775,0.723
CA_36850,61,2024-07-27,5.16,6.929,0.743
CA_36850,61,2024-07-28,5.402,7.152,0.755
CA_36850,61,2024-07-29,5.689,7.426,0.766
CA_36850,61,2024-07-30,5.932,7.629,0.777
CA_36850,61,2024-07-31,5.91,7.49,0.789
CA_36850,61,2024-08-01,5.827,7.302,0.798
CA_36850,61,2024-08-02,5.592,6.946,0.806
CA_36850,61,2024-08-03,5.513,6.791,0.812
CA_36850,61,2024-08-04,5.271,6.452,0.817
CA_36850,61,2024-08-05,5.138,6.266,0.82
CA_36850,61,2024-08-06,5.169,6.283,0.823
CA_36850,61,2024-08-07,5.353,6.486,0.825
CA_36850,61,2024-08-08,5.33,6.435,0.828
CA_36850,61,2024-08-09,5.354,6.554,0.818
CA_36850,61,2024-08-10,5.358,6.774,0.794
CA_36850,61,2024-08-11,5.162,6.842,0.757
CA_36850,61,2024-08-12,4.684,6.571,0.706
CA_36850,61,2024-08-13,4.07,6.198,0.642
CA_36850,61,2024-08-14,3.461,5.843,0.578
CA_36850,61,2024-08-15,2.847,5.487,0.514
CA_36850,61,2024-08-16,2.387,5.402,0.45
CA_36850,61,2024-08-17,2.278,5.673,0.409
CA_36850,61,2024-08-18,2.249,5.826,0.389
CA_36850,61,2024-08-19,2.271,5.843,0.392
CA_36850,61,2024-08-20,2.386,5.792,0.417
CA_36850,61,2024-08-21,2.618,5.673,0.464
CA_36850,61,2024-08-22,2.865,5.589,0.511
CA_36850,61,2024-08-23,3.223,5.741,0.558
CA_36850,61,2024-08-24,3.604,5.927,0.605
CA_36850,61,2024-08-25,4.042,6.249,0.644
CA_36850,61,2024-08-26,4.257,6.3,0.675
CA_36850,61,2024-08-27,4.441,6.368,0.697
CA_36850,61,2024-08-28,4.669,6.554,0.712
CA_36850,61,2024-08-29,4.774,6.638,0.719
CA_36850,61,2024-08-30,4.63,6.378,0.726
CA_36850,61,2024-08-31,4.628,6.322,0.733
CA_36850,61,2024-09-01,4.706,6.368,0.74
CA_36850,61,2024-09-02,4.623,6.194,0.746
CA_36850,61,2024-09-03,4.39,5.831,0.753
CA_36850,61,2024-09-04,4.27,5.626,0.76
CA_36850,61,2024-09-05,4.056,5.301,0.767
CA_36850,61,2024-09-06,3.804,4.925,0.774
CA_36850,61,2024-09-07,3.549,4.548,0.78
CA_36850,61,2024-09-08,3.637,4.617,0.787
CA_36850,61,2024-09-09,3.752,4.719,0.794
CA_36850,61,2024-09-10,3.872,4.805,0.806
CA_36850,61,2024-09-11,3.846,4.685,0.823
CA_36850,61,2024-09-12,3.836,4.565,0.845
CA_36850,61,2024-09-13,3.817,4.394,0.872
CA_36850,61,2024-09-14,3.769,4.172,0.904
CA_36850,61,2024-09-15,4.034,4.292,0.936
CA_36850,61,2024-09-16,4.304,4.429,0.968
CA_36850,61,2024-09-17,4.446,4.446,1.0
CA_36850,61,2024-09-18,4.442,4.36,1.02
CA_36850,61,2024-09-19,4.315,4.206,1.026
CA_36850,61,2024-09-20,3.951,3.864,1.02
CA_36850,61,2024-09-21,3.733,3.728,1.001
CA_36850,61,2024-09-22,3.608,3.728,0.969
CA_36850,61,2024-09-23,3.483,3.728,0.937
CA_36850,61,2024-09-24,3.506,3.882,0.906
CA_36850,61,2024-09-25,3.412,3.899,0.874
CA_36850,61,2024-09-26,3.292,3.95,0.835
CA_36850,61,2024-09-27,3.188,4.07,0.788
CA_36850,61,2024-09-28,3.058,4.206,0.734
CA_36850,61,2024-09-29,2.995,4.562,0.672
CA_36850,61,2024-09-30,2.939,4.964,0.603
CA_36850,61,2024-10-01,2.684,5.065,0.534
CA_36850,61,2024-10-02,2.381,5.097,0.464
CA_36850,61,2024-10-03,2.074,5.147,0.395
CA_36850,61,2024-10-04,1.631,4.688,0.34
CA_36850,61,2024-10-05,1.336,4.43,0.298
CA_36850,61,2024-10-06,1.241,4.577,0.271
CA_36850,61,2024-10-07,1.152,4.485,0.257
CA_36850,61,2024-10-08,1.085,4.228,0.257
CA_36850,61,2024-10-09,1.118,4.357,0.257
CA_36850,61,2024-10-10,1.14,4.449,0.256
CA_36850,61,2024-10-11,1.107,4.32,0.256
CA_36850,61,2024-10-12,1.074,4.155,0.259
CA_36850,61,2024-10-13,1.042,3.971,0.265
CA_36850,61,2024-10-14,1.002,3.713,0.273
CA_36850,61,2024-10-15,0.975,3.456,0.285
CA_36850,61,2024-10-16,1.01,3.346,0.3
CA_36850,61,2024-10-17,1.047,3.309,0.314
CA_36850,61,2024-10-18,1.066,3.254,0.329
CA_36850,61,2024-10-19,1.115,3.272,0.343
CA_36850,61,2024-10-20,1.144,3.217,0.358
CA_36850,61,2024-10-21,1.044,2.813,0.372
CA_36850,61,2024-10-22,1.007,2.61,0.387
CA_36850,61,2024-10-23,1.058,2.647,0.402
CA_36850,61,2024-10-24,1.103,2.647,0.417
CA_36850,61,2024-10-25,1.183,2.721,0.431
CA_36850,61,2024-10-26,1.252,2.794,0.446
CA_36850,61,2024-10-27,1.338,2.905,0.461
CA_36850,61,2024-10-28,1.31,2.794,0.471
CA_36850,61,2024-10-29,1.213,2.555,0.476
CA_36850,61,2024-10-30,1.087,2.279,0.476
CA_36850,61,2024-10-31,0.999,2.111,0.472
CA_36850,61,2024-11-01,0.916,1.983,0.462
CA_36850,61,2024-11-02,0.839,1.848,0.453
CA_36850,61,2024-11-03,0.804,1.807,0.444
CA_36850,61,2024-11-04,0.776,1.788,0.434
CA_36850,61,2024-11-05,0.77,1.788,0.431
CA_36850,61,2024-11-06,0.776,1.788,0.434
CA_36850,61,2024-11-07,0.852,1.922,0.442
CA_36850,61,2024-11-08,0.933,2.037,0.457
CA_36850,61,2024-11-09,0.954,1.999,0.477
CA_36850,61,2024-11-10,0.971,1.961,0.498
CA_36850,61,2024-11-11,0.971,1.884,0.518
CA_36850,61,2024-11-12,1.024,1.903,0.539
CA_36850,61,2024-11-13,1.051,1.884,0.556
CA_36850,61,2024-11-14,0.986,1.73,0.57
CA_36850,61,2024-11-15,0.935,1.614,0.581
CA_36850,61,2024-11-16,0.902,1.538,0.588
CA_36850,61,2024-11-17,0.784,1.326,0.592
CA_36850,61,2024-11-18,0.7,1.173,0.597
CA_36850,61,2024-11-19,0.704,1.173,0.601
CA_36850,61,2024-11-20,0.709,1.173,0.605
CA_36850,61,2024-11-21,0.774,1.269,0.609
CA_36850,61,2024-11-22,0.897,1.461,0.613
CA_36850,61,2024-11-23,0.927,1.499,0.617
CA_36850,61,2024-11-24,1.016,1.634,0.622
CA_36850,61,2024-11-25,1.045,1.672,0.626
CA_36850,61,2024-11-26,0.991,1.576,0.63
CA_36850,61,2024-11-27,0.913,1.442,0.634
CA_36850,61,2024-11-28,0.883,1.384,0.638
CA_36850,61,2024-11-29,0.824,1.295,0.637
CA_36850,61,2024-11-30,0.781,1.238,0.629
CA_36850,61,2024-12-01,0.878,1.439,0.616
CA_36850,61,2024-12-02,0.916,1.555,0.597
CA_36850,61,2024-12-03,0.91,1.605,0.572
CA_36850,61,2024-12-04,0.878,1.605,0.547
CA_36850,61,2024-12-05,0.885,1.669,0.522
CA_36850,61,2024-12-06,0.73,1.455,0.497
CA_36850,61,2024-12-07,0.603,1.263,0.474
CA_36850,61,2024-12-08,0.545,1.198,0.453
CA_36850,61,2024-12-09,0.487,1.113,0.435
CA_36850,61,2024-12-10,0.424,1.006,0.418
CA_36850,61,2024-12-11,0.373,0.92,0.404
CA_36850,61,2024-12-12,0.398,1.027,0.39
CA_36850,61,2024-12-13,0.389,1.049,0.375
CA_36850,61,2024-12-14,0.583,1.669,0.361
CA_36850,61,2024-12-15,0.643,1.862,0.352
CA_36850,61,2024-12-16,0.702,2.033,0.349
CA_36850,61,2024-12-17,0.681,1.969,0.351
CA_36850,61,2024-12-18,0.741,2.097,0.359
CA_36850,61,2024-12-19,0.581,1.562,0.373
CA_36850,61,2024-12-20,0.551,1.434,0.386
CA_36850,61,2024-12-21,0.519,1.305,0.4
CA_36850,61,2024-12-22,0.544,1.327,0.413
CA_36850,61,2024-12-23,0.551,1.284,0.427
CA_36850,61,2024-12-24,0.588,1.327,0.44
CA_36850,61,2024-12-25,0.654,1.434,0.454
CA_36850,61,2024-12-26,0.69,1.477,0.468
CA_36850,61,2024-12-27,0.675,1.412,0.481
CA_36850,61,2024-12-28,0.608,1.241,0.495
CA_36850,61,2024-12-29,0.56,1.113,0.508
CA_36850,61,2024-12-30,0.507,0.99,0.515
CA_36850,61,2024-12-31,0.464,0.892,0.522
CA_36898,37,2024-01-01,0.636,0.874,0.728
CA_36898,37,2024-01-02,0.282,0.388,0.726
CA_36898,37,2024-01-03,0.634,0.874,0.725
CA_36898,37,2024-01-04,1.265,1.748,0.724
CA_36898,37,2024-01-05,0.912,1.262,0.723
CA_36898,37,2024-01-06,0.77,1.068,0.721
CA_36898,37,2024-01-07,0.979,1.359,0.72
CA_36898,37,2024-01-08,0.768,1.068,0.719
CA_36898,37,2024-01-09,0.836,1.165,0.718
CA_36898,37,2024-01-10,0.765,1.068,0.716
CA_36898,37,2024-01-11,0.972,1.359,0.715
CA_36898,37,2024-01-12,0.554,0.777,0.714
CA_36898,37,2024-01-13,0.623,0.874,0.713
CA_36898,37,2024-01-14,0.967,1.359,0.711
CA_36898,37,2024-01-15,0.552,0.777,0.71
CA_36898,37,2024-01-16,0.757,1.068,0.709
CA_36898,37,2024-01-17,0.756,1.068,0.708
CA_36898,37,2024-01-18,0.617,0.874,0.706
CA_36898,37,2024-01-19,0.822,1.165,0.705
CA_36898,37,2024-01-20,0.888,1.262,0.704
CA_36898,37,2024-01-21,0.887,1.262,0.703
CA_36898,37,2024-01-22,0.613,0.874,0.701
CA_36898,37,2024-01-23,0.884,1.262,0.7
CA_36898,37,2024-01-24,0.611,0.874,0.699
CA_36898,37,2024-01-25,0.948,1.359,0.698
CA_36898,37,2024-01-26,0.676,0.971,0.696
CA_36898,37,2024-01-27,0.675,0.971,0.695
CA_36898,37,2024-01-28,0.876,1.262,0.694
CA_36898,37,2024-01-29,1.143,1.65,0.693
CA_36898,37,2024-01-30,1.074,1.553,0.691
CA_36898,37,2024-01-31,1.34,1.942,0.69
CA_36898,37,2024-02-01,0.901,1.307,0.689
CA_36898,37,2024-02-02,0.835,1.214,0.688
CA_36898,37,2024-02-03,0.769,1.121,0.686
CA_36898,37,2024-02-04,0.96,1.401,0.685
CA_36898,37,2024-02-05,0.958,1.401,0.684
CA_36898,37,2024-02-06,0.637,0.934,0.683
CA_36898,37,2024-02-07,0.7,1.027,0.681
CA_36898,37,2024-02-08,0.699,1.027,0.68
CA_36898,37,2024-02-09,0.887,1.307,0.679
CA_36898,37,2024-02-10,1.012,1.494,0.678
CA_36898,37,2024-02-11,1.074,1.587,0.676
CA_36898,37,2024-02-12,0.994,1.494,0.665
CA_36898,37,2024-02-13,0.793,1.214,0.654
CA_36898,37,2024-02-14,0.84,1.307,0.642
CA_36898,37,2024-02-15,0.943,1.494,0.631
CA_36898,37,2024-02-16,0.81,1.307,0.619
CA_36898,37,2024-02-17,0.625,1.027,0.608
CA_36898,37,2024-02-18,1.17,1.961,0.597
CA_36898,37,2024-02-19,1.585,2.708,0.585
CA_36898,37,2024-02-20,1.022,1.681,0.608
CA_36898,37,2024-02-21,1.061,1.681,0.631
CA_36898,37,2024-02-22,1.282,1.961,0.654
CA_36898,37,2024-02-23,1.2,1.774,0.677
CA_36898,37,2024-02-24,1.045,1.494,0.699
CA_36898,37,2024-02-25,1.281,1.774,0.722
CA_36898,37,2024-02-26,1.391,1.868,0.745
CA_36898,37,2024-02-27,1.649,2.148,0.768
CA_36898,37,2024-02-28,1.571,2.054,0.764
CA_36898,37,2024-02-29,1.493,1.961,0.761
CA_36898,37,2024-03-01,1.33,1.755,0.758
CA_36898,37,2024-03-02,1.464,1.94,0.755
CA_36898,37,2024-03-03,1.11,1.478,0.751
CA_36898,37,2024-03-04,0.967,1.293,0.748
CA_36898,37,2024-03-05,1.513,2.032,0.745
CA_36898,37,2024-03-06,1.438,1.94,0.741
CA_36898,37,2024-03-07,1.704,2.309,0.738
CA_36898,37,2024-03-08,1.765,2.402,0.735
CA_36898,37,2024-03-09,1.622,2.217,0.732
CA_36898,37,2024-03-10,1.682,2.309,0.728
CA_36898,37,2024-03-11,1.54,2.125,0.725
CA_36898,37,2024-03-12,1.0,1.386,0.722
CA_36898,37,2024-03-13,2.256,3.141,0.718
CA_36898,37,2024-03-14,2.972,4.157,0.715
CA_36898,37,2024-03-15,2.638,3.695,0.714
CA_36898,37,2024-03-16,2.37,3.325,0.713
CA_36898,37,2024-03-17,2.498,3.51,0.712
CA_36898,37,2024-03-18,2.166,3.048,0.711
CA_36898,37,2024-03-19,2.294,3.233,0.71
CA_36898,37,2024-03-20,2.683,3.787,0.708
CA_36898,37,2024-03-21,2.548,3.602,0.707
CA_36898,37,2024-03-22,1.957,2.771,0.706
CA_36898,37,2024-03-23,1.466,2.032,0.721
CA_36898,37,2024-03-24,2.109,2.863,0.737
CA_36898,37,2024-03-25,2.014,2.679,0.752
CA_36898,37,2024-03-26,2.408,3.141,0.767
CA_36898,37,2024-03-27,1.734,2.217,0.782
CA_36898,37,2024-03-28,1.988,2.494,0.797
CA_36898,37,2024-03-29,1.801,2.217,0.812
CA_36898,37,2024-03-30,2.369,2.863,0.827
CA_36898,37,2024-03-31,2.179,2.586,0.843
CA_36898,37,2024-04-01,3.138,3.659,0.858
CA_36898,37,2024-04-02,3.038,3.48,0.873
CA_36898,37,2024-04-03,3.17,3.57,0.888
CA_36898,37,2024-04-04,1.209,1.339,0.903
CA_36898,37,2024-04-05,1.639,1.785,0.918
CA_36898,37,2024-04-06,2.582,2.767,0.933
CA_36898,37,2024-04-07,3.217,3.391,0.949
CA_36898,37,2024-04-08,3.972,4.194,0.947
CA_36898,37,2024-04-09,3.458,3.659,0.945
CA_36898,37,2024-04-10,3.705,3.927,0.943
CA_36898,37,2024-04-11,3.866,4.105,0.942
CA_36898,37,2024-04-12,3.691,3.927,0.94
CA_36898,37,2024-04-13,0.921,0.982,0.938
CA_36898,37,2024-04-14,2.173,2.32,0.937
CA_36898,37,2024-04-15,2.586,2.767,0.935
CA_36898,37,2024-04-16,2.998,3.213,0.933
CA_36898,37,2024-04-17,3.658,3.927,0.931
CA_36898,37,2024-04-18,3.651,3.927,0.93
CA_36898,37,2024-04-19,4.224,4.551,0.928
CA_36898,37,2024-04-20,4.464,4.819,0.926
CA_36898,37,2024-04-21,4.373,4.73,0.925
CA_36898,37,2024-04-22,4.283,4.641,0.923
CA_36898,37,2024-04-23,3.617,3.927,0.921
CA_36898,37,2024-04-24,3.326,3.748,0.887
CA_36898,37,2024-04-25,3.579,4.194,0.853
CA_36898,37,2024-04-26,3.072,3.748,0.819
CA_36898,37,2024-04-27,3.505,4.462,0.786
CA_36898,37,2024-04-28,3.756,4.998,0.752
CA_36898,37,2024-04-29,3.843,5.355,0.718
CA_36898,37,2024-04-30,3.783,5.533,0.684
CA_36898,37,2024-05-01,4.111,6.326,0.65
CA_36898,37,2024-05-02,3.821,5.799,0.659
CA_36898,37,2024-05-03,3.64,5.448,0.668
CA_36898,37,2024-05-04,0.833,1.23,0.677
CA_36898,37,2024-05-05,2.774,4.042,0.686
CA_36898,37,2024-05-06,3.055,4.393,0.695
CA_36898,37,2024-05-07,3.467,4.92,0.705
CA_36898,37,2024-05-08,4.39,6.151,0.714
CA_36898,37,2024-05-09,3.747,5.184,0.723
CA_36898,37,2024-05-10,4.307,6.063,0.71
CA_36898,37,2024-05-11,4.478,6.414,0.698
CA_36898,37,2024-05-12,4.218,6.151,0.686
CA_36898,37,2024-05-13,4.083,6.063,0.673
CA_36898,37,2024-05-14,4.066,6.151,0.661
CA_36898,37,2024-05-15,4.161,6.414,0.649
CA_36898,37,2024-05-16,3.691,5.799,0.636
CA_36898,37,2024-05-17,3.235,5.184,0.624
CA_36898,37,2024-05-18,3.231,5.272,0.613
CA_36898,37,2024-05-19,3.172,5.272,0.602
CA_36898,37,2024-05-20,3.631,6.151,0.59
CA_36898,37,2024-05-21,3.969,6.853,0.579
CA_36898,37,2024-05-22,3.592,6.326,0.568
CA_36898,37,2024-05-23,3.521,6.326,0.557
CA_36898,37,2024-05-24,2.971,5.448,0.545
CA_36898,37,2024-05-25,2.628,4.92,0.534
CA_36898,37,2024-05-26,3.047,5.623,0.542
CA_36898,37,2024-05-27,3.285,5.975,0.55
CA_36898,37,2024-05-28,3.381,6.063,0.558
CA_36898,37,2024-05-29,3.776,6.678,0.566
CA_36898,37,2024-05-30,4.031,7.029,0.573
CA_36898,37,2024-05-31,4.137,7.117,0.581
CA_36898,37,2024-06-01,3.725,6.322,0.589
CA_36898,37,2024-06-02,3.671,6.149,0.597
CA_36898,37,2024-06-03,3.218,5.456,0.59
CA_36898,37,2024-06-04,4.49,7.708,0.582
CA_36898,37,2024-06-05,4.185,7.275,0.575
CA_36898,37,2024-06-06,4.427,7.795,0.568
CA_36898,37,2024-06-07,3.739,6.669,0.561
CA_36898,37,2024-06-08,3.163,5.716,0.553
CA_36898,37,2024-06-09,3.311,6.062,0.546
CA_36898,37,2024-06-10,3.64,6.755,0.539
CA_36898,37,2024-06-11,3.014,5.326,0.566
CA_36898,37,2024-06-12,3.146,5.595,0.563
CA_36898,37,2024-06-13,3.349,6.028,0.557
CA_36898,37,2024-06-14,3.685,6.6,0.558
CA_36898,37,2024-06-15,4.149,7.292,0.567
CA_36898,37,2024-06-16,4.437,7.587,0.584
CA_36898,37,2024-06-17,4.817,7.916,0.607
CA_36898,37,2024-06-18,5.176,8.089,0.639
CA_36898,37,2024-06-19,5.42,8.089,0.67
CA_36898,37,2024-06-20,5.589,7.968,0.702
CA_36898,37,2024-06-21,5.828,7.968,0.733
CA_36898,37,2024-06-22,5.802,7.673,0.758
CA_36898,37,2024-06-23,5.655,7.292,0.777
CA_36898,37,2024-06-24,5.53,7.015,0.789
CA_36898,37,2024-06-25,5.45,6.859,0.795
CA_36898,37,2024-06-26,5.377,6.772,0.794
CA_36898,37,2024-06-27,5.509,6.946,0.793
CA_36898,37,2024-06-28,5.628,7.102,0.793
CA_36898,37,2024-06-29,5.563,7.025,0.792
CA_36898,37,2024-06-30,5.473,6.912,0.792
CA_36898,37,2024-07-01,5.317,6.714,0.792
CA_36898,37,2024-07-02,5.137,6.479,0.793
CA_36898,37,2024-07-03,5.042,6.348,0.794
CA_36898,37,2024-07-04,5.379,6.756,0.796
CA_36898,37,2024-07-05,5.894,7.384,0.798
CA_36898,37,2024-07-06,6.382,7.978,0.8
CA_36898,37,2024-07-07,6.626,8.267,0.801
CA_36898,37,2024-07-08,6.716,8.368,0.803
CA_36898,37,2024-07-09,6.503,8.097,0.803
CA_36898,37,2024-07-10,6.013,7.486,0.803
CA_36898,37,2024-07-11,5.613,6.993,0.803
CA_36898,37,2024-07-12,5.482,6.841,0.801
CA_36898,37,2024-07-13,5.608,7.01,0.8
CA_36898,37,2024-07-14,5.884,7.367,0.799
CA_36898,37,2024-07-15,6.2,7.774,0.798
CA_36898,37,2024-07-16,6.273,7.859,0.798
CA_36898,37,2024-07-17,6.307,7.876,0.801
CA_36898,37,2024-07-18,6.261,7.774,0.806
CA_36898,37,2024-07-19,6.192,7.621,0.813
CA_36898,37,2024-07-20,6.053,7.367,0.821
CA_36898,37,2024-07-21,6.072,7.316,0.83
CA_36898,37,2024-07-22,5.99,7.146,0.839
CA_36898,37,2024-07-23,5.806,6.858,0.848
CA_36898,37,2024-07-24,5.597,6.552,0.855
CA_36898,37,2024-07-25,5.623,6.535,0.86
CA_36898,37,2024-07-26,5.828,6.739,0.864
CA_36898,37,2024-07-27,5.978,6.892,0.867
CA_36898,37,2024-07-28,6.162,7.095,0.868
CA_36898,37,2024-07-29,6.39,7.35,0.869
CA_36898,37,2024-07-30,6.553,7.528,0.87
CA_36898,37,2024-07-31,6.438,7.387,0.871
CA_36898,37,2024-08-01,6.257,7.18,0.871
CA_36898,37,2024-08-02,5.938,6.824,0.87
CA_36898,37,2024-08-03,5.796,6.684,0.867
CA_36898,37,2024-08-04,5.463,6.333,0.862
CA_36898,37,2024-08-05,5.268,6.149,0.857
CA_36898,37,2024-08-06,5.261,6.183,0.851
CA_36898,37,2024-08-07,5.385,6.367,0.846
CA_36898,37,2024-08-08,5.292,6.3,0.84
CA_36898,37,2024-08-09,5.364,6.433,0.834
CA_36898,37,2024-08-10,5.501,6.651,0.828
CA_36898,37,2024-08-11,5.511,6.717,0.821
CA_36898,37,2024-08-12,5.253,6.45,0.814
CA_36898,37,2024-08-13,4.939,6.116,0.806
CA_36898,37,2024-08-14,4.625,5.782,0.798
CA_36898,37,2024-08-15,4.296,5.431,0.791
CA_36898,37,2024-08-16,4.181,5.347,0.783
CA_36898,37,2024-08-17,4.377,5.631,0.778
CA_36898,37,2024-08-18,4.471,5.765,0.776
CA_36898,37,2024-08-19,4.474,5.765,0.777
CA_36898,37,2024-08-20,4.453,5.715,0.78
CA_36898,37,2024-08-21,4.398,5.598,0.786
CA_36898,37,2024-08-22,4.356,5.498,0.792
CA_36898,37,2024-08-23,4.497,5.631,0.798
CA_36898,37,2024-08-24,4.693,5.832,0.804
CA_36898,37,2024-08-25,5.0,6.183,0.808
CA_36898,37,2024-08-26,5.053,6.233,0.811
CA_36898,37,2024-08-27,5.134,6.333,0.811
CA_36898,37,2024-08-28,5.284,6.534,0.809
CA_36898,37,2024-08-29,5.326,6.617,0.805
CA_36898,37,2024-08-30,5.066,6.323,0.801
CA_36898,37,2024-08-31,4.983,6.247,0.797
CA_36898,37,2024-09-01,4.978,6.271,0.793
CA_36898,37,2024-09-02,4.813,6.095,0.79
CA_36898,37,2024-09-03,4.493,5.717,0.786
CA_36898,37,2024-09-04,4.328,5.532,0.782
CA_36898,37,2024-09-05,4.074,5.229,0.778
CA_36898,37,2024-09-06,3.766,4.859,0.774
CA_36898,37,2024-09-07,3.472,4.506,0.77
CA_36898,37,2024-09-08,3.505,4.573,0.767
CA_36898,37,2024-09-09,3.551,4.657,0.763
CA_36898,37,2024-09-10,3.608,4.758,0.758
CA_36898,37,2024-09-11,3.51,4.657,0.753
CA_36898,37,2024-09-12,3.386,4.523,0.747
CA_36898,37,2024-09-13,3.232,4.355,0.741
CA_36898,37,2024-09-14,3.039,4.136,0.734
CA_36898,37,2024-09-15,3.079,4.237,0.727
CA_36898,37,2024-09-16,3.135,4.355,0.721
CA_36898,37,2024-09-17,3.12,4.372,0.714
CA_36898,37,2024-09-18,3.044,4.304,0.707
CA_36898,37,2024-09-19,2.912,4.153,0.7
CA_36898,37,2024-09-20,2.649,3.817,0.693
CA_36898,37,2024-09-21,2.538,3.699,0.686
CA_36898,37,2024-09-22,2.522,3.716,0.679
CA_36898,37,2024-09-23,2.495,3.716,0.672
CA_36898,37,2024-09-24,2.592,3.901,0.665
CA_36898,37,2024-09-25,2.569,3.901,0.658
CA_36898,37,2024-09-26,2.542,3.918,0.649
CA_36898,37,2024-09-27,2.546,4.002,0.637
CA_36898,37,2024-09-28,2.558,4.12,0.622
CA_36898,37,2024-09-29,2.685,4.468,0.606
CA_36898,37,2024-09-30,2.853,4.895,0.586
CA_36898,37,2024-10-01,2.834,5.008,0.567
CA_36898,37,2024-10-02,2.772,5.052,0.548
CA_36898,37,2024-10-03,2.707,5.099,0.528
CA_36898,37,2024-10-04,2.381,4.631,0.512
CA_36898,37,2024-10-05,2.173,4.361,0.497
CA_36898,37,2024-10-06,2.2,4.541,0.485
CA_36898,37,2024-10-07,2.115,4.451,0.475
CA_36898,37,2024-10-08,1.958,4.18,0.468
CA_36898,37,2024-10-09,1.988,4.306,0.461
CA_36898,37,2024-10-10,2.006,4.415,0.454
CA_36898,37,2024-10-11,1.896,4.252,0.447
CA_36898,37,2024-10-12,1.807,4.108,0.44
CA_36898,37,2024-10-13,1.719,3.946,0.435
CA_36898,37,2024-10-14,1.584,3.676,0.43
CA_36898,37,2024-10-15,1.459,3.424,0.426
CA_36898,37,2024-10-16,1.398,3.316,0.422
CA_36898,37,2024-10-17,1.364,3.261,0.419
CA_36898,37,2024-10-18,1.326,3.189,0.415
CA_36898,37,2024-10-19,1.324,3.207,0.412
CA_36898,37,2024-10-20,1.313,3.153,0.416
CA_36898,37,2024-10-21,1.172,2.757,0.426
CA_36898,37,2024-10-22,1.128,2.558,0.444
CA_36898,37,2024-10-23,1.203,2.594,0.469
CA_36898,37,2024-10-24,1.298,2.594,0.501
CA_36898,37,2024-10-25,1.441,2.667,0.532
CA_36898,37,2024-10-26,1.568,2.757,0.564
CA_36898,37,2024-10-27,1.708,2.865,0.596
CA_36898,37,2024-10-28,1.706,2.775,0.619
CA_36898,37,2024-10-29,1.601,2.541,0.634
CA_36898,37,2024-10-30,1.439,2.246,0.64
CA_36898,37,2024-10-31,1.317,2.057,0.638
CA_36898,37,2024-11-01,1.209,1.925,0.628
CA_36898,37,2024-11-02,1.107,1.788,0.618
CA_36898,37,2024-11-03,1.062,1.742,0.608
CA_36898,37,2024-11-04,1.03,1.724,0.597
CA_36898,37,2024-11-05,1.017,1.724,0.59
CA_36898,37,2024-11-06,1.02,1.742,0.586
CA_36898,37,2024-11-07,1.107,1.89,0.585
CA_36898,37,2024-11-08,1.177,2.002,0.588
CA_36898,37,2024-11-09,1.166,1.965,0.593
CA_36898,37,2024-11-10,1.153,1.927,0.599
CA_36898,37,2024-11-11,1.107,1.835,0.604
CA_36898,37,2024-11-12,1.119,1.835,0.61
CA_36898,37,2024-11-13,1.138,1.853,0.614
CA_36898,37,2024-11-14,1.051,1.705,0.616
CA_36898,37,2024-11-15,0.983,1.594,0.616
CA_36898,37,2024-11-16,0.947,1.538,0.614
CA_36898,37,2024-11-17,0.817,1.334,0.611
CA_36898,37,2024-11-18,0.709,1.167,0.608
CA_36898,37,2024-11-19,0.706,1.167,0.605
CA_36898,37,2024-11-20,0.703,1.167,0.602
CA_36898,37,2024-11-21,0.743,1.242,0.599
CA_36898,37,2024-11-22,0.848,1.427,0.595
CA_36898,37,2024-11-23,0.866,1.464,0.592
CA_36898,37,2024-11-24,0.949,1.612,0.589
CA_36898,37,2024-11-25,0.967,1.65,0.586
CA_36898,37,2024-11-26,0.908,1.557,0.583
CA_36898,37,2024-11-27,0.828,1.427,0.58
CA_36898,37,2024-11-28,0.791,1.371,0.576
CA_36898,37,2024-11-29,0.73,1.282,0.569
CA_36898,37,2024-11-30,0.686,1.223,0.558
CA_36898,37,2024-12-01,0.769,1.429,0.543
CA_36898,37,2024-12-02,0.814,1.574,0.524
CA_36898,37,2024-12-03,0.814,1.638,0.501
CA_36898,37,2024-12-04,0.775,1.618,0.479
CA_36898,37,2024-12-05,0.779,1.679,0.456
CA_36898,37,2024-12-06,0.647,1.477,0.433
CA_36898,37,2024-12-07,0.52,1.254,0.41
CA_36898,37,2024-12-08,0.455,1.173,0.387
CA_36898,37,2024-12-09,0.401,1.092,0.363
CA_36898,37,2024-12-10,0.343,0.991,0.34
CA_36898,37,2024-12-11,0.285,0.89,0.316
CA_36898,37,2024-12-12,0.293,1.011,0.292
CA_36898,37,2024-12-13,0.268,1.032,0.268
CA_36898,37,2024-12-14,0.369,1.639,0.245
CA_36898,37,2024-12-15,0.412,1.841,0.236
CA_36898,37,2024-12-16,0.465,2.003,0.241
CA_36898,37,2024-12-17,0.468,1.922,0.262
CA_36898,37,2024-12-18,0.555,2.023,0.297
CA_36898,37,2024-12-19,0.521,1.517,0.347
CA_36898,37,2024-12-20,0.546,1.396,0.397
CA_36898,37,2024-12-21,0.572,1.295,0.447
CA_36898,37,2024-12-22,0.64,1.315,0.497
CA_36898,37,2024-12-23,0.718,1.295,0.547
CA_36898,37,2024-12-24,0.797,1.315,0.597
CA_36898,37,2024-12-25,0.914,1.396,0.647
CA_36898,37,2024-12-26,0.985,1.416,0.697
CA_36898,37,2024-12-27,0.978,1.335,0.747
CA_36898,37,2024-12-28,0.9,1.153,0.797
CA_36898,37,2024-12-29,0.875,1.052,0.847
CA_36898,37,2024-12-30,0.81,0.936,0.872
CA_36898,37,2024-12-31,0.758,0.843,0.897
CA_36982,241,2024-01-01,0.79,0.908,0.87
CA_36982,241,2024-01-02,0.352,0.404,0.873
CA_36982,241,2024-01-03,0.707,0.807,0.876
CA_36982,241,2024-01-04,1.507,1.716,0.879
CA_36982,241,2024-01-05,1.067,1.211,0.881
CA_36982,241,2024-01-06,0.981,1.11,0.884
CA_36982,241,2024-01-07,1.253,1.413,0.887
CA_36982,241,2024-01-08,0.988,1.11,0.89
CA_36982,241,2024-01-09,1.081,1.211,0.892
CA_36982,241,2024-01-10,0.994,1.11,0.895
CA_36982,241,2024-01-11,1.178,1.312,0.898
CA_36982,241,2024-01-12,0.636,0.706,0.901
CA_36982,241,2024-01-13,0.729,0.807,0.903
CA_36982,241,2024-01-14,1.189,1.312,0.906
CA_36982,241,2024-01-15,0.734,0.807,0.909
CA_36982,241,2024-01-16,0.92,1.009,0.912
CA_36982,241,2024-01-17,0.923,1.009,0.914
CA_36982,241,2024-01-18,0.833,0.908,0.917
CA_36982,241,2024-01-19,1.021,1.11,0.92
CA_36982,241,2024-01-20,1.118,1.211,0.923
CA_36982,241,2024-01-21,1.121,1.211,0.925
CA_36982,241,2024-01-22,0.749,0.807,0.928
CA_36982,241,2024-01-23,1.222,1.312,0.931
CA_36982,241,2024-01-24,0.754,0.807,0.934
CA_36982,241,2024-01-25,1.323,1.413,0.937
CA_36982,241,2024-01-26,0.948,1.009,0.939
CA_36982,241,2024-01-27,0.951,1.009,0.942
CA_36982,241,2024-01-28,1.24,1.312,0.945
CA_36982,241,2024-01-29,1.53,1.615,0.948
CA_36982,241,2024-01-30,1.535,1.615,0.95
CA_36982,241,2024-01-31,1.828,1.918,0.953
CA_36982,241,2024-02-01,1.198,1.253,0.956
CA_36982,241,2024-02-02,1.294,1.35,0.959
CA_36982,241,2024-02-03,1.112,1.157,0.961
CA_36982,241,2024-02-04,1.394,1.446,0.964
CA_36982,241,2024-02-05,1.305,1.35,0.967
CA_36982,241,2024-02-06,0.935,0.964,0.97
CA_36982,241,2024-02-07,1.031,1.061,0.972
CA_36982,241,2024-02-08,1.034,1.061,0.975
CA_36982,241,2024-02-09,1.32,1.35,0.978
CA_36982,241,2024-02-10,1.418,1.446,0.981
CA_36982,241,2024-02-11,1.517,1.543,0.983
CA_36982,241,2024-02-12,1.532,1.543,0.993
CA_36982,241,2024-02-13,1.354,1.35,1.003
CA_36982,241,2024-02-14,1.367,1.35,1.013
CA_36982,241,2024-02-15,1.577,1.543,1.022
CA_36982,241,2024-02-16,1.393,1.35,1.032
CA_36982,241,2024-02-17,1.004,0.964,1.042
CA_36982,241,2024-02-18,2.028,1.928,1.051
CA_36982,241,2024-02-19,2.865,2.7,1.061
CA_36982,241,2024-02-20,1.859,1.736,1.071
CA_36982,241,2024-02-21,1.876,1.736,1.081
CA_36982,241,2024-02-22,2.208,2.025,1.09
CA_36982,241,2024-02-23,2.015,1.832,1.1
CA_36982,241,2024-02-24,1.712,1.543,1.11
CA_36982,241,2024-02-25,2.051,1.832,1.119
CA_36982,241,2024-02-26,2.178,1.928,1.129
CA_36982,241,2024-02-27,2.526,2.218,1.139
CA_36982,241,2024-02-28,2.39,2.121,1.127
CA_36982,241,2024-02-29,2.149,1.928,1.114
CA_36982,241,2024-03-01,1.863,1.69,1.102
CA_36982,241,2024-03-02,2.047,1.878,1.09
CA_36982,241,2024-03-03,1.619,1.502,1.078
CA_36982,241,2024-03-04,1.401,1.315,1.065
CA_36982,241,2024-03-05,2.077,1.972,1.053
CA_36982,241,2024-03-06,2.053,1.972,1.041
CA_36982,241,2024-03-07,2.318,2.254,1.029
CA_36982,241,2024-03-08,2.386,2.347,1.017
CA_36982,241,2024-03-09,2.263,2.254,1.004
CA_36982,241,2024-03-10,2.329,2.347,0.992
CA_36982,241,2024-03-11,2.116,2.16,0.98
CA_36982,241,2024-03-12,1.363,1.408,0.968
CA_36982,241,2024-03-13,2.96,3.099,0.955
CA_36982,241,2024-03-14,3.897,4.131,0.943
CA_36982,241,2024-03-15,3.42,3.662,0.934
CA_36982,241,2024-03-16,3.126,3.38,0.925
CA_36982,241,2024-03-17,3.18,3.474,0.915
CA_36982,241,2024-03-18,2.808,3.099,0.906
CA_36982,241,2024-03-19,2.948,3.286,0.897
CA_36982,241,2024-03-20,3.418,3.85,0.888
CA_36982,241,2024-03-21,3.217,3.662,0.878
CA_36982,241,2024-03-22,2.449,2.817,0.869
CA_36982,241,2024-03-23,1.831,2.066,0.886
CA_36982,241,2024-03-24,2.629,2.911,0.903
CA_36982,241,2024-03-25,2.505,2.723,0.92
CA_36982,241,2024-03-26,2.991,3.192,0.937
CA_36982,241,2024-03-27,2.06,2.16,0.954
CA_36982,241,2024-03-28,2.461,2.535,0.971
CA_36982,241,2024-03-29,2.226,2.254,0.988
CA_36982,241,2024-03-30,2.83,2.817,1.005
CA_36982,241,2024-03-31,2.782,2.723,1.022
CA_36982,241,2024-04-01,3.845,3.702,1.038
CA_36982,241,2024-04-02,3.717,3.522,1.055
CA_36982,241,2024-04-03,3.97,3.702,1.072
CA_36982,241,2024-04-04,1.475,1.354,1.089
CA_36982,241,2024-04-05,2.098,1.896,1.106
CA_36982,241,2024-04-06,3.144,2.799,1.123
CA_36982,241,2024-04-07,3.912,3.431,1.14
CA_36982,241,2024-04-08,4.925,4.244,1.16
CA_36982,241,2024-04-09,4.372,3.702,1.181
CA_36982,241,2024-04-10,4.773,3.973,1.201
CA_36982,241,2024-04-11,5.075,4.154,1.222
CA_36982,241,2024-04-12,4.936,3.973,1.242
CA_36982,241,2024-04-13,1.254,0.993,1.263
CA_36982,241,2024-04-14,3.013,2.348,1.283
CA_36982,241,2024-04-15,3.532,2.709,1.304
CA_36982,241,2024-04-16,4.032,3.251,1.24
CA_36982,241,2024-04-17,4.676,3.973,1.177
CA_36982,241,2024-04-18,4.324,3.883,1.114
CA_36982,241,2024-04-19,4.836,4.605,1.05
CA_36982,241,2024-04-20,4.901,4.966,0.987
CA_36982,241,2024-04-21,4.419,4.786,0.923
CA_36982,241,2024-04-22,4.038,4.695,0.86
CA_36982,241,2024-04-23,3.165,3.973,0.797
CA_36982,241,2024-04-24,2.714,3.702,0.733
CA_36982,241,2024-04-25,2.842,4.244,0.67
CA_36982,241,2024-04-26,2.299,3.793,0.606
CA_36982,241,2024-04-27,2.45,4.515,0.543
CA_36982,241,2024-04-28,2.423,5.057,0.479
CA_36982,241,2024-04-29,2.252,5.418,0.416
CA_36982,241,2024-04-30,1.94,5.508,0.352
CA_36982,241,2024-05-01,1.819,6.298,0.289
CA_36982,241,2024-05-02,1.97,5.766,0.342
CA_36982,241,2024-05-03,2.135,5.411,0.395
CA_36982,241,2024-05-04,0.556,1.242,0.447
CA_36982,241,2024-05-05,2.041,4.08,0.5
CA_36982,241,2024-05-06,2.453,4.435,0.553
CA_36982,241,2024-05-07,2.957,4.879,0.606
CA_36982,241,2024-05-08,4.033,6.12,0.659
CA_36982,241,2024-05-09,3.725,5.233,0.712
CA_36982,241,2024-05-10,4.025,6.12,0.658
CA_36982,241,2024-05-11,3.854,6.387,0.604
CA_36982,241,2024-05-12,3.46,6.298,0.549
CA_36982,241,2024-05-13,3.075,6.209,0.495
CA_36982,241,2024-05-14,2.778,6.298,0.441
CA_36982,241,2024-05-15,2.506,6.475,0.387
CA_36982,241,2024-05-16,1.948,5.854,0.333
CA_36982,241,2024-05-17,1.458,5.233,0.279
CA_36982,241,2024-05-18,1.453,5.233,0.278
CA_36982,241,2024-05-19,1.472,5.322,0.277
CA_36982,241,2024-05-20,1.712,6.209,0.276
CA_36982,241,2024-05-21,1.876,6.83,0.275
CA_36982,241,2024-05-22,1.724,6.298,0.274
CA_36982,241,2024-05-23,1.717,6.298,0.273
CA_36982,241,2024-05-24,1.47,5.411,0.272
CA_36982,241,2024-05-25,1.368,5.056,0.271
CA_36982,241,2024-05-26,1.602,5.677,0.282
CA_36982,241,2024-05-27,1.797,6.12,0.294
CA_36982,241,2024-05-28,1.894,6.209,0.305
CA_36982,241,2024-05-29,2.162,6.83,0.317
CA_36982,241,2024-05-30,2.327,7.096,0.328
CA_36982,241,2024-05-31,2.409,7.096,0.339
CA_36982,241,2024-06-01,2.21,6.298,0.351
CA_36982,241,2024-06-02,2.219,6.123,0.362
CA_36982,241,2024-06-03,2.276,5.51,0.413
CA_36982,241,2024-06-04,3.569,7.697,0.464
CA_36982,241,2024-06-05,3.734,7.26,0.514
CA_36982,241,2024-06-06,4.399,7.785,0.565
CA_36982,241,2024-06-07,4.147,6.735,0.616
CA_36982,241,2024-06-08,3.847,5.773,0.666
CA_36982,241,2024-06-09,4.328,6.035,0.717
CA_36982,241,2024-06-10,5.238,6.822,0.768
CA_36982,241,2024-06-11,2.479,6.254,0.396
CA_36982,241,2024-06-12,2.51,6.21,0.404
CA_36982,241,2024-06-13,2.534,6.035,0.42
CA_36982,241,2024-06-14,2.624,6.035,0.436
CA_36982,241,2024-06-15,2.644,5.86,0.452
CA_36982,241,2024-06-16,2.675,5.72,0.468
CA_36982,241,2024-06-17,2.78,5.738,0.484
CA_36982,241,2024-06-18,3.083,6.14,0.5
CA_36982,241,2024-06-19,3.492,6.683,0.518
CA_36982,241,2024-06-20,3.88,7.138,0.539
CA_36982,241,2024-06-21,4.325,7.645,0.563
CA_36982,241,2024-06-22,4.678,7.942,0.589
CA_36982,241,2024-06-23,4.956,8.03,0.618
CA_36982,241,2024-06-24,5.222,8.065,0.647
CA_36982,241,2024-06-25,5.451,8.065,0.675
CA_36982,241,2024-06-26,5.751,8.152,0.704
CA_36982,241,2024-06-27,6.041,8.24,0.733
CA_36982,241,2024-06-28,6.175,8.117,0.763
CA_36982,241,2024-06-29,6.122,7.758,0.792
CA_36982,241,2024-06-30,6.104,7.469,0.822
CA_36982,241,2024-07-01,6.096,7.178,0.852
CA_36982,241,2024-07-02,6.13,6.958,0.881
CA_36982,241,2024-07-03,6.191,6.792,0.911
CA_36982,241,2024-07-04,6.325,6.723,0.941
CA_36982,241,2024-07-05,6.426,6.689,0.962
CA_36982,241,2024-07-06,6.408,6.586,0.973
CA_36982,241,2024-07-07,6.277,6.432,0.976
CA_36982,241,2024-07-08,6.215,6.414,0.969
CA_36982,241,2024-07-09,6.221,6.534,0.953
CA_36982,241,2024-07-10,6.227,6.654,0.936
CA_36982,241,2024-07-11,6.257,6.809,0.92
CA_36982,241,2024-07-12,6.411,7.1,0.904
CA_36982,241,2024-07-13,6.438,7.221,0.892
CA_36982,241,2024-07-14,6.292,7.118,0.884
CA_36982,241,2024-07-15,6.19,7.032,0.88
CA_36982,241,2024-07-16,5.933,6.74,0.881
CA_36982,241,2024-07-17,5.738,6.483,0.885
CA_36982,241,2024-07-18,5.694,6.397,0.89
CA_36982,241,2024-07-19,5.801,6.483,0.895
CA_36982,241,2024-07-20,6.096,6.775,0.899
CA_36982,241,2024-07-21,6.662,7.375,0.903
CA_36982,241,2024-07-22,6.818,7.529,0.905
CA_36982,241,2024-07-23,6.843,7.547,0.907
CA_36982,241,2024-07-24,6.97,7.684,0.907
CA_36982,241,2024-07-25,7.012,7.735,0.906
CA_36982,241,2024-07-26,6.975,7.701,0.906
CA_36982,241,2024-07-27,7.234,7.993,0.905
CA_36982,241,2024-07-28,7.291,8.061,0.904
CA_36982,241,2024-07-29,7.155,7.907,0.905
CA_36982,241,2024-07-30,6.826,7.53,0.907
CA_36982,241,2024-07-31,6.473,7.119,0.91
CA_36982,241,2024-08-01,6.285,6.877,0.914
CA_36982,241,2024-08-02,6.244,6.791,0.919
CA_36982,241,2024-08-03,6.042,6.537,0.925
CA_36982,241,2024-08-04,5.997,6.452,0.93
CA_36982,241,2024-08-05,5.985,6.401,0.935
CA_36982,241,2024-08-06,5.839,6.215,0.94
CA_36982,241,2024-08-07,5.715,6.063,0.943
CA_36982,241,2024-08-08,5.726,6.063,0.945
CA_36982,241,2024-08-09,5.697,6.029,0.945
CA_36982,241,2024-08-10,5.646,5.978,0.945
CA_36982,241,2024-08-11,5.659,5.995,0.944
CA_36982,241,2024-08-12,5.768,6.114,0.943
CA_36982,241,2024-08-13,5.861,6.215,0.943
CA_36982,241,2024-08-14,5.866,6.232,0.941
CA_36982,241,2024-08-15,5.768,6.148,0.938
CA_36982,241,2024-08-16,5.521,5.911,0.934
CA_36982,241,2024-08-17,5.298,5.707,0.928
CA_36982,241,2024-08-18,5.256,5.707,0.921
CA_36982,241,2024-08-19,5.26,5.758,0.914
CA_36982,241,2024-08-20,5.25,5.792,0.907
CA_36982,241,2024-08-21,5.363,5.961,0.9
CA_36982,241,2024-08-22,5.591,6.249,0.895
CA_36982,241,2024-08-23,5.587,6.266,0.892
CA_36982,241,2024-08-24,5.397,6.062,0.891
CA_36982,241,2024-08-25,5.25,5.893,0.891
CA_36982,241,2024-08-26,5.083,5.69,0.894
CA_36982,241,2024-08-27,4.949,5.521,0.896
CA_36982,241,2024-08-28,4.934,5.487,0.899
CA_36982,241,2024-08-29,5.04,5.589,0.902
CA_36982,241,2024-08-30,5.065,5.616,0.902
CA_36982,241,2024-08-31,5.092,5.66,0.9
CA_36982,241,2024-09-01,4.864,5.432,0.895
CA_36982,241,2024-09-02,4.534,5.102,0.888
CA_36982,241,2024-09-03,4.386,4.993,0.878
CA_36982,241,2024-09-04,4.351,5.01,0.868
CA_36982,241,2024-09-05,4.27,4.976,0.859
CA_36982,241,2024-09-06,4.265,5.027,0.849
CA_36982,241,2024-09-07,4.354,5.284,0.826
CA_36982,241,2024-09-08,4.265,5.438,0.788
CA_36982,241,2024-09-09,3.959,5.386,0.736
CA_36982,241,2024-09-10,3.501,5.164,0.669
CA_36982,241,2024-09-11,2.92,4.788,0.589
CA_36982,241,2024-09-12,2.336,4.412,0.508
CA_36982,241,2024-09-13,1.796,4.138,0.428
CA_36982,241,2024-09-14,1.387,4.121,0.348
CA_36982,241,2024-09-15,1.176,4.377,0.284
CA_36982,241,2024-09-16,1.068,4.617,0.238
CA_36982,241,2024-09-17,1.036,5.01,0.208
CA_36982,241,2024-09-18,0.983,5.027,0.196
CA_36982,241,2024-09-19,0.976,4.89,0.2
CA_36982,241,2024-09-20,0.956,4.685,0.204
CA_36982,241,2024-09-21,0.991,4.753,0.209
CA_36982,241,2024-09-22,0.94,4.411,0.213
CA_36982,241,2024-09-23,0.893,4.189,0.213
CA_36982,241,2024-09-24,0.865,4.155,0.207
CA_36982,241,2024-09-25,0.834,4.241,0.197
CA_36982,241,2024-09-26,0.762,4.241,0.182
CA_36982,241,2024-09-27,0.693,4.326,0.163
CA_36982,241,2024-09-28,0.648,4.548,0.143
CA_36982,241,2024-09-29,0.572,4.61,0.123
CA_36982,241,2024-09-30,0.468,4.461,0.103
CA_36982,241,2024-10-01,0.358,3.873,0.09
CA_36982,241,2024-10-02,0.306,3.645,0.082
CA_36982,241,2024-10-03,0.287,3.511,0.081
CA_36982,241,2024-10-04,0.304,3.456,0.086
CA_36982,241,2024-10-05,0.338,3.364,0.098
CA_36982,241,2024-10-06,0.394,3.621,0.109
CA_36982,241,2024-10-07,0.428,3.603,0.12
CA_36982,241,2024-10-08,0.46,3.53,0.131
CA_36982,241,2024-10-09,0.483,3.309,0.147
CA_36982,241,2024-10-10,0.542,3.254,0.167
CA_36982,241,2024-10-11,0.591,3.144,0.191
CA_36982,241,2024-10-12,0.588,2.813,0.219
CA_36982,241,2024-10-13,0.62,2.555,0.251
CA_36982,241,2024-10-14,0.571,2.133,0.283
CA_36982,241,2024-10-15,0.58,1.875,0.316
CA_36982,241,2024-10-16,0.689,1.93,0.348
CA_36982,241,2024-10-17,0.831,2.224,0.367
CA_36982,241,2024-10-18,0.876,2.316,0.373
CA_36982,241,2024-10-19,0.978,2.666,0.366
CA_36982,241,2024-10-20,0.978,2.813,0.346
CA_36982,241,2024-10-21,0.892,2.868,0.312
CA_36982,241,2024-10-22,0.779,2.813,0.279
CA_36982,241,2024-10-23,0.66,2.647,0.245
CA_36982,241,2024-10-24,0.565,2.61,0.212
CA_36982,241,2024-10-25,0.456,2.279,0.197
CA_36982,241,2024-10-26,0.337,1.783,0.2
CA_36982,241,2024-10-27,0.34,1.599,0.222
CA_36982,241,2024-10-28,0.373,1.489,0.263
CA_36982,241,2024-10-29,0.455,1.342,0.323
CA_36982,241,2024-10-30,0.584,1.467,0.382
CA_36982,241,2024-10-31,0.75,1.685,0.442
CA_36982,241,2024-11-01,0.858,1.683,0.501
CA_36982,241,2024-11-02,0.965,1.752,0.551
CA_36982,241,2024-11-03,1.082,1.826,0.591
CA_36982,241,2024-11-04,1.135,1.826,0.621
CA_36982,241,2024-11-05,1.16,1.807,0.642
CA_36982,241,2024-11-06,1.153,1.768,0.653
CA_36982,241,2024-11-07,1.237,1.864,0.663
CA_36982,241,2024-11-08,1.219,1.807,0.674
CA_36982,241,2024-11-09,1.251,1.826,0.685
CA_36982,241,2024-11-10,1.337,1.922,0.695
CA_36982,241,2024-11-11,1.337,1.903,0.703
CA_36982,241,2024-11-12,1.256,1.769,0.711
CA_36982,241,2024-11-13,1.255,1.749,0.718
CA_36982,241,2024-11-14,1.28,1.769,0.724
CA_36982,241,2024-11-15,1.208,1.653,0.73
CA_36982,241,2024-11-16,1.332,1.807,0.736
CA_36982,241,2024-11-17,1.616,2.172,0.742
CA_36982,241,2024-11-18,1.437,1.922,0.748
CA_36982,241,2024-11-19,1.286,1.711,0.754
CA_36982,241,2024-11-20,1.192,1.576,0.76
CA_36982,241,2024-11-21,1.041,1.365,0.766
CA_36982,241,2024-11-22,0.699,0.903,0.772
CA_36982,241,2024-11-23,0.778,0.999,0.778
CA_36982,241,2024-11-24,0.783,0.999,0.784
CA_36982,241,2024-11-25,0.804,1.019,0.79
CA_36982,241,2024-11-26,0.718,0.903,0.795
CA_36982,241,2024-11-27,0.691,0.865,0.799
CA_36982,241,2024-11-28,0.678,0.846,0.802
CA_36982,241,2024-11-29,0.816,1.015,0.804
CA_36982,241,2024-11-30,1.043,1.296,0.804
CA_36982,241,2024-12-01,1.09,1.354,0.805
CA_36982,241,2024-12-02,1.174,1.457,0.806
CA_36982,241,2024-12-03,1.191,1.476,0.807
CA_36982,241,2024-12-04,1.105,1.369,0.808
CA_36982,241,2024-12-05,0.865,1.07,0.808
CA_36982,241,2024-12-06,0.97,1.198,0.809
CA_36982,241,2024-12-07,1.04,1.284,0.81
CA_36982,241,2024-12-08,0.989,1.22,0.811
CA_36982,241,2024-12-09,0.885,1.091,0.812
CA_36982,241,2024-12-10,0.869,1.07,0.813
CA_36982,241,2024-12-11,0.748,0.92,0.813
CA_36982,241,2024-12-12,0.697,0.856,0.814
CA_36982,241,2024-12-13,0.628,0.77,0.815
CA_36982,241,2024-12-14,0.646,0.792,0.816
CA_36982,241,2024-12-15,0.699,0.856,0.817
CA_36982,241,2024-12-16,0.717,0.877,0.817
CA_36982,241,2024-12-17,0.631,0.77,0.818
CA_36982,241,2024-12-18,0.719,0.877,0.819
CA_36982,241,2024-12-19,0.754,0.92,0.82
CA_36982,241,2024-12-20,0.703,0.856,0.821
CA_36982,241,2024-12-21,0.615,0.749,0.822
CA_36982,241,2024-12-22,0.598,0.728,0.822
CA_36982,241,2024-12-23,0.652,0.792,0.823
CA_36982,241,2024-12-24,0.67,0.813,0.824
CA_36982,241,2024-12-25,0.671,0.813,0.825
CA_36982,241,2024-12-26,0.742,0.899,0.826
CA_36982,241,2024-12-27,0.778,0.942,0.826
CA_36982,241,2024-12-28,0.76,0.92,0.826
CA_36982,241,2024-12-29,0.654,0.792,0.825
CA_36982,241,2024-12-30,0.64,0.776,0.825
CA_36982,241,2024-12-31,0.618,0.749,0.824
CA_37400,61,2024-01-01,0.411,0.924,0.445
CA_37400,61,2024-01-02,0.249,0.555,0.449
CA_37400,61,2024-01-03,0.503,1.109,0.454
CA_37400,61,2024-01-04,0.932,2.034,0.458
CA_37400,61,2024-01-05,0.599,1.294,0.463
CA_37400,61,2024-01-06,0.562,1.202,0.467
CA_37400,61,2024-01-07,0.698,1.479,0.472
CA_37400,61,2024-01-08,0.661,1.387,0.476
CA_37400,61,2024-01-09,0.622,1.294,0.481
CA_37400,61,2024-01-10,0.539,1.109,0.485
CA_37400,61,2024-01-11,0.725,1.479,0.49
CA_37400,61,2024-01-12,0.411,0.832,0.495
CA_37400,61,2024-01-13,0.415,0.832,0.499
CA_37400,61,2024-01-14,0.652,1.294,0.504
CA_37400,61,2024-01-15,0.423,0.832,0.508
CA_37400,61,2024-01-16,0.569,1.109,0.513
CA_37400,61,2024-01-17,0.574,1.109,0.517
CA_37400,61,2024-01-18,0.531,1.017,0.522
CA_37400,61,2024-01-19,0.827,1.572,0.526
CA_37400,61,2024-01-20,0.834,1.572,0.531
CA_37400,61,2024-01-21,0.842,1.572,0.536
CA_37400,61,2024-01-22,0.499,0.924,0.54
CA_37400,61,2024-01-23,0.755,1.387,0.545
CA_37400,61,2024-01-24,0.558,1.017,0.549
CA_37400,61,2024-01-25,0.768,1.387,0.554
CA_37400,61,2024-01-26,0.619,1.109,0.558
CA_37400,61,2024-01-27,0.572,1.017,0.563
CA_37400,61,2024-01-28,0.787,1.387,0.567
CA_37400,61,2024-01-29,1.057,1.849,0.572
CA_37400,61,2024-01-30,1.012,1.756,0.576
CA_37400,61,2024-01-31,1.45,2.496,0.581
CA_37400,61,2024-02-01,0.682,1.164,0.586
CA_37400,61,2024-02-02,0.74,1.254,0.59
CA_37400,61,2024-02-03,0.799,1.343,0.595
CA_37400,61,2024-02-04,1.127,1.881,0.599
CA_37400,61,2024-02-05,0.919,1.522,0.604
CA_37400,61,2024-02-06,0.599,0.985,0.608
CA_37400,61,2024-02-07,0.713,1.164,0.613
CA_37400,61,2024-02-08,0.553,0.896,0.617
CA_37400,61,2024-02-09,0.891,1.433,0.622
CA_37400,61,2024-02-10,0.898,1.433,0.626
CA_37400,61,2024-02-11,1.074,1.702,0.631
CA_37400,61,2024-02-12,1.021,1.612,0.633
CA_37400,61,2024-02-13,0.796,1.254,0.635
CA_37400,61,2024-02-14,0.913,1.433,0.637
CA_37400,61,2024-02-15,0.973,1.522,0.639
CA_37400,61,2024-02-16,0.919,1.433,0.641
CA_37400,61,2024-02-17,0.922,1.433,0.643
CA_37400,61,2024-02-18,1.445,2.239,0.646
CA_37400,61,2024-02-19,1.682,2.597,0.648
CA_37400,61,2024-02-20,1.26,1.881,0.67
CA_37400,61,2024-02-21,1.115,1.612,0.692
CA_37400,61,2024-02-22,1.407,1.97,0.714
CA_37400,61,2024-02-23,1.318,1.791,0.736
CA_37400,61,2024-02-24,1.154,1.522,0.758
CA_37400,61,2024-02-25,1.467,1.881,0.78
CA_37400,61,2024-02-26,1.509,1.881,0.802
CA_37400,61,2024-02-27,1.772,2.149,0.824
CA_37400,61,2024-02-28,1.832,2.239,0.818
CA_37400,61,2024-02-29,1.672,2.06,0.812
CA_37400,61,2024-03-01,1.283,1.592,0.806
CA_37400,61,2024-03-02,1.555,1.946,0.799
CA_37400,61,2024-03-03,1.333,1.681,0.793
CA_37400,61,2024-03-04,1.113,1.415,0.787
CA_37400,61,2024-03-05,1.588,2.035,0.78
CA_37400,61,2024-03-06,1.643,2.123,0.774
CA_37400,61,2024-03-07,1.766,2.3,0.768
CA_37400,61,2024-03-08,1.819,2.388,0.761
CA_37400,61,2024-03-09,1.737,2.3,0.755
CA_37400,61,2024-03-10,1.789,2.388,0.749
CA_37400,61,2024-03-11,1.708,2.3,0.743
CA_37400,61,2024-03-12,1.042,1.415,0.736
CA_37400,61,2024-03-13,2.196,3.008,0.73
CA_37400,61,2024-03-14,3.201,4.423,0.724
CA_37400,61,2024-03-15,2.642,3.627,0.729
CA_37400,61,2024-03-16,2.53,3.45,0.733
CA_37400,61,2024-03-17,2.612,3.538,0.738
CA_37400,61,2024-03-18,2.301,3.096,0.743
CA_37400,61,2024-03-19,2.448,3.273,0.748
CA_37400,61,2024-03-20,2.997,3.981,0.753
CA_37400,61,2024-03-21,2.815,3.715,0.758
CA_37400,61,2024-03-22,2.428,3.185,0.762
CA_37400,61,2024-03-23,1.584,2.035,0.779
CA_37400,61,2024-03-24,2.039,2.565,0.795
CA_37400,61,2024-03-25,2.152,2.654,0.811
CA_37400,61,2024-03-26,2.634,3.185,0.827
CA_37400,61,2024-03-27,2.089,2.477,0.843
CA_37400,61,2024-03-28,2.205,2.565,0.859
CA_37400,61,2024-03-29,2.014,2.3,0.876
CA_37400,61,2024-03-30,2.445,2.742,0.892
CA_37400,61,2024-03-31,2.65,2.919,0.908
CA_37400,61,2024-04-01,3.654,3.955,0.924
CA_37400,61,2024-04-02,3.476,3.697,0.94
CA_37400,61,2024-04-03,3.946,4.127,0.956
CA_37400,61,2024-04-04,1.421,1.462,0.972
CA_37400,61,2024-04-05,1.955,1.978,0.989
CA_37400,61,2024-04-06,2.937,2.923,1.005
CA_37400,61,2024-04-07,3.774,3.697,1.021
CA_37400,61,2024-04-08,4.3,4.213,1.021
CA_37400,61,2024-04-09,3.861,3.783,1.021
CA_37400,61,2024-04-10,4.299,4.213,1.02
CA_37400,61,2024-04-11,4.299,4.213,1.02
CA_37400,61,2024-04-12,4.561,4.471,1.02
CA_37400,61,2024-04-13,1.491,1.462,1.02
CA_37400,61,2024-04-14,2.192,2.15,1.02
CA_37400,61,2024-04-15,2.806,2.751,1.02
CA_37400,61,2024-04-16,3.519,3.439,1.023
CA_37400,61,2024-04-17,4.15,4.041,1.027
CA_37400,61,2024-04-18,4.076,3.955,1.03
CA_37400,61,2024-04-19,4.89,4.729,1.034
CA_37400,61,2024-04-20,5.175,4.987,1.038
CA_37400,61,2024-04-21,5.103,4.901,1.041
CA_37400,61,2024-04-22,5.031,4.815,1.045
CA_37400,61,2024-04-23,4.147,3.955,1.048
CA_37400,61,2024-04-24,3.636,3.611,1.007
CA_37400,61,2024-04-25,4.232,4.385,0.965
CA_37400,61,2024-04-26,3.494,3.783,0.924
CA_37400,61,2024-04-27,3.943,4.471,0.882
CA_37400,61,2024-04-28,4.552,5.417,0.84
CA_37400,61,2024-04-29,4.807,6.019,0.799
CA_37400,61,2024-04-30,4.296,5.675,0.757
CA_37400,61,2024-05-01,4.523,6.322,0.715
CA_37400,61,2024-05-02,4.232,5.901,0.717
CA_37400,61,2024-05-03,4.0,5.563,0.719
CA_37400,61,2024-05-04,0.911,1.264,0.721
CA_37400,61,2024-05-05,2.802,3.878,0.723
CA_37400,61,2024-05-06,3.175,4.383,0.724
CA_37400,61,2024-05-07,3.489,4.805,0.726
CA_37400,61,2024-05-08,4.296,5.901,0.728
CA_37400,61,2024-05-09,3.937,5.395,0.73
CA_37400,61,2024-05-10,4.418,6.069,0.728
CA_37400,61,2024-05-11,4.589,6.322,0.726
CA_37400,61,2024-05-12,4.577,6.322,0.724
CA_37400,61,2024-05-13,4.443,6.154,0.722
CA_37400,61,2024-05-14,4.552,6.322,0.72
CA_37400,61,2024-05-15,4.6,6.406,0.718
CA_37400,61,2024-05-16,4.286,5.985,0.716
CA_37400,61,2024-05-17,3.793,5.311,0.714
CA_37400,61,2024-05-18,3.775,5.311,0.711
CA_37400,61,2024-05-19,3.519,4.973,0.707
CA_37400,61,2024-05-20,4.274,6.069,0.704
CA_37400,61,2024-05-21,4.785,6.828,0.701
CA_37400,61,2024-05-22,4.468,6.406,0.697
CA_37400,61,2024-05-23,4.213,6.069,0.694
CA_37400,61,2024-05-24,3.669,5.311,0.691
CA_37400,61,2024-05-25,3.419,4.973,0.687
CA_37400,61,2024-05-26,3.742,5.479,0.683
CA_37400,61,2024-05-27,4.175,6.154,0.679
CA_37400,61,2024-05-28,4.261,6.322,0.674
CA_37400,61,2024-05-29,4.741,7.081,0.67
CA_37400,61,2024-05-30,4.933,7.418,0.665
CA_37400,61,2024-05-31,4.844,7.334,0.661
CA_37400,61,2024-06-01,4.293,6.543,0.656
CA_37400,61,2024-06-02,4.045,6.208,0.652
CA_37400,61,2024-06-03,3.616,5.704,0.634
CA_37400,61,2024-06-04,4.809,7.801,0.616
CA_37400,61,2024-06-05,4.521,7.55,0.599
CA_37400,61,2024-06-06,4.632,7.969,0.581
CA_37400,61,2024-06-07,3.877,6.879,0.564
CA_37400,61,2024-06-08,3.114,5.704,0.546
CA_37400,61,2024-06-09,3.236,6.124,0.528
CA_37400,61,2024-06-10,3.47,6.795,0.511
CA_37400,61,2024-06-11,1.956,5.054,0.387
CA_37400,61,2024-06-12,2.034,5.268,0.386
CA_37400,61,2024-06-13,2.143,5.57,0.385
CA_37400,61,2024-06-14,2.231,5.822,0.383
CA_37400,61,2024-06-15,2.409,6.325,0.381
CA_37400,61,2024-06-16,2.397,6.342,0.378
CA_37400,61,2024-06-17,2.36,6.308,0.374
CA_37400,61,2024-06-18,2.347,6.358,0.369
CA_37400,61,2024-06-19,2.327,6.409,0.363
CA_37400,61,2024-06-20,2.257,6.325,0.357
CA_37400,61,2024-06-21,2.212,6.291,0.351
CA_37400,61,2024-06-22,2.093,6.04,0.346
CA_37400,61,2024-06-23,2.057,6.006,0.342
CA_37400,61,2024-06-24,2.016,5.922,0.34
CA_37400,61,2024-06-25,1.97,5.788,0.34
CA_37400,61,2024-06-26,2.046,5.973,0.342
CA_37400,61,2024-06-27,2.237,6.459,0.346
CA_37400,61,2024-06-28,2.334,6.66,0.35
CA_37400,61,2024-06-29,2.525,7.121,0.354
CA_37400,61,2024-06-30,2.693,7.513,0.358
CA_37400,61,2024-07-01,2.801,7.754,0.361
CA_37400,61,2024-07-02,2.795,7.693,0.363
CA_37400,61,2024-07-03,2.832,7.766,0.365
CA_37400,61,2024-07-04,2.695,7.379,0.365
CA_37400,61,2024-07-05,2.588,7.092,0.365
CA_37400,61,2024-07-06,2.499,6.857,0.364
CA_37400,61,2024-07-07,2.453,6.739,0.364
CA_37400,61,2024-07-08,2.383,6.553,0.364
CA_37400,61,2024-07-09,2.393,6.587,0.363
CA_37400,61,2024-07-10,2.451,6.755,0.363
CA_37400,61,2024-07-11,2.557,7.059,0.362
CA_37400,61,2024-07-12,2.723,7.53,0.362
CA_37400,61,2024-07-13,2.822,7.817,0.361
CA_37400,61,2024-07-14,2.842,7.884,0.36
CA_37400,61,2024-07-15,2.807,7.8,0.36
CA_37400,61,2024-07-16,2.694,7.497,0.359
CA_37400,61,2024-07-17,2.58,7.193,0.359
CA_37400,61,2024-07-18,2.574,7.193,0.358
CA_37400,61,2024-07-19,2.683,7.513,0.357
CA_37400,61,2024-07-20,2.803,7.867,0.356
CA_37400,61,2024-07-21,2.797,7.867,0.356
CA_37400,61,2024-07-22,2.833,7.985,0.355
CA_37400,61,2024-07-23,2.797,7.901,0.354
CA_37400,61,2024-07-24,2.695,7.631,0.353
CA_37400,61,2024-07-25,2.59,7.328,0.354
CA_37400,61,2024-07-26,2.705,7.615,0.355
CA_37400,61,2024-07-27,2.777,7.749,0.358
CA_37400,61,2024-07-28,2.84,7.834,0.362
CA_37400,61,2024-07-29,2.899,7.884,0.368
CA_37400,61,2024-07-30,2.908,7.808,0.373
CA_37400,61,2024-07-31,2.79,7.395,0.378
CA_37400,61,2024-08-01,2.672,6.982,0.384
CA_37400,61,2024-08-02,2.592,6.704,0.387
CA_37400,61,2024-08-03,2.596,6.677,0.389
CA_37400,61,2024-08-04,2.731,7.028,0.389
CA_37400,61,2024-08-05,2.898,7.497,0.387
CA_37400,61,2024-08-06,2.87,7.48,0.384
CA_37400,61,2024-08-07,2.765,7.262,0.38
CA_37400,61,2024-08-08,2.589,6.861,0.377
CA_37400,61,2024-08-09,2.357,6.308,0.373
CA_37400,61,2024-08-10,2.231,6.041,0.37
CA_37400,61,2024-08-11,2.251,6.158,0.366
CA_37400,61,2024-08-12,2.362,6.526,0.362
CA_37400,61,2024-08-13,2.43,6.777,0.359
CA_37400,61,2024-08-14,2.439,6.861,0.355
CA_37400,61,2024-08-15,2.397,6.81,0.352
CA_37400,61,2024-08-16,2.225,6.375,0.348
CA_37400,61,2024-08-17,2.068,5.991,0.345
CA_37400,61,2024-08-18,1.892,5.539,0.341
CA_37400,61,2024-08-19,1.759,5.204,0.337
CA_37400,61,2024-08-20,1.662,4.987,0.333
CA_37400,61,2024-08-21,1.713,5.204,0.329
CA_37400,61,2024-08-22,1.726,5.321,0.325
CA_37400,61,2024-08-23,1.827,5.706,0.321
CA_37400,61,2024-08-24,1.978,6.258,0.317
CA_37400,61,2024-08-25,2.092,6.71,0.312
CA_37400,61,2024-08-26,2.212,7.128,0.311
CA_37400,61,2024-08-27,2.377,7.63,0.311
CA_37400,61,2024-08-28,2.495,7.932,0.314
CA_37400,61,2024-08-29,2.463,7.714,0.32
CA_37400,61,2024-08-30,2.303,7.068,0.328
CA_37400,61,2024-08-31,2.086,6.276,0.336
CA_37400,61,2024-09-01,1.775,5.218,0.344
CA_37400,61,2024-09-02,1.595,4.555,0.352
CA_37400,61,2024-09-03,1.552,4.357,0.356
CA_37400,61,2024-09-04,1.613,4.52,0.357
CA_37400,61,2024-09-05,1.675,4.731,0.355
CA_37400,61,2024-09-06,1.751,5.024,0.348
CA_37400,61,2024-09-07,1.721,5.073,0.339
CA_37400,61,2024-09-08,1.686,5.122,0.329
CA_37400,61,2024-09-09,1.708,5.366,0.32
CA_37400,61,2024-09-10,1.699,5.496,0.31
CA_37400,61,2024-09-11,1.664,5.479,0.304
CA_37400,61,2024-09-12,1.644,5.463,0.301
CA_37400,61,2024-09-13,1.647,5.463,0.301
CA_37400,61,2024-09-14,1.542,5.057,0.305
CA_37400,61,2024-09-15,1.481,4.748,0.312
CA_37400,61,2024-09-16,1.466,4.601,0.32
CA_37400,61,2024-09-17,1.446,4.439,0.327
CA_37400,61,2024-09-18,1.383,4.146,0.334
CA_37400,61,2024-09-19,1.326,3.935,0.337
CA_37400,61,2024-09-20,1.349,4.016,0.336
CA_37400,61,2024-09-21,1.385,4.195,0.331
CA_37400,61,2024-09-22,1.369,4.26,0.323
CA_37400,61,2024-09-23,1.314,4.244,0.31
CA_37400,61,2024-09-24,1.299,4.357,0.297
CA_37400,61,2024-09-25,1.256,4.406,0.284
CA_37400,61,2024-09-26,1.172,4.325,0.272
CA_37400,61,2024-09-27,1.127,4.325,0.261
CA_37400,61,2024-09-28,1.016,4.0,0.253
CA_37400,61,2024-09-29,0.886,3.565,0.247
CA_37400,61,2024-09-30,0.802,3.281,0.244
CA_37400,61,2024-10-01,0.76,3.127,0.243
CA_37400,61,2024-10-02,0.706,2.924,0.242
CA_37400,61,2024-10-03,0.819,3.408,0.241
CA_37400,61,2024-10-04,0.95,3.967,0.24
CA_37400,61,2024-10-05,0.983,4.116,0.239
CA_37400,61,2024-10-06,1.019,4.264,0.239
CA_37400,61,2024-10-07,1.005,4.198,0.24
CA_37400,61,2024-10-08,0.929,3.868,0.241
CA_37400,61,2024-10-09,0.876,3.621,0.242
CA_37400,61,2024-10-10,0.85,3.49,0.244
CA_37400,61,2024-10-11,0.816,3.325,0.245
CA_37400,61,2024-10-12,0.853,3.457,0.247
CA_37400,61,2024-10-13,0.871,3.506,0.248
CA_37400,61,2024-10-14,0.907,3.622,0.25
CA_37400,61,2024-10-15,0.935,3.704,0.252
CA_37400,61,2024-10-16,0.91,3.572,0.255
CA_37400,61,2024-10-17,0.876,3.408,0.257
CA_37400,61,2024-10-18,0.897,3.457,0.26
CA_37400,61,2024-10-19,0.841,3.21,0.262
CA_37400,61,2024-10-20,0.779,2.947,0.265
CA_37400,61,2024-10-21,0.739,2.782,0.266
CA_37400,61,2024-10-22,0.708,2.667,0.266
CA_37400,61,2024-10-23,0.677,2.568,0.264
CA_37400,61,2024-10-24,0.631,2.42,0.261
CA_37400,61,2024-10-25,0.641,2.502,0.256
CA_37400,61,2024-10-26,0.683,2.716,0.252
CA_37400,61,2024-10-27,0.669,2.7,0.247
CA_37400,61,2024-10-28,0.597,2.453,0.243
CA_37400,61,2024-10-29,0.579,2.354,0.247
CA_37400,61,2024-10-30,0.559,2.172,0.261
CA_37400,61,2024-10-31,0.596,2.073,0.282
CA_37400,61,2024-11-01,0.729,2.237,0.313
CA_37400,61,2024-11-02,0.864,2.385,0.352
CA_37400,61,2024-11-03,0.99,2.516,0.392
CA_37400,61,2024-11-04,1.04,2.467,0.431
CA_37400,61,2024-11-05,1.087,2.352,0.471
CA_37400,61,2024-11-06,1.103,2.22,0.499
CA_37400,61,2024-11-07,1.063,2.056,0.517
CA_37400,61,2024-11-08,1.096,2.089,0.524
CA_37400,61,2024-11-09,1.162,2.237,0.52
CA_37400,61,2024-11-10,1.191,2.368,0.505
CA_37400,61,2024-11-11,1.088,2.22,0.49
CA_37400,61,2024-11-12,1.136,2.385,0.476
CA_37400,61,2024-11-13,1.064,2.303,0.461
CA_37400,61,2024-11-14,0.954,2.122,0.446
CA_37400,61,2024-11-15,0.786,1.809,0.431
CA_37400,61,2024-11-16,0.679,1.595,0.417
CA_37400,61,2024-11-17,0.568,1.398,0.402
CA_37400,61,2024-11-18,0.514,1.332,0.387
CA_37400,61,2024-11-19,0.486,1.316,0.372
CA_37400,61,2024-11-20,0.461,1.299,0.358
CA_37400,61,2024-11-21,0.561,1.644,0.343
CA_37400,61,2024-11-22,0.578,1.76,0.331
CA_37400,61,2024-11-23,0.562,1.76,0.321
CA_37400,61,2024-11-24,0.532,1.694,0.315
CA_37400,61,2024-11-25,0.537,1.727,0.311
CA_37400,61,2024-11-26,0.509,1.645,0.31
CA_37400,61,2024-11-27,0.441,1.431,0.308
CA_37400,61,2024-11-28,0.419,1.365,0.307
CA_37400,61,2024-11-29,0.459,1.501,0.306
CA_37400,61,2024-11-30,0.441,1.443,0.306
CA_37400,61,2024-12-01,0.377,1.231,0.307
CA_37400,61,2024-12-02,0.382,1.238,0.309
CA_37400,61,2024-12-03,0.368,1.18,0.313
CA_37400,61,2024-12-04,0.328,1.032,0.317
CA_37400,61,2024-12-05,0.357,1.106,0.322
CA_37400,61,2024-12-06,0.398,1.216,0.326
CA_37400,61,2024-12-07,0.403,1.216,0.331
CA_37400,61,2024-12-08,0.414,1.235,0.335
CA_37400,61,2024-12-09,0.457,1.345,0.34
CA_37400,61,2024-12-10,0.471,1.364,0.344
CA_37400,61,2024-12-11,0.464,1.327,0.349
CA_37400,61,2024-12-12,0.516,1.456,0.354
CA_37400,61,2024-12-13,0.562,1.566,0.358
CA_37400,61,2024-12-14,0.589,1.622,0.363
CA_37400,61,2024-12-15,0.638,1.732,0.367
CA_37400,61,2024-12-16,0.734,1.972,0.372
CA_37400,61,2024-12-17,0.728,1.935,0.376
CA_37400,61,2024-12-18,0.664,1.751,0.381
CA_37400,61,2024-12-19,0.564,1.474,0.385
CA_37400,61,2024-12-20,0.492,1.272,0.39
CA_37400,61,2024-12-21,0.392,0.995,0.394
CA_37400,61,2024-12-22,0.369,0.922,0.399
CA_37400,61,2024-12-23,0.388,0.959,0.404
CA_37400,61,2024-12-24,0.451,1.106,0.408
CA_37400,61,2024-12-25,0.511,1.235,0.413
CA_37400,61,2024-12-26,0.531,1.272,0.417
CA_37400,61,2024-12-27,0.56,1.327,0.422
CA_37400,61,2024-12-28,0.557,1.308,0.426
CA_37400,61,2024-12-29,0.522,1.216,0.431
CA_37400,61,2024-12-30,0.468,1.082,0.433
CA_37400,61,2024-12-31,0.453,1.044,0.435
CA_37674,47,2024-01-01,0.461,0.832,0.554
CA_37674,47,2024-01-02,0.265,0.462,0.573
CA_37674,47,2024-01-03,0.604,1.017,0.593
CA_37674,47,2024-01-04,1.021,1.665,0.613
CA_37674,47,2024-01-05,0.703,1.11,0.633
CA_37674,47,2024-01-06,0.604,0.925,0.653
CA_37674,47,2024-01-07,0.809,1.202,0.673
CA_37674,47,2024-01-08,0.64,0.925,0.692
CA_37674,47,2024-01-09,0.791,1.11,0.712
CA_37674,47,2024-01-10,0.745,1.017,0.732
CA_37674,47,2024-01-11,0.904,1.202,0.752
CA_37674,47,2024-01-12,0.5,0.647,0.772
CA_37674,47,2024-01-13,0.659,0.832,0.792
CA_37674,47,2024-01-14,0.901,1.11,0.812
CA_37674,47,2024-01-15,0.615,0.74,0.831
CA_37674,47,2024-01-16,0.787,0.925,0.851
CA_37674,47,2024-01-17,0.886,1.017,0.871
CA_37674,47,2024-01-18,0.824,0.925,0.891
CA_37674,47,2024-01-19,1.179,1.295,0.911
CA_37674,47,2024-01-20,1.291,1.387,0.931
CA_37674,47,2024-01-21,1.319,1.387,0.95
CA_37674,47,2024-01-22,0.808,0.832,0.97
CA_37674,47,2024-01-23,1.282,1.295,0.99
CA_37674,47,2024-01-24,0.841,0.832,1.01
CA_37674,47,2024-01-25,1.333,1.295,1.03
CA_37674,47,2024-01-26,0.971,0.925,1.05
CA_37674,47,2024-01-27,0.967,0.925,1.045
CA_37674,47,2024-01-28,1.252,1.202,1.041
CA_37674,47,2024-01-29,1.535,1.48,1.037
CA_37674,47,2024-01-30,1.624,1.572,1.033
CA_37674,47,2024-01-31,2.284,2.22,1.029
CA_37674,47,2024-02-01,1.105,1.079,1.025
CA_37674,47,2024-02-02,1.193,1.169,1.02
CA_37674,47,2024-02-03,1.188,1.169,1.016
CA_37674,47,2024-02-04,1.729,1.708,1.012
CA_37674,47,2024-02-05,1.54,1.528,1.008
CA_37674,47,2024-02-06,0.993,0.989,1.004
CA_37674,47,2024-02-07,1.078,1.079,1.0
CA_37674,47,2024-02-08,0.805,0.809,0.995
CA_37674,47,2024-02-09,1.337,1.348,0.991
CA_37674,47,2024-02-10,1.242,1.259,0.987
CA_37674,47,2024-02-11,1.414,1.438,0.983
CA_37674,47,2024-02-12,1.355,1.438,0.942
CA_37674,47,2024-02-13,1.134,1.259,0.901
CA_37674,47,2024-02-14,1.159,1.348,0.86
CA_37674,47,2024-02-15,1.177,1.438,0.818
CA_37674,47,2024-02-16,1.118,1.438,0.777
CA_37674,47,2024-02-17,0.993,1.348,0.736
CA_37674,47,2024-02-18,1.437,2.068,0.695
CA_37674,47,2024-02-19,1.646,2.517,0.654
CA_37674,47,2024-02-20,1.231,1.798,0.685
CA_37674,47,2024-02-21,1.158,1.618,0.716
CA_37674,47,2024-02-22,1.409,1.888,0.746
CA_37674,47,2024-02-23,1.328,1.708,0.777
CA_37674,47,2024-02-24,1.162,1.438,0.808
CA_37674,47,2024-02-25,1.357,1.618,0.839
CA_37674,47,2024-02-26,1.642,1.888,0.87
CA_37674,47,2024-02-27,1.862,2.068,0.9
CA_37674,47,2024-02-28,1.867,2.068,0.903
CA_37674,47,2024-02-29,1.628,1.798,0.906
CA_37674,47,2024-03-01,1.448,1.594,0.908
CA_37674,47,2024-03-02,1.613,1.771,0.911
CA_37674,47,2024-03-03,1.537,1.682,0.914
CA_37674,47,2024-03-04,1.298,1.417,0.916
CA_37674,47,2024-03-05,1.708,1.859,0.919
CA_37674,47,2024-03-06,1.876,2.036,0.922
CA_37674,47,2024-03-07,1.882,2.036,0.924
CA_37674,47,2024-03-08,1.969,2.125,0.927
CA_37674,47,2024-03-09,1.975,2.125,0.929
CA_37674,47,2024-03-10,2.146,2.302,0.932
CA_37674,47,2024-03-11,2.069,2.213,0.935
CA_37674,47,2024-03-12,1.411,1.505,0.937
CA_37674,47,2024-03-13,2.497,2.656,0.94
CA_37674,47,2024-03-14,3.588,3.807,0.943
CA_37674,47,2024-03-15,2.939,3.099,0.948
CA_37674,47,2024-03-16,3.042,3.187,0.954
CA_37674,47,2024-03-17,3.145,3.276,0.96
CA_37674,47,2024-03-18,2.822,2.922,0.966
CA_37674,47,2024-03-19,3.098,3.187,0.972
CA_37674,47,2024-03-20,3.722,3.807,0.978
CA_37674,47,2024-03-21,3.57,3.63,0.984
CA_37674,47,2024-03-22,2.978,3.01,0.989
CA_37674,47,2024-03-23,1.923,1.948,0.987
CA_37674,47,2024-03-24,2.355,2.39,0.985
CA_37674,47,2024-03-25,2.525,2.567,0.983
CA_37674,47,2024-03-26,3.041,3.099,0.981
CA_37674,47,2024-03-27,2.167,2.213,0.979
CA_37674,47,2024-03-28,2.336,2.39,0.977
CA_37674,47,2024-03-29,2.158,2.213,0.975
CA_37674,47,2024-03-30,2.585,2.656,0.973
CA_37674,47,2024-03-31,2.695,2.745,0.982
CA_37674,47,2024-04-01,3.662,3.696,0.991
CA_37674,47,2024-04-02,3.352,3.352,1.0
CA_37674,47,2024-04-03,4.075,4.039,1.009
CA_37674,47,2024-04-04,1.487,1.461,1.018
CA_37674,47,2024-04-05,1.941,1.891,1.027
CA_37674,47,2024-04-06,3.026,2.922,1.036
CA_37674,47,2024-04-07,3.77,3.61,1.044
CA_37674,47,2024-04-08,4.001,3.782,1.058
CA_37674,47,2024-04-09,3.775,3.524,1.071
CA_37674,47,2024-04-10,4.288,3.954,1.085
CA_37674,47,2024-04-11,4.341,3.954,1.098
CA_37674,47,2024-04-12,4.872,4.383,1.111
CA_37674,47,2024-04-13,1.934,1.719,1.125
CA_37674,47,2024-04-14,2.446,2.149,1.138
CA_37674,47,2024-04-15,3.068,2.664,1.152
CA_37674,47,2024-04-16,3.933,3.438,1.144
CA_37674,47,2024-04-17,4.396,3.868,1.137
CA_37674,47,2024-04-18,4.367,3.868,1.129
CA_37674,47,2024-04-19,5.109,4.555,1.122
CA_37674,47,2024-04-20,5.362,4.813,1.114
CA_37674,47,2024-04-21,5.231,4.727,1.107
CA_37674,47,2024-04-22,5.101,4.641,1.099
CA_37674,47,2024-04-23,4.316,3.954,1.092
CA_37674,47,2024-04-24,3.82,3.524,1.084
CA_37674,47,2024-04-25,4.534,4.211,1.077
CA_37674,47,2024-04-26,3.767,3.524,1.069
CA_37674,47,2024-04-27,4.471,4.211,1.062
CA_37674,47,2024-04-28,5.435,5.157,1.054
CA_37674,47,2024-04-29,5.757,5.501,1.047
CA_37674,47,2024-04-30,5.269,5.071,1.039
CA_37674,47,2024-05-01,5.753,5.577,1.032
CA_37674,47,2024-05-02,5.48,5.324,1.029
CA_37674,47,2024-05-03,5.208,5.07,1.027
CA_37674,47,2024-05-04,1.386,1.352,1.025
CA_37674,47,2024-05-05,3.803,3.718,1.023
CA_37674,47,2024-05-06,4.14,4.056,1.021
CA_37674,47,2024-05-07,4.561,4.479,1.018
CA_37674,47,2024-05-08,5.239,5.155,1.016
CA_37674,47,2024-05-09,5.056,4.986,1.014
CA_37674,47,2024-05-10,5.722,5.662,1.011
CA_37674,47,2024-05-11,5.872,5.831,1.007
CA_37674,47,2024-05-12,6.106,6.084,1.004
CA_37674,47,2024-05-13,5.916,5.915,1.0
CA_37674,47,2024-05-14,5.979,6.0,0.997
CA_37674,47,2024-05-15,6.042,6.084,0.993
CA_37674,47,2024-05-16,5.686,5.746,0.99
CA_37674,47,2024-05-17,5.166,5.239,0.986
CA_37674,47,2024-05-18,4.959,5.155,0.962
CA_37674,47,2024-05-19,4.678,4.986,0.938
CA_37674,47,2024-05-20,5.177,5.662,0.914
CA_37674,47,2024-05-21,5.493,6.169,0.89
CA_37674,47,2024-05-22,5.346,6.169,0.867
CA_37674,47,2024-05-23,4.842,5.746,0.843
CA_37674,47,2024-05-24,4.221,5.155,0.819
CA_37674,47,2024-05-25,3.829,4.817,0.795
CA_37674,47,2024-05-26,4.046,5.239,0.772
CA_37674,47,2024-05-27,4.434,5.915,0.75
CA_37674,47,2024-05-28,4.424,6.084,0.727
CA_37674,47,2024-05-29,4.584,6.507,0.704
CA_37674,47,2024-05-30,4.609,6.76,0.682
CA_37674,47,2024-05-31,4.456,6.76,0.659
CA_37674,47,2024-06-01,4.001,6.284,0.637
CA_37674,47,2024-06-02,3.499,5.698,0.614
CA_37674,47,2024-06-03,3.086,5.111,0.604
CA_37674,47,2024-06-04,3.879,6.536,0.594
CA_37674,47,2024-06-05,4.008,6.871,0.583
CA_37674,47,2024-06-06,4.273,7.457,0.573
CA_37674,47,2024-06-07,3.725,6.619,0.563
CA_37674,47,2024-06-08,3.056,5.53,0.553
CA_37674,47,2024-06-09,3.181,5.865,0.542
CA_37674,47,2024-06-10,3.344,6.284,0.532
CA_37674,47,2024-06-11,1.681,4.608,0.365
CA_37674,47,2024-06-12,1.744,4.843,0.361
CA_37674,47,2024-06-13,1.818,5.162,0.353
CA_37674,47,2024-06-14,1.858,5.396,0.346
CA_37674,47,2024-06-15,1.984,5.882,0.338
CA_37674,47,2024-06-16,1.956,5.916,0.331
CA_37674,47,2024-06-17,1.893,5.848,0.324
CA_37674,47,2024-06-18,1.853,5.848,0.317
CA_37674,47,2024-06-19,1.828,5.899,0.31
CA_37674,47,2024-06-20,1.75,5.781,0.303
CA_37674,47,2024-06-21,1.695,5.714,0.296
CA_37674,47,2024-06-22,1.589,5.463,0.29
CA_37674,47,2024-06-23,1.545,5.447,0.283
CA_37674,47,2024-06-24,1.482,5.363,0.276
CA_37674,47,2024-06-25,1.416,5.262,0.27
CA_37674,47,2024-06-26,1.432,5.463,0.263
CA_37674,47,2024-06-27,1.521,5.949,0.256
CA_37674,47,2024-06-28,1.538,6.184,0.25
CA_37674,47,2024-06-29,1.599,6.618,0.243
CA_37674,47,2024-06-30,1.64,6.967,0.236
CA_37674,47,2024-07-01,1.644,7.165,0.23
CA_37674,47,2024-07-02,1.606,7.178,0.223
CA_37674,47,2024-07-03,1.568,7.191,0.218
CA_37674,47,2024-07-04,1.456,6.853,0.212
CA_37674,47,2024-07-05,1.374,6.633,0.207
CA_37674,47,2024-07-06,1.298,6.43,0.202
CA_37674,47,2024-07-07,1.231,6.261,0.196
CA_37674,47,2024-07-08,1.167,6.108,0.191
CA_37674,47,2024-07-09,1.156,6.159,0.188
CA_37674,47,2024-07-10,1.18,6.311,0.187
CA_37674,47,2024-07-11,1.234,6.548,0.188
CA_37674,47,2024-07-12,1.325,6.904,0.191
CA_37674,47,2024-07-13,1.409,7.14,0.197
CA_37674,47,2024-07-14,1.46,7.208,0.203
CA_37674,47,2024-07-15,1.487,7.157,0.208
CA_37674,47,2024-07-16,1.489,6.988,0.214
CA_37674,47,2024-07-17,1.475,6.853,0.216
CA_37674,47,2024-07-18,1.468,6.887,0.214
CA_37674,47,2024-07-19,1.471,7.107,0.208
CA_37674,47,2024-07-20,1.456,7.377,0.199
CA_37674,47,2024-07-21,1.365,7.327,0.186
CA_37674,47,2024-07-22,1.282,7.377,0.173
CA_37674,47,2024-07-23,1.176,7.327,0.16
CA_37674,47,2024-07-24,1.052,7.157,0.147
CA_37674,47,2024-07-25,0.969,6.971,0.14
CA_37674,47,2024-07-26,0.999,7.242,0.138
CA_37674,47,2024-07-27,1.048,7.36,0.142
CA_37674,47,2024-07-28,1.134,7.445,0.151
CA_37674,47,2024-07-29,1.256,7.513,0.167
CA_37674,47,2024-07-30,1.338,7.389,0.182
CA_37674,47,2024-07-31,1.367,7.013,0.197
CA_37674,47,2024-08-01,1.387,6.603,0.213
CA_37674,47,2024-08-02,1.394,6.294,0.223
CA_37674,47,2024-08-03,1.408,6.187,0.228
CA_37674,47,2024-08-04,1.454,6.406,0.228
CA_37674,47,2024-08-05,1.492,6.744,0.223
CA_37674,47,2024-08-06,1.433,6.744,0.212
CA_37674,47,2024-08-07,1.338,6.575,0.202
CA_37674,47,2024-08-08,1.209,6.238,0.192
CA_37674,47,2024-08-09,1.066,5.833,0.181
CA_37674,47,2024-08-10,0.961,5.648,0.171
CA_37674,47,2024-08-11,0.908,5.715,0.16
CA_37674,47,2024-08-12,0.887,6.018,0.149
CA_37674,47,2024-08-13,0.849,6.204,0.138
CA_37674,47,2024-08-14,0.795,6.288,0.126
CA_37674,47,2024-08-15,0.72,6.272,0.115
CA_37674,47,2024-08-16,0.624,5.934,0.103
CA_37674,47,2024-08-17,0.521,5.597,0.092
CA_37674,47,2024-08-18,0.433,5.159,0.082
CA_37674,47,2024-08-19,0.362,4.788,0.074
CA_37674,47,2024-08-20,0.308,4.552,0.068
CA_37674,47,2024-08-21,0.299,4.737,0.063
CA_37674,47,2024-08-22,0.289,4.839,0.06
CA_37674,47,2024-08-23,0.299,5.243,0.057
CA_37674,47,2024-08-24,0.312,5.766,0.055
CA_37674,47,2024-08-25,0.315,6.137,0.052
CA_37674,47,2024-08-26,0.323,6.474,0.05
CA_37674,47,2024-08-27,0.344,6.895,0.05
CA_37674,47,2024-08-28,0.362,7.081,0.051
CA_37674,47,2024-08-29,0.364,6.845,0.053
CA_37674,47,2024-08-30,0.357,6.327,0.057
CA_37674,47,2024-08-31,0.336,5.646,0.061
CA_37674,47,2024-09-01,0.298,4.715,0.065
CA_37674,47,2024-09-02,0.284,4.181,0.069
CA_37674,47,2024-09-03,0.288,4.065,0.071
CA_37674,47,2024-09-04,0.299,4.179,0.071
CA_37674,47,2024-09-05,0.308,4.375,0.07
CA_37674,47,2024-09-06,0.318,4.669,0.068
CA_37674,47,2024-09-07,0.31,4.816,0.064
CA_37674,47,2024-09-08,0.291,4.816,0.06
CA_37674,47,2024-09-09,0.282,5.028,0.057
CA_37674,47,2024-09-10,0.268,5.126,0.053
CA_37674,47,2024-09-11,0.251,5.109,0.049
CA_37674,47,2024-09-12,0.231,4.995,0.046
CA_37674,47,2024-09-13,0.218,4.979,0.044
CA_37674,47,2024-09-14,0.19,4.587,0.041
CA_37674,47,2024-09-15,0.171,4.31,0.04
CA_37674,47,2024-09-16,0.158,4.147,0.038
CA_37674,47,2024-09-17,0.146,4.016,0.036
CA_37674,47,2024-09-18,0.131,3.804,0.034
CA_37674,47,2024-09-19,0.124,3.673,0.034
CA_37674,47,2024-09-20,0.128,3.738,0.034
CA_37674,47,2024-09-21,0.14,3.869,0.036
CA_37674,47,2024-09-22,0.153,3.951,0.038
CA_37674,47,2024-09-23,0.167,3.934,0.042
CA_37674,47,2024-09-24,0.184,4.016,0.046
CA_37674,47,2024-09-25,0.201,4.049,0.05
CA_37674,47,2024-09-26,0.214,3.983,0.054
CA_37674,47,2024-09-27,0.222,3.95,0.056
CA_37674,47,2024-09-28,0.209,3.64,0.057
CA_37674,47,2024-09-29,0.186,3.196,0.057
CA_37674,47,2024-09-30,0.167,2.93,0.056
CA_37674,47,2024-10-01,0.149,2.761,0.054
CA_37674,47,2024-10-02,0.129,2.543,0.051
CA_37674,47,2024-10-03,0.143,2.96,0.049
CA_37674,47,2024-10-04,0.161,3.477,0.047
CA_37674,47,2024-10-05,0.16,3.639,0.044
CA_37674,47,2024-10-06,0.158,3.817,0.042
CA_37674,47,2024-10-07,0.151,3.833,0.039
CA_37674,47,2024-10-08,0.131,3.574,0.036
CA_37674,47,2024-10-09,0.114,3.364,0.033
CA_37674,47,2024-10-10,0.099,3.17,0.031
CA_37674,47,2024-10-11,0.082,2.927,0.028
CA_37674,47,2024-10-12,0.075,2.992,0.025
CA_37674,47,2024-10-13,0.083,3.041,0.027
CA_37674,47,2024-10-14,0.115,3.17,0.035
CA_37674,47,2024-10-15,0.158,3.283,0.047
CA_37674,47,2024-10-16,0.203,3.235,0.064
CA_37674,47,2024-10-17,0.252,3.041,0.087
CA_37674,47,2024-10-18,0.33,3.089,0.109
CA_37674,47,2024-10-19,0.378,2.879,0.132
CA_37674,47,2024-10-20,0.409,2.669,0.154
CA_37674,47,2024-10-21,0.425,2.556,0.168
CA_37674,47,2024-10-22,0.428,2.507,0.172
CA_37674,47,2024-10-23,0.399,2.41,0.167
CA_37674,47,2024-10-24,0.342,2.232,0.153
CA_37674,47,2024-10-25,0.297,2.297,0.131
CA_37674,47,2024-10-26,0.258,2.442,0.108
CA_37674,47,2024-10-27,0.207,2.361,0.085
CA_37674,47,2024-10-28,0.136,2.07,0.062
CA_37674,47,2024-10-29,0.115,1.957,0.055
CA_37674,47,2024-10-30,0.112,1.751,0.065
CA_37674,47,2024-10-31,0.165,1.643,0.091
CA_37674,47,2024-11-01,0.267,1.762,0.134
CA_37674,47,2024-11-02,0.395,1.897,0.193
CA_37674,47,2024-11-03,0.533,2.064,0.251
CA_37674,47,2024-11-04,0.598,2.015,0.31
CA_37674,47,2024-11-05,0.701,1.95,0.369
CA_37674,47,2024-11-06,0.758,1.868,0.41
CA_37674,47,2024-11-07,0.752,1.737,0.434
CA_37674,47,2024-11-08,0.765,1.737,0.44
CA_37674,47,2024-11-09,0.788,1.835,0.429
CA_37674,47,2024-11-10,0.749,1.884,0.4
CA_37674,47,2024-11-11,0.653,1.753,0.372
CA_37674,47,2024-11-12,0.639,1.851,0.343
CA_37674,47,2024-11-13,0.549,1.737,0.314
CA_37674,47,2024-11-14,0.477,1.638,0.285
CA_37674,47,2024-11-15,0.371,1.425,0.257
CA_37674,47,2024-11-16,0.314,1.294,0.228
CA_37674,47,2024-11-17,0.239,1.163,0.199
CA_37674,47,2024-11-18,0.188,1.114,0.171
CA_37674,47,2024-11-19,0.149,1.065,0.142
CA_37674,47,2024-11-20,0.114,1.032,0.113
CA_37674,47,2024-11-21,0.105,1.294,0.084
CA_37674,47,2024-11-22,0.078,1.376,0.062
CA_37674,47,2024-11-23,0.059,1.409,0.047
CA_37674,47,2024-11-24,0.049,1.376,0.038
CA_37674,47,2024-11-25,0.047,1.376,0.036
CA_37674,47,2024-11-26,0.05,1.245,0.041
CA_37674,47,2024-11-27,0.051,1.13,0.046
CA_37674,47,2024-11-28,0.056,1.098,0.05
CA_37674,47,2024-11-29,0.068,1.227,0.055
CA_37674,47,2024-11-30,0.075,1.232,0.061
CA_37674,47,2024-12-01,0.076,1.132,0.07
CA_37674,47,2024-12-02,0.086,1.104,0.081
CA_37674,47,2024-12-03,0.092,1.025,0.093
CA_37674,47,2024-12-04,0.099,0.916,0.108
CA_37674,47,2024-12-05,0.124,0.989,0.122
CA_37674,47,2024-12-06,0.15,1.08,0.137
CA_37674,47,2024-12-07,0.158,1.044,0.152
CA_37674,47,2024-12-08,0.168,1.025,0.166
CA_37674,47,2024-12-09,0.197,1.099,0.181
CA_37674,47,2024-12-10,0.209,1.062,0.196
CA_37674,47,2024-12-11,0.209,0.989,0.21
CA_37674,47,2024-12-12,0.239,1.062,0.225
CA_37674,47,2024-12-13,0.266,1.117,0.239
CA_37674,47,2024-12-14,0.269,1.062,0.254
CA_37674,47,2024-12-15,0.287,1.062,0.269
CA_37674,47,2024-12-16,0.367,1.282,0.283
CA_37674,47,2024-12-17,0.403,1.337,0.298
CA_37674,47,2024-12-18,0.394,1.263,0.312
CA_37674,47,2024-12-19,0.376,1.172,0.327
CA_37674,47,2024-12-20,0.373,1.117,0.342
CA_37674,47,2024-12-21,0.324,0.916,0.356
CA_37674,47,2024-12-22,0.316,0.842,0.371
CA_37674,47,2024-12-23,0.334,0.861,0.385
CA_37674,47,2024-12-24,0.375,0.934,0.401
CA_37674,47,2024-12-25,0.44,1.044,0.418
CA_37674,47,2024-12-26,0.456,1.044,0.436
CA_37674,47,2024-12-27,0.513,1.117,0.454
CA_37674,47,2024-12-28,0.529,1.117,0.474
CA_37674,47,2024-12-29,0.518,1.062,0.494
CA_37674,47,2024-12-30,0.481,0.962,0.504
CA_37674,47,2024-12-31,0.496,0.977,0.514
CA_37683,61,2024-01-01,0.46,0.998,0.461
CA_37683,61,2024-01-02,0.279,0.599,0.466
CA_37683,61,2024-01-03,0.518,1.097,0.472
CA_37683,61,2024-01-04,0.999,2.095,0.477
CA_37683,61,2024-01-05,0.722,1.496,0.482
CA_37683,61,2024-01-06,0.633,1.297,0.488
CA_37683,61,2024-01-07,0.836,1.696,0.493
CA_37683,61,2024-01-08,0.696,1.397,0.499
CA_37683,61,2024-01-09,0.704,1.397,0.504
CA_37683,61,2024-01-10,0.61,1.197,0.509
CA_37683,61,2024-01-11,0.822,1.596,0.515
CA_37683,61,2024-01-12,0.415,0.798,0.52
CA_37683,61,2024-01-13,0.472,0.898,0.526
CA_37683,61,2024-01-14,0.689,1.297,0.531
CA_37683,61,2024-01-15,0.482,0.898,0.536
CA_37683,61,2024-01-16,0.594,1.097,0.542
CA_37683,61,2024-01-17,0.655,1.197,0.547
CA_37683,61,2024-01-18,0.551,0.998,0.553
CA_37683,61,2024-01-19,0.779,1.397,0.558
CA_37683,61,2024-01-20,0.787,1.397,0.563
CA_37683,61,2024-01-21,0.794,1.397,0.569
CA_37683,61,2024-01-22,0.515,0.898,0.574
CA_37683,61,2024-01-23,0.809,1.397,0.579
CA_37683,61,2024-01-24,0.525,0.898,0.585
CA_37683,61,2024-01-25,0.883,1.496,0.59
CA_37683,61,2024-01-26,0.654,1.097,0.596
CA_37683,61,2024-01-27,0.659,1.097,0.601
CA_37683,61,2024-01-28,0.847,1.397,0.606
CA_37683,61,2024-01-29,1.16,1.895,0.612
CA_37683,61,2024-01-30,1.108,1.796,0.617
CA_37683,61,2024-01-31,1.428,2.294,0.623
CA_37683,61,2024-02-01,0.84,1.338,0.628
CA_37683,61,2024-02-02,0.908,1.434,0.633
CA_37683,61,2024-02-03,0.855,1.338,0.639
CA_37683,61,2024-02-04,1.047,1.625,0.644
CA_37683,61,2024-02-05,0.869,1.338,0.65
CA_37683,61,2024-02-06,0.689,1.052,0.655
CA_37683,61,2024-02-07,0.758,1.147,0.66
CA_37683,61,2024-02-08,0.764,1.147,0.666
CA_37683,61,2024-02-09,1.027,1.53,0.671
CA_37683,61,2024-02-10,1.099,1.625,0.677
CA_37683,61,2024-02-11,1.173,1.721,0.682
CA_37683,61,2024-02-12,1.093,1.625,0.673
CA_37683,61,2024-02-13,0.952,1.434,0.664
CA_37683,61,2024-02-14,1.001,1.53,0.654
CA_37683,61,2024-02-15,1.049,1.625,0.645
CA_37683,61,2024-02-16,0.912,1.434,0.636
CA_37683,61,2024-02-17,0.779,1.243,0.627
CA_37683,61,2024-02-18,1.299,2.103,0.618
CA_37683,61,2024-02-19,1.687,2.772,0.609
CA_37683,61,2024-02-20,1.025,1.816,0.564
CA_37683,61,2024-02-21,0.894,1.721,0.52
CA_37683,61,2024-02-22,1.045,2.199,0.475
CA_37683,61,2024-02-23,0.824,1.912,0.431
CA_37683,61,2024-02-24,0.628,1.625,0.386
CA_37683,61,2024-02-25,0.654,1.912,0.342
CA_37683,61,2024-02-26,0.597,2.008,0.297
CA_37683,61,2024-02-27,0.58,2.294,0.253
CA_37683,61,2024-02-28,0.633,2.39,0.265
CA_37683,61,2024-02-29,0.582,2.103,0.277
CA_37683,61,2024-03-01,0.481,1.666,0.289
CA_37683,61,2024-03-02,0.556,1.851,0.301
CA_37683,61,2024-03-03,0.521,1.666,0.313
CA_37683,61,2024-03-04,0.45,1.388,0.324
CA_37683,61,2024-03-05,0.685,2.036,0.336
CA_37683,61,2024-03-06,0.742,2.129,0.348
CA_37683,61,2024-03-07,0.834,2.314,0.36
CA_37683,61,2024-03-08,0.896,2.406,0.372
CA_37683,61,2024-03-09,0.924,2.406,0.384
CA_37683,61,2024-03-10,0.953,2.406,0.396
CA_37683,61,2024-03-11,0.944,2.314,0.408
CA_37683,61,2024-03-12,0.583,1.388,0.42
CA_37683,61,2024-03-13,1.359,3.147,0.432
CA_37683,61,2024-03-14,1.972,4.443,0.444
CA_37683,61,2024-03-15,1.519,3.702,0.41
CA_37683,61,2024-03-16,1.36,3.61,0.377
CA_37683,61,2024-03-17,1.271,3.702,0.343
CA_37683,61,2024-03-18,0.975,3.147,0.31
CA_37683,61,2024-03-19,0.946,3.425,0.276
CA_37683,61,2024-03-20,1.033,4.258,0.243
CA_37683,61,2024-03-21,0.794,3.795,0.209
CA_37683,61,2024-03-22,0.553,3.147,0.176
CA_37683,61,2024-03-23,0.481,2.129,0.226
CA_37683,61,2024-03-24,0.793,2.869,0.276
CA_37683,61,2024-03-25,0.907,2.777,0.327
CA_37683,61,2024-03-26,1.257,3.332,0.377
CA_37683,61,2024-03-27,1.029,2.406,0.428
CA_37683,61,2024-03-28,1.239,2.592,0.478
CA_37683,61,2024-03-29,1.174,2.221,0.528
CA_37683,61,2024-03-30,1.553,2.684,0.579
CA_37683,61,2024-03-31,1.628,2.962,0.55
CA_37683,61,2024-04-01,2.102,4.038,0.52
CA_37683,61,2024-04-02,1.852,3.769,0.491
CA_37683,61,2024-04-03,1.908,4.128,0.462
CA_37683,61,2024-04-04,0.622,1.436,0.433
CA_37683,61,2024-04-05,0.87,2.154,0.404
CA_37683,61,2024-04-06,1.143,3.051,0.375
CA_37683,61,2024-04-07,1.303,3.769,0.346
CA_37683,61,2024-04-08,1.775,4.487,0.396
CA_37683,61,2024-04-09,1.719,3.859,0.446
CA_37683,61,2024-04-10,2.134,4.307,0.496
CA_37683,61,2024-04-11,2.35,4.307,0.546
CA_37683,61,2024-04-12,2.618,4.397,0.595
CA_37683,61,2024-04-13,0.811,1.256,0.645
CA_37683,61,2024-04-14,1.498,2.154,0.695
CA_37683,61,2024-04-15,2.007,2.692,0.745
CA_37683,61,2024-04-16,2.415,3.5,0.69
CA_37683,61,2024-04-17,2.619,4.128,0.635
CA_37683,61,2024-04-18,2.391,4.128,0.579
CA_37683,61,2024-04-19,2.538,4.846,0.524
CA_37683,61,2024-04-20,2.437,5.205,0.468
CA_37683,61,2024-04-21,2.075,5.025,0.413
CA_37683,61,2024-04-22,1.764,4.936,0.357
CA_37683,61,2024-04-23,1.22,4.038,0.302
CA_37683,61,2024-04-24,1.127,3.769,0.299
CA_37683,61,2024-04-25,1.327,4.487,0.296
CA_37683,61,2024-04-26,1.156,3.948,0.293
CA_37683,61,2024-04-27,1.352,4.666,0.29
CA_37683,61,2024-04-28,1.594,5.564,0.287
CA_37683,61,2024-04-29,1.755,6.192,0.284
CA_37683,61,2024-04-30,1.636,5.833,0.28
CA_37683,61,2024-05-01,1.775,6.399,0.277
CA_37683,61,2024-05-02,1.722,5.961,0.289
CA_37683,61,2024-05-03,1.685,5.61,0.3
CA_37683,61,2024-05-04,0.355,1.14,0.312
CA_37683,61,2024-05-05,1.276,3.945,0.323
CA_37683,61,2024-05-06,1.468,4.383,0.335
CA_37683,61,2024-05-07,1.701,4.909,0.347
CA_37683,61,2024-05-08,2.135,5.961,0.358
CA_37683,61,2024-05-09,2.009,5.435,0.37
CA_37683,61,2024-05-10,2.2,6.224,0.353
CA_37683,61,2024-05-11,2.188,6.487,0.337
CA_37683,61,2024-05-12,2.083,6.487,0.321
CA_37683,61,2024-05-13,1.898,6.224,0.305
CA_37683,61,2024-05-14,1.849,6.399,0.289
CA_37683,61,2024-05-15,1.769,6.487,0.273
CA_37683,61,2024-05-16,1.507,5.873,0.257
CA_37683,61,2024-05-17,1.265,5.26,0.24
CA_37683,61,2024-05-18,1.285,5.347,0.24
CA_37683,61,2024-05-19,1.241,5.172,0.24
CA_37683,61,2024-05-20,1.472,6.136,0.24
CA_37683,61,2024-05-21,1.659,6.925,0.24
CA_37683,61,2024-05-22,1.553,6.487,0.239
CA_37683,61,2024-05-23,1.489,6.224,0.239
CA_37683,61,2024-05-24,1.236,5.172,0.239
CA_37683,61,2024-05-25,1.193,4.997,0.239
CA_37683,61,2024-05-26,1.246,5.523,0.226
CA_37683,61,2024-05-27,1.342,6.312,0.213
CA_37683,61,2024-05-28,1.312,6.575,0.2
CA_37683,61,2024-05-29,1.357,7.276,0.186
CA_37683,61,2024-05-30,1.322,7.627,0.173
CA_37683,61,2024-05-31,1.208,7.539,0.16
CA_37683,61,2024-06-01,0.97,6.587,0.147
CA_37683,61,2024-06-02,0.86,6.414,0.134
CA_37683,61,2024-06-03,0.865,5.894,0.147
CA_37683,61,2024-06-04,1.299,8.147,0.159
CA_37683,61,2024-06-05,1.313,7.627,0.172
CA_37683,61,2024-06-06,1.474,7.974,0.185
CA_37683,61,2024-06-07,1.352,6.847,0.198
CA_37683,61,2024-06-08,1.239,5.894,0.21
CA_37683,61,2024-06-09,1.41,6.327,0.223
CA_37683,61,2024-06-10,1.633,6.934,0.236
CA_37683,61,2024-06-11,0.944,8.884,0.106
CA_37683,61,2024-06-12,0.957,8.944,0.107
CA_37683,61,2024-06-13,0.97,8.944,0.109
CA_37683,61,2024-06-14,0.921,8.407,0.11
CA_37683,61,2024-06-15,0.911,8.286,0.11
CA_37683,61,2024-06-16,0.889,8.078,0.11
CA_37683,61,2024-06-17,0.87,7.904,0.11
CA_37683,61,2024-06-18,0.825,7.488,0.11
CA_37683,61,2024-06-19,0.851,7.714,0.11
CA_37683,61,2024-06-20,0.865,7.835,0.11
CA_37683,61,2024-06-21,0.925,8.355,0.11
CA_37683,61,2024-06-22,0.971,8.736,0.111
CA_37683,61,2024-06-23,1.029,9.222,0.111
CA_37683,61,2024-06-24,1.079,9.62,0.112
CA_37683,61,2024-06-25,1.179,10.47,0.113
CA_37683,61,2024-06-26,1.231,10.886,0.113
CA_37683,61,2024-06-27,1.217,10.712,0.114
CA_37683,61,2024-06-28,1.163,10.14,0.115
CA_37683,61,2024-06-29,1.106,9.468,0.118
CA_37683,61,2024-06-30,1.036,8.623,0.121
CA_37683,61,2024-07-01,0.937,7.52,0.126
CA_37683,61,2024-07-02,0.911,6.97,0.131
CA_37683,61,2024-07-03,0.917,6.733,0.137
CA_37683,61,2024-07-04,0.914,6.441,0.142
CA_37683,61,2024-07-05,0.94,6.356,0.148
CA_37683,61,2024-07-06,1.023,6.716,0.152
CA_37683,61,2024-07-07,1.084,6.974,0.155
CA_37683,61,2024-07-08,1.167,7.421,0.157
CA_37683,61,2024-07-09,1.218,7.713,0.158
CA_37683,61,2024-07-10,1.258,7.987,0.158
CA_37683,61,2024-07-11,1.25,7.953,0.157
CA_37683,61,2024-07-12,1.225,7.816,0.157
CA_37683,61,2024-07-13,1.23,7.867,0.156
CA_37683,61,2024-07-14,1.27,8.159,0.156
CA_37683,61,2024-07-15,1.297,8.382,0.155
CA_37683,61,2024-07-16,1.306,8.503,0.154
CA_37683,61,2024-07-17,1.373,9.018,0.152
CA_37683,61,2024-07-18,1.423,9.447,0.151
CA_37683,61,2024-07-19,1.436,9.636,0.149
CA_37683,61,2024-07-20,1.453,9.86,0.148
CA_37683,61,2024-07-21,1.46,9.997,0.146
CA_37683,61,2024-07-22,1.365,9.413,0.145
CA_37683,61,2024-07-23,1.268,8.778,0.144
CA_37683,61,2024-07-24,1.226,8.486,0.144
CA_37683,61,2024-07-25,1.169,8.056,0.145
CA_37683,61,2024-07-26,1.185,8.091,0.146
CA_37683,61,2024-07-27,1.224,8.297,0.147
CA_37683,61,2024-07-28,1.21,8.142,0.149
CA_37683,61,2024-07-29,1.136,7.592,0.15
CA_37683,61,2024-07-30,1.063,7.05,0.151
CA_37683,61,2024-07-31,1.016,6.678,0.152
CA_37683,61,2024-08-01,1.052,6.852,0.153
CA_37683,61,2024-08-02,1.069,6.909,0.155
CA_37683,61,2024-08-03,1.05,6.746,0.156
CA_37683,61,2024-08-04,1.076,6.865,0.157
CA_37683,61,2024-08-05,1.106,7.001,0.158
CA_37683,61,2024-08-06,1.075,6.746,0.159
CA_37683,61,2024-08-07,1.07,6.661,0.16
CA_37683,61,2024-08-08,1.143,7.069,0.162
CA_37683,61,2024-08-09,1.203,7.393,0.163
CA_37683,61,2024-08-10,1.216,7.41,0.164
CA_37683,61,2024-08-11,1.259,7.615,0.165
CA_37683,61,2024-08-12,1.356,8.143,0.166
CA_37683,61,2024-08-13,1.408,8.399,0.168
CA_37683,61,2024-08-14,1.437,8.518,0.169
CA_37683,61,2024-08-15,1.438,8.467,0.17
CA_37683,61,2024-08-16,1.504,8.79,0.171
CA_37683,61,2024-08-17,1.503,8.722,0.172
CA_37683,61,2024-08-18,1.482,8.552,0.173
CA_37683,61,2024-08-19,1.428,8.194,0.174
CA_37683,61,2024-08-20,1.437,8.194,0.176
CA_37683,61,2024-08-21,1.348,7.632,0.177
CA_37683,61,2024-08-22,1.3,7.308,0.178
CA_37683,61,2024-08-23,1.309,7.359,0.178
CA_37683,61,2024-08-24,1.304,7.376,0.177
CA_37683,61,2024-08-25,1.222,6.984,0.175
CA_37683,61,2024-08-26,1.153,6.712,0.171
CA_37683,61,2024-08-27,1.117,6.695,0.167
CA_37683,61,2024-08-28,1.075,6.644,0.162
CA_37683,61,2024-08-29,1.093,6.967,0.158
CA_37683,61,2024-08-30,1.113,7.281,0.153
CA_37683,61,2024-08-31,1.219,8.136,0.15
CA_37683,61,2024-09-01,1.303,8.786,0.148
CA_37683,61,2024-09-02,1.37,9.25,0.148
CA_37683,61,2024-09-03,1.413,9.476,0.149
CA_37683,61,2024-09-04,1.44,9.543,0.151
CA_37683,61,2024-09-05,1.416,9.239,0.154
CA_37683,61,2024-09-06,1.451,9.306,0.156
CA_37683,61,2024-09-07,1.427,9.019,0.158
CA_37683,61,2024-09-08,1.359,8.511,0.16
CA_37683,61,2024-09-09,1.339,8.359,0.16
CA_37683,61,2024-09-10,1.271,7.936,0.16
CA_37683,61,2024-09-11,1.072,6.734,0.159
CA_37683,61,2024-09-12,0.929,5.905,0.157
CA_37683,61,2024-09-13,0.837,5.381,0.155
CA_37683,61,2024-09-14,0.75,4.89,0.153
CA_37683,61,2024-09-15,0.67,4.433,0.151
CA_37683,61,2024-09-16,0.596,4.01,0.148
CA_37683,61,2024-09-17,0.526,3.604,0.144
CA_37683,61,2024-09-18,0.471,3.334,0.139
CA_37683,61,2024-09-19,0.423,3.147,0.134
CA_37683,61,2024-09-20,0.4,3.198,0.127
CA_37683,61,2024-09-21,0.423,3.587,0.12
CA_37683,61,2024-09-22,0.466,4.163,0.114
CA_37683,61,2024-09-23,0.496,4.687,0.107
CA_37683,61,2024-09-24,0.523,5.127,0.103
CA_37683,61,2024-09-25,0.532,5.33,0.1
CA_37683,61,2024-09-26,0.553,5.55,0.1
CA_37683,61,2024-09-27,0.56,5.533,0.101
CA_37683,61,2024-09-28,0.56,5.347,0.105
CA_37683,61,2024-09-29,0.563,5.187,0.109
CA_37683,61,2024-09-30,0.554,4.938,0.113
CA_37683,61,2024-10-01,0.561,4.815,0.116
CA_37683,61,2024-10-02,0.579,4.86,0.119
CA_37683,61,2024-10-03,0.604,5.008,0.12
CA_37683,61,2024-10-04,0.628,5.203,0.121
CA_37683,61,2024-10-05,0.654,5.45,0.12
CA_37683,61,2024-10-06,0.641,5.433,0.118
CA_37683,61,2024-10-07,0.635,5.468,0.116
CA_37683,61,2024-10-08,0.605,5.291,0.114
CA_37683,61,2024-10-09,0.573,5.096,0.112
CA_37683,61,2024-10-10,0.55,5.008,0.11
CA_37683,61,2024-10-11,0.517,4.831,0.107
CA_37683,61,2024-10-12,0.486,4.689,0.103
CA_37683,61,2024-10-13,0.47,4.707,0.1
CA_37683,61,2024-10-14,0.423,4.406,0.095
CA_37683,61,2024-10-15,0.37,4.035,0.091
CA_37683,61,2024-10-16,0.344,3.929,0.087
CA_37683,61,2024-10-17,0.32,3.875,0.083
CA_37683,61,2024-10-18,0.293,3.699,0.08
CA_37683,61,2024-10-19,0.306,3.946,0.078
CA_37683,61,2024-10-20,0.307,3.982,0.077
CA_37683,61,2024-10-21,0.32,4.105,0.078
CA_37683,61,2024-10-22,0.298,3.734,0.08
CA_37683,61,2024-10-23,0.294,3.61,0.082
CA_37683,61,2024-10-24,0.284,3.38,0.084
CA_37683,61,2024-10-25,0.276,3.22,0.086
CA_37683,61,2024-10-26,0.263,2.831,0.093
CA_37683,61,2024-10-27,0.35,3.203,0.106
CA_37683,61,2024-10-28,0.411,3.238,0.125
CA_37683,61,2024-10-29,0.426,2.902,0.149
CA_37683,61,2024-10-30,0.456,2.701,0.178
CA_37683,61,2024-10-31,0.465,2.462,0.207
CA_37683,61,2024-11-01,0.471,2.053,0.236
CA_37683,61,2024-11-02,0.483,1.801,0.266
CA_37683,61,2024-11-03,0.49,1.723,0.281
CA_37683,61,2024-11-04,0.471,1.631,0.284
CA_37683,61,2024-11-05,0.442,1.558,0.273
CA_37683,61,2024-11-06,0.332,1.246,0.248
CA_37683,61,2024-11-07,0.242,1.118,0.21
CA_37683,61,2024-11-08,0.19,1.154,0.173
CA_37683,61,2024-11-09,0.144,1.136,0.135
CA_37683,61,2024-11-10,0.112,1.265,0.097
CA_37683,61,2024-11-11,0.095,1.521,0.067
CA_37683,61,2024-11-12,0.067,1.521,0.045
CA_37683,61,2024-11-13,0.044,1.576,0.03
CA_37683,61,2024-11-14,0.039,1.649,0.024
CA_37683,61,2024-11-15,0.041,1.631,0.025
CA_37683,61,2024-11-16,0.043,1.594,0.027
CA_37683,61,2024-11-17,0.044,1.594,0.028
CA_37683,61,2024-11-18,0.043,1.466,0.029
CA_37683,61,2024-11-19,0.044,1.43,0.031
CA_37683,61,2024-11-20,0.048,1.466,0.033
CA_37683,61,2024-11-21,0.051,1.429,0.035
CA_37683,61,2024-11-22,0.06,1.539,0.038
CA_37683,61,2024-11-23,0.066,1.594,0.041
CA_37683,61,2024-11-24,0.076,1.704,0.044
CA_37683,61,2024-11-25,0.079,1.668,0.047
CA_37683,61,2024-11-26,0.092,1.815,0.05
CA_37683,61,2024-11-27,0.096,1.741,0.055
CA_37683,61,2024-11-28,0.103,1.686,0.063
CA_37683,61,2024-11-29,0.093,1.403,0.073
CA_37683,61,2024-11-30,0.094,1.255,0.085
CA_37683,61,2024-12-01,0.088,0.945,0.099
CA_37683,61,2024-12-02,0.103,0.901,0.113
CA_37683,61,2024-12-03,0.11,0.831,0.127
CA_37683,61,2024-12-04,0.13,0.914,0.141
CA_37683,61,2024-12-05,0.144,0.935,0.155
CA_37683,61,2024-12-06,0.164,0.977,0.169
CA_37683,61,2024-12-07,0.19,1.018,0.183
CA_37683,61,2024-12-08,0.208,1.039,0.197
CA_37683,61,2024-12-09,0.24,1.122,0.211
CA_37683,61,2024-12-10,0.251,1.122,0.226
CA_37683,61,2024-12-11,0.261,1.101,0.24
CA_37683,61,2024-12-12,0.234,0.935,0.254
CA_37683,61,2024-12-13,0.224,0.852,0.267
CA_37683,61,2024-12-14,0.207,0.748,0.279
CA_37683,61,2024-12-15,0.204,0.707,0.29
CA_37683,61,2024-12-16,0.186,0.624,0.3
CA_37683,61,2024-12-17,0.185,0.603,0.308
CA_37683,61,2024-12-18,0.198,0.624,0.317
CA_37683,61,2024-12-19,0.204,0.624,0.326
CA_37683,61,2024-12-20,0.202,0.603,0.335
CA_37683,61,2024-12-21,0.207,0.603,0.344
CA_37683,61,2024-12-22,0.211,0.603,0.352
CA_37683,61,2024-12-23,0.202,0.562,0.361
CA_37683,61,2024-12-24,0.2,0.541,0.37
CA_37683,61,2024-12-25,0.189,0.499,0.379
CA_37683,61,2024-12-26,0.21,0.541,0.388
CA_37683,61,2024-12-27,0.24,0.603,0.396
CA_37683,61,2024-12-28,0.333,0.811,0.405
CA_37683,61,2024-12-29,0.338,0.811,0.414
CA_37683,61,2024-12-30,0.392,0.936,0.418
CA_37683,61,2024-12-31,0.424,1.005,0.423
CA_37890,241,2024-01-01,0.694,0.917,0.757
CA_37890,241,2024-01-02,0.348,0.458,0.759
CA_37890,241,2024-01-03,0.837,1.1,0.76
CA_37890,241,2024-01-04,1.327,1.742,0.762
CA_37890,241,2024-01-05,0.91,1.192,0.764
CA_37890,241,2024-01-06,0.772,1.008,0.765
CA_37890,241,2024-01-07,0.985,1.283,0.767
CA_37890,241,2024-01-08,0.775,1.008,0.769
CA_37890,241,2024-01-09,0.848,1.1,0.771
CA_37890,241,2024-01-10,0.779,1.008,0.772
CA_37890,241,2024-01-11,0.993,1.283,0.774
CA_37890,241,2024-01-12,0.569,0.733,0.776
CA_37890,241,2024-01-13,0.57,0.733,0.777
CA_37890,241,2024-01-14,0.857,1.1,0.779
CA_37890,241,2024-01-15,0.572,0.733,0.781
CA_37890,241,2024-01-16,0.717,0.917,0.782
CA_37890,241,2024-01-17,0.791,1.008,0.784
CA_37890,241,2024-01-18,0.72,0.917,0.786
CA_37890,241,2024-01-19,1.083,1.375,0.787
CA_37890,241,2024-01-20,1.157,1.467,0.789
CA_37890,241,2024-01-21,1.16,1.467,0.791
CA_37890,241,2024-01-22,0.726,0.917,0.792
CA_37890,241,2024-01-23,1.019,1.283,0.794
CA_37890,241,2024-01-24,0.729,0.917,0.796
CA_37890,241,2024-01-25,1.023,1.283,0.797
CA_37890,241,2024-01-26,0.806,1.008,0.799
CA_37890,241,2024-01-27,0.734,0.917,0.801
CA_37890,241,2024-01-28,1.03,1.283,0.802
CA_37890,241,2024-01-29,1.253,1.558,0.804
CA_37890,241,2024-01-30,1.33,1.65,0.806
CA_37890,241,2024-01-31,1.925,2.384,0.808
CA_37890,241,2024-02-01,0.867,1.071,0.809
CA_37890,241,2024-02-02,0.941,1.16,0.811
CA_37890,241,2024-02-03,1.015,1.249,0.813
CA_37890,241,2024-02-04,1.453,1.785,0.814
CA_37890,241,2024-02-05,1.311,1.606,0.816
CA_37890,241,2024-02-06,0.803,0.982,0.818
CA_37890,241,2024-02-07,0.877,1.071,0.819
CA_37890,241,2024-02-08,0.659,0.803,0.821
CA_37890,241,2024-02-09,1.101,1.339,0.823
CA_37890,241,2024-02-10,1.103,1.339,0.824
CA_37890,241,2024-02-11,1.253,1.517,0.826
CA_37890,241,2024-02-12,1.158,1.428,0.811
CA_37890,241,2024-02-13,0.994,1.249,0.796
CA_37890,241,2024-02-14,1.045,1.339,0.781
CA_37890,241,2024-02-15,1.093,1.428,0.765
CA_37890,241,2024-02-16,1.071,1.428,0.75
CA_37890,241,2024-02-17,0.984,1.339,0.735
CA_37890,241,2024-02-18,1.542,2.142,0.72
CA_37890,241,2024-02-19,1.824,2.588,0.705
CA_37890,241,2024-02-20,1.316,1.874,0.702
CA_37890,241,2024-02-21,1.123,1.606,0.699
CA_37890,241,2024-02-22,1.305,1.874,0.697
CA_37890,241,2024-02-23,1.177,1.696,0.694
CA_37890,241,2024-02-24,0.987,1.428,0.691
CA_37890,241,2024-02-25,1.167,1.696,0.688
CA_37890,241,2024-02-26,1.285,1.874,0.686
CA_37890,241,2024-02-27,1.402,2.053,0.683
CA_37890,241,2024-02-28,1.488,2.142,0.695
CA_37890,241,2024-02-29,1.324,1.874,0.707
CA_37890,241,2024-03-01,1.136,1.581,0.718
CA_37890,241,2024-03-02,1.411,1.932,0.73
CA_37890,241,2024-03-03,1.238,1.669,0.742
CA_37890,241,2024-03-04,1.06,1.405,0.754
CA_37890,241,2024-03-05,1.412,1.844,0.766
CA_37890,241,2024-03-06,1.571,2.02,0.778
CA_37890,241,2024-03-07,1.664,2.108,0.79
CA_37890,241,2024-03-08,1.76,2.196,0.801
CA_37890,241,2024-03-09,1.714,2.108,0.813
CA_37890,241,2024-03-10,1.884,2.283,0.825
CA_37890,241,2024-03-11,1.838,2.196,0.837
CA_37890,241,2024-03-12,1.267,1.493,0.849
CA_37890,241,2024-03-13,2.343,2.722,0.861
CA_37890,241,2024-03-14,3.448,3.952,0.872
CA_37890,241,2024-03-15,2.76,3.162,0.873
CA_37890,241,2024-03-16,2.762,3.162,0.874
CA_37890,241,2024-03-17,2.841,3.249,0.874
CA_37890,241,2024-03-18,2.612,2.986,0.875
CA_37890,241,2024-03-19,2.768,3.162,0.875
CA_37890,241,2024-03-20,3.385,3.864,0.876
CA_37890,241,2024-03-21,3.156,3.601,0.877
CA_37890,241,2024-03-22,2.696,3.074,0.877
CA_37890,241,2024-03-23,1.738,1.932,0.899
CA_37890,241,2024-03-24,2.186,2.371,0.922
CA_37890,241,2024-03-25,2.404,2.547,0.944
CA_37890,241,2024-03-26,2.97,3.074,0.966
CA_37890,241,2024-03-27,2.257,2.283,0.989
CA_37890,241,2024-03-28,2.486,2.459,1.011
CA_37890,241,2024-03-29,2.359,2.283,1.033
CA_37890,241,2024-03-30,2.78,2.635,1.055
CA_37890,241,2024-03-31,3.006,2.81,1.07
CA_37890,241,2024-04-01,3.975,3.668,1.084
CA_37890,241,2024-04-02,3.84,3.498,1.098
CA_37890,241,2024-04-03,4.459,4.009,1.112
CA_37890,241,2024-04-04,1.73,1.535,1.126
CA_37890,241,2024-04-05,2.141,1.877,1.141
CA_37890,241,2024-04-06,3.349,2.9,1.155
CA_37890,241,2024-04-07,4.188,3.583,1.169
CA_37890,241,2024-04-08,4.542,3.839,1.183
CA_37890,241,2024-04-09,4.29,3.583,1.197
CA_37890,241,2024-04-10,4.858,4.009,1.212
CA_37890,241,2024-04-11,4.915,4.009,1.226
CA_37890,241,2024-04-12,5.501,4.436,1.24
CA_37890,241,2024-04-13,2.033,1.621,1.254
CA_37890,241,2024-04-14,2.705,2.133,1.269
CA_37890,241,2024-04-15,3.392,2.644,1.283
CA_37890,241,2024-04-16,4.326,3.412,1.268
CA_37890,241,2024-04-17,4.915,3.924,1.253
CA_37890,241,2024-04-18,4.856,3.924,1.238
CA_37890,241,2024-04-19,5.631,4.606,1.222
CA_37890,241,2024-04-20,5.871,4.862,1.207
CA_37890,241,2024-04-21,5.696,4.777,1.192
CA_37890,241,2024-04-22,5.423,4.606,1.177
CA_37890,241,2024-04-23,4.561,3.924,1.162
CA_37890,241,2024-04-24,4.092,3.583,1.142
CA_37890,241,2024-04-25,4.785,4.265,1.122
CA_37890,241,2024-04-26,3.947,3.583,1.102
CA_37890,241,2024-04-27,4.613,4.265,1.081
CA_37890,241,2024-04-28,5.522,5.204,1.061
CA_37890,241,2024-04-29,5.861,5.63,1.041
CA_37890,241,2024-04-30,5.312,5.204,1.021
CA_37890,241,2024-05-01,5.78,5.776,1.001
CA_37890,241,2024-05-02,5.497,5.441,1.01
CA_37890,241,2024-05-03,5.294,5.19,1.02
CA_37890,241,2024-05-04,1.379,1.339,1.03
CA_37890,241,2024-05-05,3.915,3.767,1.039
CA_37890,241,2024-05-06,4.302,4.102,1.049
CA_37890,241,2024-05-07,4.785,4.521,1.058
CA_37890,241,2024-05-08,5.722,5.358,1.068
CA_37890,241,2024-05-09,5.503,5.106,1.078
CA_37890,241,2024-05-10,6.118,5.692,1.075
CA_37890,241,2024-05-11,6.37,5.944,1.072
CA_37890,241,2024-05-12,6.531,6.111,1.069
CA_37890,241,2024-05-13,6.423,6.027,1.066
CA_37890,241,2024-05-14,6.405,6.027,1.063
CA_37890,241,2024-05-15,6.475,6.111,1.06
CA_37890,241,2024-05-16,6.103,5.776,1.057
CA_37890,241,2024-05-17,5.556,5.274,1.054
CA_37890,241,2024-05-18,5.475,5.19,1.055
CA_37890,241,2024-05-19,5.216,4.939,1.056
CA_37890,241,2024-05-20,6.107,5.776,1.057
CA_37890,241,2024-05-21,6.646,6.278,1.058
CA_37890,241,2024-05-22,6.565,6.195,1.06
CA_37890,241,2024-05-23,6.128,5.776,1.061
CA_37890,241,2024-05-24,5.513,5.19,1.062
CA_37890,241,2024-05-25,5.163,4.855,1.063
CA_37890,241,2024-05-26,5.613,5.274,1.064
CA_37890,241,2024-05-27,6.242,5.86,1.065
CA_37890,241,2024-05-28,6.514,6.111,1.066
CA_37890,241,2024-05-29,7.056,6.613,1.067
CA_37890,241,2024-05-30,7.419,6.948,1.068
CA_37890,241,2024-05-31,7.246,6.781,1.069
CA_37890,241,2024-06-01,6.772,6.332,1.07
CA_37890,241,2024-06-02,6.243,5.832,1.07
CA_37890,241,2024-06-03,5.562,5.249,1.06
CA_37890,241,2024-06-04,7.166,6.832,1.049
CA_37890,241,2024-06-05,7.265,6.998,1.038
CA_37890,241,2024-06-06,7.703,7.498,1.027
CA_37890,241,2024-06-07,6.86,6.749,1.017
CA_37890,241,2024-06-08,5.614,5.582,1.006
CA_37890,241,2024-06-09,5.886,5.915,0.995
CA_37890,241,2024-06-10,6.314,6.415,0.984
CA_37890,241,2024-06-11,5.478,6.269,0.874
CA_37890,241,2024-06-12,5.469,6.265,0.873
CA_37890,241,2024-06-13,5.446,6.249,0.871
CA_37890,241,2024-06-14,5.276,6.065,0.87
CA_37890,241,2024-06-15,5.615,6.465,0.869
CA_37890,241,2024-06-16,5.939,6.849,0.867
CA_37890,241,2024-06-17,6.103,7.048,0.866
CA_37890,241,2024-06-18,6.223,7.198,0.865
CA_37890,241,2024-06-19,6.328,7.332,0.863
CA_37890,241,2024-06-20,6.189,7.182,0.862
CA_37890,241,2024-06-21,6.18,7.182,0.86
CA_37890,241,2024-06-22,6.105,7.098,0.86
CA_37890,241,2024-06-23,6.095,7.082,0.861
CA_37890,241,2024-06-24,6.106,7.082,0.862
CA_37890,241,2024-06-25,6.312,7.298,0.865
CA_37890,241,2024-06-26,6.162,7.098,0.868
CA_37890,241,2024-06-27,6.2,7.115,0.872
CA_37890,241,2024-06-28,6.167,7.048,0.875
CA_37890,241,2024-06-29,6.088,6.93,0.879
CA_37890,241,2024-06-30,5.777,6.559,0.881
CA_37890,241,2024-07-01,5.91,6.706,0.881
CA_37890,241,2024-07-02,6.122,6.957,0.88
CA_37890,241,2024-07-03,6.529,7.443,0.878
CA_37890,241,2024-07-04,6.765,7.746,0.874
CA_37890,241,2024-07-05,7.003,8.049,0.87
CA_37890,241,2024-07-06,7.108,8.2,0.866
CA_37890,241,2024-07-07,6.918,8.015,0.863
CA_37890,241,2024-07-08,6.629,7.712,0.859
CA_37890,241,2024-07-09,6.521,7.611,0.857
CA_37890,241,2024-07-10,6.649,7.779,0.855
CA_37890,241,2024-07-11,6.609,7.746,0.853
CA_37890,241,2024-07-12,6.431,7.544,0.852
CA_37890,241,2024-07-13,6.153,7.224,0.852
CA_37890,241,2024-07-14,5.931,6.971,0.851
CA_37890,241,2024-07-15,5.639,6.634,0.85
CA_37890,241,2024-07-16,5.556,6.55,0.848
CA_37890,241,2024-07-17,5.699,6.735,0.846
CA_37890,241,2024-07-18,5.892,6.988,0.843
CA_37890,241,2024-07-19,5.869,6.988,0.84
CA_37890,241,2024-07-20,5.772,6.904,0.836
CA_37890,241,2024-07-21,5.674,6.819,0.832
CA_37890,241,2024-07-22,5.548,6.702,0.828
CA_37890,241,2024-07-23,5.476,6.651,0.823
CA_37890,241,2024-07-24,5.546,6.769,0.82
CA_37890,241,2024-07-25,5.688,6.971,0.816
CA_37890,241,2024-07-26,5.898,7.257,0.813
CA_37890,241,2024-07-27,6.055,7.476,0.81
CA_37890,241,2024-07-28,5.995,7.426,0.807
CA_37890,241,2024-07-29,5.99,7.443,0.805
CA_37890,241,2024-07-30,6.073,7.572,0.802
CA_37890,241,2024-07-31,6.021,7.532,0.799
CA_37890,241,2024-08-01,6.027,7.561,0.797
CA_37890,241,2024-08-02,6.065,7.623,0.796
CA_37890,241,2024-08-03,5.839,7.349,0.795
CA_37890,241,2024-08-04,5.435,6.846,0.794
CA_37890,241,2024-08-05,5.127,6.46,0.794
CA_37890,241,2024-08-06,4.886,6.158,0.793
CA_37890,241,2024-08-07,4.792,6.041,0.793
CA_37890,241,2024-08-08,5.003,6.309,0.793
CA_37890,241,2024-08-09,5.161,6.544,0.789
CA_37890,241,2024-08-10,5.251,6.729,0.78
CA_37890,241,2024-08-11,5.087,6.611,0.768
CA_37890,241,2024-08-12,5.023,6.678,0.751
CA_37890,241,2024-08-13,4.674,6.393,0.73
CA_37890,241,2024-08-14,4.873,6.896,0.71
CA_37890,241,2024-08-15,4.896,7.148,0.689
CA_37890,241,2024-08-16,5.167,7.769,0.668
CA_37890,241,2024-08-17,5.26,8.104,0.652
CA_37890,241,2024-08-18,5.471,8.557,0.639
CA_37890,241,2024-08-19,5.028,7.97,0.631
CA_37890,241,2024-08-20,4.744,7.567,0.627
CA_37890,241,2024-08-21,4.356,6.947,0.627
CA_37890,241,2024-08-22,3.989,6.359,0.627
CA_37890,241,2024-08-23,3.612,5.755,0.628
CA_37890,241,2024-08-24,3.529,5.621,0.628
CA_37890,241,2024-08-25,3.563,5.655,0.63
CA_37890,241,2024-08-26,3.587,5.655,0.634
CA_37890,241,2024-08-27,3.656,5.705,0.64
CA_37890,241,2024-08-28,3.843,5.923,0.648
CA_37890,241,2024-08-29,3.967,6.023,0.659
CA_37890,241,2024-08-30,3.866,5.786,0.669
CA_37890,241,2024-08-31,3.873,5.713,0.679
CA_37890,241,2024-09-01,3.973,5.768,0.689
CA_37890,241,2024-09-02,4.154,5.951,0.697
CA_37890,241,2024-09-03,4.197,5.957,0.704
CA_37890,241,2024-09-04,4.461,6.297,0.708
CA_37890,241,2024-09-05,5.03,7.073,0.711
CA_37890,241,2024-09-06,5.29,7.429,0.712
CA_37890,241,2024-09-07,4.868,6.831,0.713
CA_37890,241,2024-09-08,4.607,6.458,0.714
CA_37890,241,2024-09-09,4.242,5.94,0.715
CA_37890,241,2024-09-10,3.577,5.002,0.716
CA_37890,241,2024-09-11,3.131,4.37,0.716
CA_37890,241,2024-09-12,3.31,4.613,0.717
CA_37890,241,2024-09-13,3.442,4.791,0.718
CA_37890,241,2024-09-14,3.62,5.034,0.719
CA_37890,241,2024-09-15,3.496,4.856,0.72
CA_37890,241,2024-09-16,3.454,4.791,0.721
CA_37890,241,2024-09-17,3.318,4.597,0.722
CA_37890,241,2024-09-18,3.179,4.435,0.717
CA_37890,241,2024-09-19,3.075,4.37,0.705
CA_37890,241,2024-09-20,3.247,4.742,0.688
CA_37890,241,2024-09-21,3.264,4.953,0.664
CA_37890,241,2024-09-22,3.188,5.05,0.634
CA_37890,241,2024-09-23,3.016,4.969,0.603
CA_37890,241,2024-09-24,2.892,5.018,0.573
CA_37890,241,2024-09-25,2.602,4.759,0.543
CA_37890,241,2024-09-26,2.395,4.597,0.521
CA_37890,241,2024-09-27,2.323,4.597,0.506
CA_37890,241,2024-09-28,2.573,5.147,0.499
CA_37890,241,2024-09-29,2.522,5.043,0.499
CA_37890,241,2024-09-30,2.695,5.31,0.507
CA_37890,241,2024-10-01,2.841,5.512,0.515
CA_37890,241,2024-10-02,2.988,5.714,0.523
CA_37890,241,2024-10-03,2.825,5.319,0.531
CA_37890,241,2024-10-04,2.792,5.206,0.537
CA_37890,241,2024-10-05,2.736,5.062,0.541
CA_37890,241,2024-10-06,2.558,4.708,0.543
CA_37890,241,2024-10-07,2.247,4.13,0.544
CA_37890,241,2024-10-08,2.11,3.889,0.542
CA_37890,241,2024-10-09,2.009,3.712,0.541
CA_37890,241,2024-10-10,1.925,3.568,0.54
CA_37890,241,2024-10-11,1.936,3.6,0.538
CA_37890,241,2024-10-12,2.162,4.001,0.54
CA_37890,241,2024-10-13,2.235,4.098,0.545
CA_37890,241,2024-10-14,2.337,4.226,0.553
CA_37890,241,2024-10-15,2.356,4.178,0.565
CA_37890,241,2024-10-16,2.401,4.146,0.58
CA_37890,241,2024-10-17,2.366,3.969,0.596
CA_37890,241,2024-10-18,2.364,3.873,0.611
CA_37890,241,2024-10-19,2.285,3.664,0.626
CA_37890,241,2024-10-20,2.272,3.568,0.639
CA_37890,241,2024-10-21,2.19,3.375,0.65
CA_37890,241,2024-10-22,2.012,3.053,0.66
CA_37890,241,2024-10-23,1.875,2.812,0.667
CA_37890,241,2024-10-24,2.023,3.005,0.673
CA_37890,241,2024-10-25,1.809,2.668,0.679
CA_37890,241,2024-10-26,1.637,2.394,0.685
CA_37890,241,2024-10-27,1.538,2.234,0.69
CA_37890,241,2024-10-28,1.619,2.33,0.696
CA_37890,241,2024-10-29,1.434,2.041,0.701
CA_37890,241,2024-10-30,1.582,2.236,0.707
CA_37890,241,2024-10-31,1.732,2.43,0.712
CA_37890,241,2024-11-01,2.047,2.851,0.717
CA_37890,241,2024-11-02,2.157,2.982,0.722
CA_37890,241,2024-11-03,2.134,2.935,0.727
CA_37890,241,2024-11-04,2.1,2.871,0.732
CA_37890,241,2024-11-05,1.921,2.613,0.737
CA_37890,241,2024-11-06,1.624,2.194,0.743
CA_37890,241,2024-11-07,1.348,1.807,0.748
CA_37890,241,2024-11-08,1.248,1.661,0.753
CA_37890,241,2024-11-09,1.075,1.419,0.758
CA_37890,241,2024-11-10,1.007,1.323,0.763
CA_37890,241,2024-11-11,0.966,1.258,0.768
CA_37890,241,2024-11-12,0.922,1.194,0.773
CA_37890,241,2024-11-13,0.955,1.226,0.778
CA_37890,241,2024-11-14,1.037,1.323,0.783
CA_37890,241,2024-11-15,1.326,1.677,0.788
CA_37890,241,2024-11-16,1.281,1.613,0.794
CA_37890,241,2024-11-17,1.313,1.645,0.799
CA_37890,241,2024-11-18,1.281,1.597,0.804
CA_37890,241,2024-11-19,1.263,1.564,0.809
CA_37890,241,2024-11-20,1.078,1.322,0.814
CA_37890,241,2024-11-21,1.192,1.468,0.812
CA_37890,241,2024-11-22,1.144,1.419,0.804
CA_37890,241,2024-11-23,1.172,1.484,0.789
CA_37890,241,2024-11-24,1.221,1.597,0.768
CA_37890,241,2024-11-25,1.167,1.581,0.739
CA_37890,241,2024-11-26,1.022,1.435,0.711
CA_37890,241,2024-11-27,0.972,1.403,0.683
CA_37890,241,2024-11-28,0.955,1.452,0.655
CA_37890,241,2024-11-29,0.822,1.302,0.633
CA_37890,241,2024-11-30,0.746,1.211,0.619
CA_37890,241,2024-12-01,0.843,1.382,0.611
CA_37890,241,2024-12-02,0.856,1.403,0.611
CA_37890,241,2024-12-03,0.817,1.322,0.617
CA_37890,241,2024-12-04,0.882,1.413,0.624
CA_37890,241,2024-12-05,1.087,1.721,0.63
CA_37890,241,2024-12-06,1.016,1.594,0.636
CA_37890,241,2024-12-07,1.069,1.667,0.642
CA_37890,241,2024-12-08,1.1,1.703,0.647
CA_37890,241,2024-12-09,1.059,1.63,0.651
CA_37890,241,2024-12-10,0.829,1.268,0.654
CA_37890,241,2024-12-11,0.736,1.123,0.657
CA_37890,241,2024-12-12,0.656,0.996,0.659
CA_37890,241,2024-12-13,0.539,0.815,0.662
CA_37890,241,2024-12-14,0.482,0.725,0.664
CA_37890,241,2024-12-15,0.52,0.779,0.666
CA_37890,241,2024-12-16,0.545,0.815,0.669
CA_37890,241,2024-12-17,0.547,0.815,0.671
CA_37890,241,2024-12-18,0.524,0.779,0.674
CA_37890,241,2024-12-19,0.477,0.706,0.676
CA_37890,241,2024-12-20,0.442,0.652,0.679
CA_37890,241,2024-12-21,0.432,0.634,0.681
CA_37890,241,2024-12-22,0.446,0.652,0.684
CA_37890,241,2024-12-23,0.623,0.906,0.686
CA_37890,241,2024-12-24,0.762,1.105,0.689
CA_37890,241,2024-12-25,0.802,1.159,0.691
CA_37890,241,2024-12-26,0.829,1.196,0.694
CA_37890,241,2024-12-27,0.857,1.232,0.696
CA_37890,241,2024-12-28,0.721,1.032,0.699
CA_37890,241,2024-12-29,0.686,0.978,0.701
CA_37890,241,2024-12-30,0.684,0.973,0.702
CA_37890,241,2024-12-31,0.723,1.026,0.704
CA_38650,47,2024-01-01,0.456,0.999,0.457
CA_38650,47,2024-01-02,0.209,0.444,0.47
CA_38650,47,2024-01-03,0.43,0.888,0.484
CA_38650,47,2024-01-04,0.883,1.776,0.497
CA_38650,47,2024-01-05,0.623,1.221,0.511
CA_38650,47,2024-01-06,0.582,1.11,0.524
CA_38650,47,2024-01-07,0.835,1.554,0.538
CA_38650,47,2024-01-08,0.612,1.11,0.551
CA_38650,47,2024-01-09,0.689,1.221,0.565
CA_38650,47,2024-01-10,0.706,1.221,0.578
CA_38650,47,2024-01-11,0.853,1.443,0.591
CA_38650,47,2024-01-12,0.537,0.888,0.605
CA_38650,47,2024-01-13,0.48,0.777,0.618
CA_38650,47,2024-01-14,0.771,1.221,0.632
CA_38650,47,2024-01-15,0.573,0.888,0.645
CA_38650,47,2024-01-16,0.658,0.999,0.659
CA_38650,47,2024-01-17,0.671,0.999,0.672
CA_38650,47,2024-01-18,0.609,0.888,0.686
CA_38650,47,2024-01-19,0.698,0.999,0.699
CA_38650,47,2024-01-20,0.87,1.221,0.713
CA_38650,47,2024-01-21,0.967,1.332,0.726
CA_38650,47,2024-01-22,0.492,0.666,0.739
CA_38650,47,2024-01-23,1.086,1.443,0.753
CA_38650,47,2024-01-24,0.595,0.777,0.766
CA_38650,47,2024-01-25,1.125,1.443,0.78
CA_38650,47,2024-01-26,0.88,1.11,0.793
CA_38650,47,2024-01-27,0.806,0.999,0.807
CA_38650,47,2024-01-28,1.092,1.332,0.82
CA_38650,47,2024-01-29,1.388,1.665,0.834
CA_38650,47,2024-01-30,1.41,1.665,0.847
CA_38650,47,2024-01-31,1.814,2.108,0.861
CA_38650,47,2024-02-01,1.173,1.342,0.874
CA_38650,47,2024-02-02,1.283,1.446,0.887
CA_38650,47,2024-02-03,1.209,1.342,0.901
CA_38650,47,2024-02-04,1.416,1.549,0.914
CA_38650,47,2024-02-05,1.245,1.342,0.928
CA_38650,47,2024-02-06,0.972,1.033,0.941
CA_38650,47,2024-02-07,1.084,1.136,0.955
CA_38650,47,2024-02-08,1.1,1.136,0.968
CA_38650,47,2024-02-09,1.419,1.446,0.982
CA_38650,47,2024-02-10,1.541,1.549,0.995
CA_38650,47,2024-02-11,1.562,1.549,1.008
CA_38650,47,2024-02-12,1.549,1.549,1.0
CA_38650,47,2024-02-13,1.434,1.446,0.992
CA_38650,47,2024-02-14,1.321,1.342,0.984
CA_38650,47,2024-02-15,1.612,1.652,0.976
CA_38650,47,2024-02-16,1.399,1.446,0.968
CA_38650,47,2024-02-17,0.991,1.033,0.959
CA_38650,47,2024-02-18,1.768,1.859,0.951
CA_38650,47,2024-02-19,2.629,2.788,0.943
CA_38650,47,2024-02-20,1.814,1.859,0.976
CA_38650,47,2024-02-21,1.876,1.859,1.009
CA_38650,47,2024-02-22,2.261,2.169,1.042
CA_38650,47,2024-02-23,2.11,1.962,1.076
CA_38650,47,2024-02-24,1.717,1.549,1.109
CA_38650,47,2024-02-25,2.122,1.859,1.142
CA_38650,47,2024-02-26,2.427,2.065,1.175
CA_38650,47,2024-02-27,2.745,2.272,1.208
CA_38650,47,2024-02-28,2.718,2.272,1.197
CA_38650,47,2024-02-29,2.447,2.065,1.185
CA_38650,47,2024-03-01,1.944,1.657,1.173
CA_38650,47,2024-03-02,2.377,2.046,1.162
CA_38650,47,2024-03-03,1.793,1.559,1.15
CA_38650,47,2024-03-04,1.664,1.462,1.138
CA_38650,47,2024-03-05,2.196,1.949,1.127
CA_38650,47,2024-03-06,2.282,2.046,1.115
CA_38650,47,2024-03-07,2.474,2.241,1.104
CA_38650,47,2024-03-08,2.554,2.339,1.092
CA_38650,47,2024-03-09,2.527,2.339,1.08
CA_38650,47,2024-03-10,2.708,2.534,1.069
CA_38650,47,2024-03-11,2.473,2.339,1.057
CA_38650,47,2024-03-12,1.529,1.462,1.046
CA_38650,47,2024-03-13,3.225,3.118,1.034
CA_38650,47,2024-03-14,4.285,4.19,1.022
CA_38650,47,2024-03-15,3.686,3.606,1.022
CA_38650,47,2024-03-16,3.485,3.411,1.022
CA_38650,47,2024-03-17,3.584,3.508,1.022
CA_38650,47,2024-03-18,3.284,3.216,1.021
CA_38650,47,2024-03-19,3.482,3.411,1.021
CA_38650,47,2024-03-20,4.078,3.995,1.021
CA_38650,47,2024-03-21,3.778,3.703,1.02
CA_38650,47,2024-03-22,3.081,3.021,1.02
CA_38650,47,2024-03-23,2.205,2.144,1.029
CA_38650,47,2024-03-24,3.133,3.021,1.037
CA_38650,47,2024-03-25,2.956,2.826,1.046
CA_38650,47,2024-03-26,3.494,3.313,1.054
CA_38650,47,2024-03-27,2.383,2.241,1.063
CA_38650,47,2024-03-28,2.82,2.631,1.072
CA_38650,47,2024-03-29,2.526,2.339,1.08
CA_38650,47,2024-03-30,3.183,2.924,1.089
CA_38650,47,2024-03-31,3.208,2.924,1.097
CA_38650,47,2024-04-01,4.207,3.804,1.106
CA_38650,47,2024-04-02,4.033,3.618,1.115
CA_38650,47,2024-04-03,4.481,3.989,1.123
CA_38650,47,2024-04-04,1.785,1.577,1.132
CA_38650,47,2024-04-05,2.327,2.041,1.14
CA_38650,47,2024-04-06,3.518,3.062,1.149
CA_38650,47,2024-04-07,4.188,3.618,1.158
CA_38650,47,2024-04-08,4.927,4.268,1.154
CA_38650,47,2024-04-09,4.379,3.804,1.151
CA_38650,47,2024-04-10,4.687,4.082,1.148
CA_38650,47,2024-04-11,4.887,4.268,1.145
CA_38650,47,2024-04-12,4.662,4.082,1.142
CA_38650,47,2024-04-13,1.162,1.021,1.139
CA_38650,47,2024-04-14,2.845,2.505,1.136
CA_38650,47,2024-04-15,3.153,2.783,1.133
CA_38650,47,2024-04-16,3.773,3.34,1.13
CA_38650,47,2024-04-17,4.494,3.989,1.127
CA_38650,47,2024-04-18,4.482,3.989,1.123
CA_38650,47,2024-04-19,5.301,4.731,1.12
CA_38650,47,2024-04-20,5.701,5.103,1.117
CA_38650,47,2024-04-21,5.478,4.917,1.114
CA_38650,47,2024-04-22,5.463,4.917,1.111
CA_38650,47,2024-04-23,4.522,4.082,1.108
CA_38650,47,2024-04-24,4.077,3.896,1.046
CA_38650,47,2024-04-25,4.384,4.453,0.985
CA_38650,47,2024-04-26,3.767,4.082,0.923
CA_38650,47,2024-04-27,4.075,4.731,0.861
CA_38650,47,2024-04-28,4.228,5.288,0.8
CA_38650,47,2024-04-29,4.108,5.566,0.738
CA_38650,47,2024-04-30,3.827,5.659,0.676
CA_38650,47,2024-05-01,3.835,6.239,0.615
CA_38650,47,2024-05-02,3.518,5.787,0.608
CA_38650,47,2024-05-03,3.262,5.425,0.601
CA_38650,47,2024-05-04,0.753,1.266,0.594
CA_38650,47,2024-05-05,2.445,4.159,0.588
CA_38650,47,2024-05-06,2.574,4.431,0.581
CA_38650,47,2024-05-07,2.856,4.973,0.574
CA_38650,47,2024-05-08,3.439,6.058,0.568
CA_38650,47,2024-05-09,2.941,5.245,0.561
CA_38650,47,2024-05-10,3.277,6.149,0.533
CA_38650,47,2024-05-11,3.198,6.33,0.505
CA_38650,47,2024-05-12,3.065,6.42,0.477
CA_38650,47,2024-05-13,2.886,6.42,0.45
CA_38650,47,2024-05-14,2.708,6.42,0.422
CA_38650,47,2024-05-15,2.601,6.601,0.394
CA_38650,47,2024-05-16,2.218,6.058,0.366
CA_38650,47,2024-05-17,1.836,5.425,0.338
CA_38650,47,2024-05-18,1.725,5.425,0.318
CA_38650,47,2024-05-19,1.614,5.425,0.298
CA_38650,47,2024-05-20,1.755,6.33,0.277
CA_38650,47,2024-05-21,1.742,6.782,0.257
CA_38650,47,2024-05-22,1.518,6.42,0.236
CA_38650,47,2024-05-23,1.368,6.33,0.216
CA_38650,47,2024-05-24,1.079,5.516,0.196
CA_38650,47,2024-05-25,0.904,5.154,0.175
CA_38650,47,2024-05-26,0.978,5.787,0.169
CA_38650,47,2024-05-27,1.029,6.33,0.163
CA_38650,47,2024-05-28,1.003,6.42,0.156
CA_38650,47,2024-05-29,1.043,6.963,0.15
CA_38650,47,2024-05-30,1.024,7.143,0.143
CA_38650,47,2024-05-31,0.979,7.143,0.137
CA_38650,47,2024-06-01,0.84,6.432,0.131
CA_38650,47,2024-06-02,0.777,6.253,0.124
CA_38650,47,2024-06-03,0.716,5.628,0.127
CA_38650,47,2024-06-04,0.987,7.593,0.13
CA_38650,47,2024-06-05,0.973,7.325,0.133
CA_38650,47,2024-06-06,1.055,7.772,0.136
CA_38650,47,2024-06-07,0.941,6.789,0.139
CA_38650,47,2024-06-08,0.821,5.806,0.141
CA_38650,47,2024-06-09,0.877,6.074,0.144
CA_38650,47,2024-06-10,0.999,6.789,0.147
CA_38650,47,2024-06-11,3.959,6.32,0.626
CA_38650,47,2024-06-12,3.935,6.324,0.622
CA_38650,47,2024-06-13,3.783,6.164,0.614
CA_38650,47,2024-06-14,3.744,6.181,0.605
CA_38650,47,2024-06-15,3.606,6.038,0.597
CA_38650,47,2024-06-16,3.47,5.895,0.588
CA_38650,47,2024-06-17,3.406,5.878,0.58
CA_38650,47,2024-06-18,3.574,6.271,0.571
CA_38650,47,2024-06-19,3.817,6.825,0.562
CA_38650,47,2024-06-20,4.008,7.307,0.551
CA_38650,47,2024-06-21,4.213,7.843,0.539
CA_38650,47,2024-06-22,4.282,8.147,0.525
CA_38650,47,2024-06-23,4.205,8.218,0.511
CA_38650,47,2024-06-24,4.09,8.236,0.497
CA_38650,47,2024-06-25,3.956,8.201,0.483
CA_38650,47,2024-06-26,3.859,8.254,0.468
CA_38650,47,2024-06-27,3.835,8.343,0.46
CA_38650,47,2024-06-28,3.765,8.236,0.458
CA_38650,47,2024-06-29,3.613,7.86,0.461
CA_38650,47,2024-06-30,3.546,7.573,0.471
CA_38650,47,2024-07-01,3.532,7.284,0.486
CA_38650,47,2024-07-02,3.535,7.05,0.502
CA_38650,47,2024-07-03,3.554,6.87,0.517
CA_38650,47,2024-07-04,3.63,6.818,0.533
CA_38650,47,2024-07-05,3.673,6.782,0.542
CA_38650,47,2024-07-06,3.652,6.694,0.546
CA_38650,47,2024-07-07,3.561,6.553,0.543
CA_38650,47,2024-07-08,3.495,6.536,0.535
CA_38650,47,2024-07-09,3.461,6.659,0.52
CA_38650,47,2024-07-10,3.426,6.782,0.506
CA_38650,47,2024-07-11,3.393,6.923,0.491
CA_38650,47,2024-07-12,3.427,7.205,0.477
CA_38650,47,2024-07-13,3.395,7.311,0.465
CA_38650,47,2024-07-14,3.29,7.223,0.455
CA_38650,47,2024-07-15,3.211,7.152,0.449
CA_38650,47,2024-07-16,3.047,6.853,0.444
CA_38650,47,2024-07-17,2.927,6.606,0.443
CA_38650,47,2024-07-18,2.884,6.536,0.441
CA_38650,47,2024-07-19,2.904,6.606,0.44
CA_38650,47,2024-07-20,3.024,6.906,0.438
CA_38650,47,2024-07-21,3.278,7.505,0.437
CA_38650,47,2024-07-22,3.326,7.628,0.436
CA_38650,47,2024-07-23,3.324,7.628,0.436
CA_38650,47,2024-07-24,3.386,7.769,0.436
CA_38650,47,2024-07-25,3.39,7.769,0.436
CA_38650,47,2024-07-26,3.378,7.734,0.437
CA_38650,47,2024-07-27,3.513,8.033,0.437
CA_38650,47,2024-07-28,3.554,8.121,0.438
CA_38650,47,2024-07-29,3.495,7.963,0.439
CA_38650,47,2024-07-30,3.362,7.622,0.442
CA_38650,47,2024-07-31,3.213,7.228,0.445
CA_38650,47,2024-08-01,3.15,7.01,0.449
CA_38650,47,2024-08-02,3.161,6.951,0.455
CA_38650,47,2024-08-03,3.088,6.717,0.46
CA_38650,47,2024-08-04,3.082,6.629,0.465
CA_38650,47,2024-08-05,3.093,6.576,0.471
CA_38650,47,2024-08-06,3.027,6.383,0.474
CA_38650,47,2024-08-07,2.948,6.19,0.476
CA_38650,47,2024-08-08,2.939,6.173,0.476
CA_38650,47,2024-08-09,2.903,6.12,0.474
CA_38650,47,2024-08-10,2.854,6.067,0.47
CA_38650,47,2024-08-11,2.829,6.067,0.466
CA_38650,47,2024-08-12,2.87,6.208,0.463
CA_38650,47,2024-08-13,2.896,6.313,0.459
CA_38650,47,2024-08-14,2.898,6.348,0.457
CA_38650,47,2024-08-15,2.844,6.243,0.456
CA_38650,47,2024-08-16,2.75,6.033,0.456
CA_38650,47,2024-08-17,2.666,5.822,0.458
CA_38650,47,2024-08-18,2.687,5.822,0.461
CA_38650,47,2024-08-19,2.732,5.875,0.465
CA_38650,47,2024-08-20,2.785,5.945,0.468
CA_38650,47,2024-08-21,2.887,6.121,0.472
CA_38650,47,2024-08-22,3.034,6.419,0.473
CA_38650,47,2024-08-23,3.045,6.454,0.472
CA_38650,47,2024-08-24,2.929,6.243,0.469
CA_38650,47,2024-08-25,2.81,6.05,0.463
CA_38650,47,2024-08-26,2.669,5.84,0.456
CA_38650,47,2024-08-27,2.548,5.682,0.448
CA_38650,47,2024-08-28,2.485,5.647,0.441
CA_38650,47,2024-08-29,2.498,5.77,0.433
CA_38650,47,2024-08-30,2.495,5.82,0.429
CA_38650,47,2024-08-31,2.506,5.871,0.427
CA_38650,47,2024-09-01,2.403,5.622,0.428
CA_38650,47,2024-09-02,2.284,5.302,0.431
CA_38650,47,2024-09-03,2.264,5.176,0.438
CA_38650,47,2024-09-04,2.299,5.176,0.444
CA_38650,47,2024-09-05,2.303,5.105,0.451
CA_38650,47,2024-09-06,2.352,5.14,0.457
CA_38650,47,2024-09-07,2.487,5.389,0.461
CA_38650,47,2024-09-08,2.562,5.532,0.463
CA_38650,47,2024-09-09,2.543,5.496,0.463
CA_38650,47,2024-09-10,2.432,5.283,0.46
CA_38650,47,2024-09-11,2.239,4.909,0.455
CA_38650,47,2024-09-12,2.029,4.5,0.45
CA_38650,47,2024-09-13,1.883,4.233,0.444
CA_38650,47,2024-09-14,1.841,4.198,0.439
CA_38650,47,2024-09-15,1.945,4.465,0.436
CA_38650,47,2024-09-16,2.046,4.696,0.436
CA_38650,47,2024-09-17,2.245,5.123,0.438
CA_38650,47,2024-09-18,2.272,5.141,0.442
CA_38650,47,2024-09-19,2.273,5.07,0.449
CA_38650,47,2024-09-20,2.218,4.874,0.455
CA_38650,47,2024-09-21,2.29,4.963,0.462
CA_38650,47,2024-09-22,2.133,4.554,0.469
CA_38650,47,2024-09-23,2.035,4.322,0.471
CA_38650,47,2024-09-24,1.978,4.215,0.469
CA_38650,47,2024-09-25,1.981,4.286,0.463
CA_38650,47,2024-09-26,1.929,4.286,0.452
CA_38650,47,2024-09-27,1.929,4.429,0.438
CA_38650,47,2024-09-28,1.976,4.678,0.423
CA_38650,47,2024-09-29,1.948,4.767,0.408
CA_38650,47,2024-09-30,1.835,4.656,0.393
CA_38650,47,2024-10-01,1.597,4.103,0.392
CA_38650,47,2024-10-02,1.542,3.871,0.403
CA_38650,47,2024-10-03,1.578,3.719,0.427
CA_38650,47,2024-10-04,1.707,3.642,0.465
CA_38650,47,2024-10-05,1.843,3.507,0.515
CA_38650,47,2024-10-06,2.095,3.719,0.565
CA_38650,47,2024-10-07,2.256,3.7,0.616
CA_38650,47,2024-10-08,2.411,3.642,0.666
CA_38650,47,2024-10-09,2.394,3.411,0.703
CA_38650,47,2024-10-10,2.452,3.372,0.727
CA_38650,47,2024-10-11,2.43,3.295,0.737
CA_38650,47,2024-10-12,2.177,2.948,0.734
CA_38650,47,2024-10-13,1.918,2.659,0.717
CA_38650,47,2024-10-14,1.584,2.235,0.7
CA_38650,47,2024-10-15,1.351,1.965,0.684
CA_38650,47,2024-10-16,1.328,2.004,0.667
CA_38650,47,2024-10-17,1.502,2.293,0.658
CA_38650,47,2024-10-18,1.577,2.408,0.656
CA_38650,47,2024-10-19,1.837,2.775,0.662
CA_38650,47,2024-10-20,1.976,2.929,0.676
CA_38650,47,2024-10-21,2.098,3.006,0.697
CA_38650,47,2024-10-22,2.119,2.948,0.718
CA_38650,47,2024-10-23,2.027,2.755,0.739
CA_38650,47,2024-10-24,2.054,2.717,0.76
CA_38650,47,2024-10-25,1.823,2.37,0.775
CA_38650,47,2024-10-26,1.431,1.83,0.783
CA_38650,47,2024-10-27,1.303,1.657,0.785
CA_38650,47,2024-10-28,1.223,1.561,0.781
CA_38650,47,2024-10-29,1.096,1.426,0.771
CA_38650,47,2024-10-30,1.191,1.57,0.761
CA_38650,47,2024-10-31,1.345,1.791,0.751
CA_38650,47,2024-11-01,1.333,1.802,0.741
CA_38650,47,2024-11-02,1.376,1.866,0.738
CA_38650,47,2024-11-03,1.438,1.939,0.741
CA_38650,47,2024-11-04,1.455,1.939,0.75
CA_38650,47,2024-11-05,1.468,1.918,0.766
CA_38650,47,2024-11-06,1.478,1.877,0.789
CA_38650,47,2024-11-07,1.605,1.981,0.811
CA_38650,47,2024-11-08,1.602,1.918,0.833
CA_38650,47,2024-11-09,1.663,1.939,0.856
CA_38650,47,2024-11-10,1.787,2.043,0.873
CA_38650,47,2024-11-11,1.791,2.023,0.886
CA_38650,47,2024-11-12,1.696,1.898,0.894
CA_38650,47,2024-11-13,1.682,1.877,0.896
CA_38650,47,2024-11-14,1.696,1.898,0.894
CA_38650,47,2024-11-15,1.598,1.793,0.891
CA_38650,47,2024-11-16,1.723,1.939,0.889
CA_38650,47,2024-11-17,2.014,2.273,0.887
CA_38650,47,2024-11-18,1.771,2.002,0.884
CA_38650,47,2024-11-19,1.546,1.751,0.882
CA_38650,47,2024-11-20,1.414,1.606,0.88
CA_38650,47,2024-11-21,1.227,1.397,0.877
CA_38650,47,2024-11-22,0.838,0.959,0.875
CA_38650,47,2024-11-23,0.928,1.064,0.872
CA_38650,47,2024-11-24,0.926,1.064,0.87
CA_38650,47,2024-11-25,0.923,1.064,0.868
CA_38650,47,2024-11-26,0.812,0.939,0.865
CA_38650,47,2024-11-27,0.755,0.876,0.861
CA_38650,47,2024-11-28,0.716,0.834,0.858
CA_38650,47,2024-11-29,0.878,1.031,0.853
CA_38650,47,2024-11-30,1.125,1.331,0.849
CA_38650,47,2024-12-01,1.162,1.379,0.844
CA_38650,47,2024-12-02,1.258,1.499,0.839
CA_38650,47,2024-12-03,1.277,1.526,0.835
CA_38650,47,2024-12-04,1.189,1.429,0.83
CA_38650,47,2024-12-05,0.92,1.114,0.825
CA_38650,47,2024-12-06,1.013,1.235,0.821
CA_38650,47,2024-12-07,1.066,1.308,0.816
CA_38650,47,2024-12-08,1.003,1.236,0.811
CA_38650,47,2024-12-09,0.9,1.115,0.806
CA_38650,47,2024-12-10,0.896,1.115,0.802
CA_38650,47,2024-12-11,0.774,0.969,0.797
CA_38650,47,2024-12-12,0.728,0.921,0.792
CA_38650,47,2024-12-13,0.668,0.848,0.788
CA_38650,47,2024-12-14,0.646,0.824,0.783
CA_38650,47,2024-12-15,0.679,0.872,0.778
CA_38650,47,2024-12-16,0.693,0.896,0.774
CA_38650,47,2024-12-17,0.613,0.799,0.769
CA_38650,47,2024-12-18,0.703,0.921,0.764
CA_38650,47,2024-12-19,0.755,0.993,0.759
CA_38650,47,2024-12-20,0.713,0.945,0.755
CA_38650,47,2024-12-21,0.637,0.848,0.75
CA_38650,47,2024-12-22,0.614,0.824,0.745
CA_38650,47,2024-12-23,0.645,0.872,0.739
CA_38650,47,2024-12-24,0.657,0.896,0.734
CA_38650,47,2024-12-25,0.652,0.896,0.729
CA_38650,47,2024-12-26,0.718,0.993,0.723
CA_38650,47,2024-12-27,0.731,1.017,0.718
CA_38650,47,2024-12-28,0.724,1.017,0.711
CA_38650,47,2024-12-29,0.616,0.872,0.704
CA_38650,47,2024-12-30,0.596,0.848,0.701
CA_38650,47,2024-12-31,0.565,0.807,0.697
CA_38734,204,2024-01-01,0.927,0.935,0.991
CA_38734,204,2024-01-02,0.419,0.425,0.987
CA_38734,204,2024-01-03,0.835,0.849,0.984
CA_38734,204,2024-01-04,1.664,1.698,0.98
CA_38734,204,2024-01-05,1.224,1.254,0.977
CA_38734,204,2024-01-06,1.033,1.061,0.973
CA_38734,204,2024-01-07,1.441,1.486,0.969
CA_38734,204,2024-01-08,1.006,1.041,0.966
CA_38734,204,2024-01-09,1.104,1.148,0.962
CA_38734,204,2024-01-10,1.138,1.187,0.959
CA_38734,204,2024-01-11,1.318,1.38,0.955
CA_38734,204,2024-01-12,0.808,0.849,0.952
CA_38734,204,2024-01-13,0.805,0.849,0.948
CA_38734,204,2024-01-14,1.184,1.254,0.945
CA_38734,204,2024-01-15,0.799,0.849,0.941
CA_38734,204,2024-01-16,0.896,0.955,0.938
CA_38734,204,2024-01-17,0.892,0.955,0.934
CA_38734,204,2024-01-18,0.79,0.849,0.931
CA_38734,204,2024-01-19,0.966,1.041,0.927
CA_38734,204,2024-01-20,1.078,1.167,0.924
CA_38734,204,2024-01-21,1.172,1.274,0.92
CA_38734,204,2024-01-22,0.681,0.743,0.916
CA_38734,204,2024-01-23,1.26,1.38,0.913
CA_38734,204,2024-01-24,0.772,0.849,0.909
CA_38734,204,2024-01-25,1.25,1.38,0.906
CA_38734,204,2024-01-26,0.958,1.061,0.902
CA_38734,204,2024-01-27,0.859,0.955,0.899
CA_38734,204,2024-01-28,1.14,1.274,0.895
CA_38734,204,2024-01-29,1.325,1.486,0.892
CA_38734,204,2024-01-30,1.414,1.592,0.888
CA_38734,204,2024-01-31,1.766,1.997,0.885
CA_38734,204,2024-02-01,1.245,1.413,0.881
CA_38734,204,2024-02-02,1.256,1.431,0.878
CA_38734,204,2024-02-03,1.147,1.312,0.874
CA_38734,204,2024-02-04,1.406,1.615,0.871
CA_38734,204,2024-02-05,1.154,1.331,0.867
CA_38734,204,2024-02-06,0.959,1.11,0.863
CA_38734,204,2024-02-07,0.971,1.129,0.86
CA_38734,204,2024-02-08,1.037,1.211,0.856
CA_38734,204,2024-02-09,1.205,1.413,0.853
CA_38734,204,2024-02-10,1.286,1.514,0.849
CA_38734,204,2024-02-11,1.366,1.615,0.846
CA_38734,204,2024-02-12,1.305,1.514,0.862
CA_38734,204,2024-02-13,1.242,1.413,0.879
CA_38734,204,2024-02-14,1.249,1.394,0.896
CA_38734,204,2024-02-15,1.473,1.615,0.912
CA_38734,204,2024-02-16,1.295,1.394,0.929
CA_38734,204,2024-02-17,0.936,0.991,0.945
CA_38734,204,2024-02-18,1.827,1.899,0.962
CA_38734,204,2024-02-19,2.747,2.807,0.979
CA_38734,204,2024-02-20,1.808,1.816,0.995
CA_38734,204,2024-02-21,1.838,1.816,1.012
CA_38734,204,2024-02-22,2.18,2.119,1.029
CA_38734,204,2024-02-23,2.004,1.917,1.045
CA_38734,204,2024-02-24,1.714,1.615,1.062
CA_38734,204,2024-02-25,2.068,1.917,1.078
CA_38734,204,2024-02-26,2.21,2.018,1.095
CA_38734,204,2024-02-27,2.468,2.22,1.112
CA_38734,204,2024-02-28,2.336,2.119,1.102
CA_38734,204,2024-02-29,2.095,1.917,1.093
CA_38734,204,2024-03-01,1.777,1.641,1.083
CA_38734,204,2024-03-02,2.176,2.027,1.074
CA_38734,204,2024-03-03,1.541,1.448,1.064
CA_38734,204,2024-03-04,1.527,1.448,1.055
CA_38734,204,2024-03-05,1.999,1.913,1.045
CA_38734,204,2024-03-06,1.999,1.93,1.036
CA_38734,204,2024-03-07,2.26,2.202,1.026
CA_38734,204,2024-03-08,2.337,2.299,1.017
CA_38734,204,2024-03-09,2.333,2.316,1.007
CA_38734,204,2024-03-10,2.407,2.413,0.998
CA_38734,204,2024-03-11,2.211,2.237,0.988
CA_38734,204,2024-03-12,1.417,1.448,0.979
CA_38734,204,2024-03-13,2.976,3.071,0.969
CA_38734,204,2024-03-14,3.781,3.94,0.96
CA_38734,204,2024-03-15,3.393,3.553,0.955
CA_38734,204,2024-03-16,3.117,3.282,0.95
CA_38734,204,2024-03-17,3.175,3.36,0.945
CA_38734,204,2024-03-18,2.903,3.089,0.94
CA_38734,204,2024-03-19,3.141,3.36,0.935
CA_38734,204,2024-03-20,3.59,3.861,0.93
CA_38734,204,2024-03-21,3.392,3.668,0.925
CA_38734,204,2024-03-22,2.663,2.895,0.92
CA_38734,204,2024-03-23,2.052,2.202,0.932
CA_38734,204,2024-03-24,2.806,2.974,0.944
CA_38734,204,2024-03-25,2.674,2.799,0.955
CA_38734,204,2024-03-26,3.174,3.282,0.967
CA_38734,204,2024-03-27,2.156,2.202,0.979
CA_38734,204,2024-03-28,2.582,2.606,0.991
CA_38734,204,2024-03-29,2.323,2.316,1.003
CA_38734,204,2024-03-30,2.92,2.878,1.015
CA_38734,204,2024-03-31,2.972,2.895,1.026
CA_38734,204,2024-04-01,3.911,3.767,1.038
CA_38734,204,2024-04-02,3.763,3.583,1.05
CA_38734,204,2024-04-03,4.213,3.968,1.062
CA_38734,204,2024-04-04,1.794,1.671,1.074
CA_38734,204,2024-04-05,2.195,2.021,1.086
CA_38734,204,2024-04-06,3.328,3.032,1.098
CA_38734,204,2024-04-07,4.077,3.675,1.109
CA_38734,204,2024-04-08,4.815,4.21,1.144
CA_38734,204,2024-04-09,4.33,3.675,1.178
CA_38734,204,2024-04-10,4.903,4.043,1.213
CA_38734,204,2024-04-11,5.178,4.151,1.247
CA_38734,204,2024-04-12,5.085,3.968,1.282
CA_38734,204,2024-04-13,1.451,1.103,1.316
CA_38734,204,2024-04-14,3.373,2.497,1.351
CA_38734,204,2024-04-15,3.945,2.848,1.385
CA_38734,204,2024-04-16,4.299,3.308,1.3
CA_38734,204,2024-04-17,4.799,3.951,1.215
CA_38734,204,2024-04-18,4.462,3.951,1.129
CA_38734,204,2024-04-19,4.972,4.761,1.044
CA_38734,204,2024-04-20,4.774,4.978,0.959
CA_38734,204,2024-04-21,4.24,4.853,0.874
CA_38734,204,2024-04-22,3.84,4.87,0.789
CA_38734,204,2024-04-23,2.855,4.059,0.703
CA_38734,204,2024-04-24,2.564,3.859,0.665
CA_38734,204,2024-04-25,2.77,4.427,0.626
CA_38734,204,2024-04-26,2.427,4.135,0.587
CA_38734,204,2024-04-27,2.568,4.686,0.548
CA_38734,204,2024-04-28,2.714,5.329,0.509
CA_38734,204,2024-04-29,2.672,5.68,0.47
CA_38734,204,2024-04-30,2.34,5.421,0.432
CA_38734,204,2024-05-01,2.409,6.134,0.393
CA_38734,204,2024-05-02,2.379,5.772,0.412
CA_38734,204,2024-05-03,2.31,5.353,0.432
CA_38734,204,2024-05-04,0.612,1.357,0.451
CA_38734,204,2024-05-05,1.957,4.16,0.47
CA_38734,204,2024-05-06,2.171,4.432,0.49
CA_38734,204,2024-05-07,2.487,4.884,0.509
CA_38734,204,2024-05-08,3.195,6.043,0.529
CA_38734,204,2024-05-09,2.875,5.246,0.548
CA_38734,204,2024-05-10,3.066,6.06,0.506
CA_38734,204,2024-05-11,2.978,6.422,0.464
CA_38734,204,2024-05-12,2.676,6.347,0.422
CA_38734,204,2024-05-13,2.408,6.347,0.379
CA_38734,204,2024-05-14,2.14,6.347,0.337
CA_38734,204,2024-05-15,1.93,6.545,0.295
CA_38734,204,2024-05-16,1.513,5.986,0.253
CA_38734,204,2024-05-17,1.13,5.369,0.21
CA_38734,204,2024-05-18,1.173,5.443,0.215
CA_38734,204,2024-05-19,1.2,5.443,0.22
CA_38734,204,2024-05-20,1.407,6.241,0.225
CA_38734,204,2024-05-21,1.542,6.693,0.23
CA_38734,204,2024-05-22,1.494,6.347,0.235
CA_38734,204,2024-05-23,1.521,6.331,0.24
CA_38734,204,2024-05-24,1.335,5.443,0.245
CA_38734,204,2024-05-25,1.272,5.081,0.25
CA_38734,204,2024-05-26,1.399,5.624,0.249
CA_38734,204,2024-05-27,1.548,6.257,0.247
CA_38734,204,2024-05-28,1.583,6.438,0.246
CA_38734,204,2024-05-29,1.68,6.874,0.244
CA_38734,204,2024-05-30,1.714,7.055,0.243
CA_38734,204,2024-05-31,1.704,7.055,0.242
CA_38734,204,2024-06-01,1.539,6.409,0.24
CA_38734,204,2024-06-02,1.512,6.336,0.239
CA_38734,204,2024-06-03,1.3,5.606,0.232
CA_38734,204,2024-06-04,1.72,7.642,0.225
CA_38734,204,2024-06-05,1.591,7.285,0.218
CA_38734,204,2024-06-06,1.646,7.78,0.212
CA_38734,204,2024-06-07,1.386,6.766,0.205
CA_38734,204,2024-06-08,1.152,5.817,0.198
CA_38734,204,2024-06-09,1.175,6.141,0.191
CA_38734,204,2024-06-10,1.265,6.855,0.185
CA_38734,204,2024-06-11,2.5,7.711,0.325
CA_38734,204,2024-06-12,2.362,7.632,0.31
CA_38734,204,2024-06-13,2.068,7.368,0.278
CA_38734,204,2024-06-14,1.786,7.085,0.247
CA_38734,204,2024-06-15,1.465,6.589,0.216
CA_38734,204,2024-06-16,1.193,6.41,0.185
CA_38734,204,2024-06-17,1.005,6.389,0.16
CA_38734,204,2024-06-18,0.91,6.615,0.14
CA_38734,204,2024-06-19,0.875,7.007,0.127
CA_38734,204,2024-06-20,0.908,7.65,0.119
CA_38734,204,2024-06-21,0.937,8.022,0.117
CA_38734,204,2024-06-22,0.937,8.143,0.115
CA_38734,204,2024-06-23,0.908,8.001,0.113
CA_38734,204,2024-06-24,0.896,8.018,0.112
CA_38734,204,2024-06-25,0.861,7.84,0.11
CA_38734,204,2024-06-26,0.804,7.471,0.108
CA_38734,204,2024-06-27,0.791,7.514,0.105
CA_38734,204,2024-06-28,0.798,7.742,0.103
CA_38734,204,2024-06-29,0.784,7.803,0.101
CA_38734,204,2024-06-30,0.758,7.729,0.098
CA_38734,204,2024-07-01,0.723,7.536,0.096
CA_38734,204,2024-07-02,0.668,7.135,0.093
CA_38734,204,2024-07-03,0.691,6.858,0.101
CA_38734,204,2024-07-04,0.85,6.896,0.119
CA_38734,204,2024-07-05,1.148,7.283,0.147
CA_38734,204,2024-07-06,1.577,7.945,0.186
CA_38734,204,2024-07-07,2.093,8.607,0.235
CA_38734,204,2024-07-08,2.576,9.043,0.285
CA_38734,204,2024-07-09,2.873,8.764,0.334
CA_38734,204,2024-07-10,3.049,8.186,0.383
CA_38734,204,2024-07-11,3.182,7.744,0.418
CA_38734,204,2024-07-12,3.247,7.427,0.44
CA_38734,204,2024-07-13,3.278,7.325,0.449
CA_38734,204,2024-07-14,3.35,7.59,0.444
CA_38734,204,2024-07-15,3.415,8.061,0.425
CA_38734,204,2024-07-16,3.353,8.256,0.407
CA_38734,204,2024-07-17,3.189,8.197,0.388
CA_38734,204,2024-07-18,2.974,8.002,0.37
CA_38734,204,2024-07-19,2.818,7.685,0.366
CA_38734,204,2024-07-20,2.785,7.406,0.376
CA_38734,204,2024-07-21,2.956,7.337,0.401
CA_38734,204,2024-07-22,3.375,7.566,0.44
CA_38734,204,2024-07-23,4.073,8.089,0.494
CA_38734,204,2024-07-24,4.751,8.56,0.548
CA_38734,204,2024-07-25,5.366,8.874,0.602
CA_38734,204,2024-07-26,5.82,8.912,0.655
CA_38734,204,2024-07-27,6.084,8.796,0.696
CA_38734,204,2024-07-28,6.084,8.43,0.724
CA_38734,204,2024-07-29,5.994,8.119,0.739
CA_38734,204,2024-07-30,5.849,7.895,0.741
CA_38734,204,2024-07-31,5.757,7.893,0.729
CA_38734,204,2024-08-01,5.593,7.785,0.718
CA_38734,204,2024-08-02,5.638,7.979,0.707
CA_38734,204,2024-08-03,5.531,7.947,0.696
CA_38734,204,2024-08-04,5.557,8.002,0.694
CA_38734,204,2024-08-05,5.455,7.781,0.702
CA_38734,204,2024-08-06,5.518,7.698,0.719
CA_38734,204,2024-08-07,5.386,7.246,0.746
CA_38734,204,2024-08-08,5.742,7.346,0.782
CA_38734,204,2024-08-09,5.86,7.153,0.818
CA_38734,204,2024-08-10,6.11,7.15,0.854
CA_38734,204,2024-08-11,6.246,7.026,0.89
CA_38734,204,2024-08-12,6.41,6.992,0.92
CA_38734,204,2024-08-13,6.211,6.595,0.943
CA_38734,204,2024-08-14,6.213,6.474,0.96
CA_38734,204,2024-08-15,6.37,6.56,0.971
CA_38734,204,2024-08-16,6.635,6.802,0.975
CA_38734,204,2024-08-17,6.832,6.975,0.979
CA_38734,204,2024-08-18,6.925,7.044,0.983
CA_38734,204,2024-08-19,6.714,6.805,0.987
CA_38734,204,2024-08-20,6.304,6.374,0.99
CA_38734,204,2024-08-21,5.836,5.893,0.99
CA_38734,204,2024-08-22,5.391,5.448,0.99
CA_38734,204,2024-08-23,5.141,5.209,0.987
CA_38734,204,2024-08-24,5.236,5.33,0.983
CA_38734,204,2024-08-25,5.166,5.281,0.978
CA_38734,204,2024-08-26,5.027,5.161,0.974
CA_38734,204,2024-08-27,4.939,5.092,0.97
CA_38734,204,2024-08-28,4.839,5.023,0.963
CA_38734,204,2024-08-29,4.781,5.02,0.954
CA_38734,204,2024-08-30,4.869,5.18,0.942
CA_38734,204,2024-08-31,5.059,5.466,0.928
CA_38734,204,2024-09-01,5.231,5.751,0.911
CA_38734,204,2024-09-02,5.38,6.017,0.895
CA_38734,204,2024-09-03,5.397,6.152,0.878
CA_38734,204,2024-09-04,5.35,6.211,0.861
CA_38734,204,2024-09-05,5.372,6.317,0.85
CA_38734,204,2024-09-06,5.399,6.388,0.845
CA_38734,204,2024-09-07,5.467,6.465,0.845
CA_38734,204,2024-09-08,5.45,6.401,0.851
CA_38734,204,2024-09-09,5.596,6.486,0.863
CA_38734,204,2024-09-10,5.501,6.295,0.874
CA_38734,204,2024-09-11,5.223,5.907,0.886
CA_38734,204,2024-09-12,4.938,5.515,0.898
CA_38734,204,2024-09-13,4.844,5.368,0.904
CA_38734,204,2024-09-14,4.568,5.05,0.905
CA_38734,204,2024-09-15,4.417,4.906,0.901
CA_38734,204,2024-09-16,4.466,5.011,0.891
CA_38734,204,2024-09-17,4.545,5.185,0.877
CA_38734,204,2024-09-18,4.316,5.005,0.862
CA_38734,204,2024-09-19,4.229,4.987,0.848
CA_38734,204,2024-09-20,4.251,5.104,0.833
CA_38734,204,2024-09-21,4.281,5.21,0.822
CA_38734,204,2024-09-22,4.189,5.143,0.815
CA_38734,204,2024-09-23,4.235,5.217,0.812
CA_38734,204,2024-09-24,4.277,5.263,0.813
CA_38734,204,2024-09-25,4.159,5.09,0.817
CA_38734,204,2024-09-26,3.994,4.861,0.822
CA_38734,204,2024-09-27,3.784,4.582,0.827
CA_38734,204,2024-09-28,3.54,4.264,0.831
CA_38734,204,2024-09-29,3.385,4.128,0.821
CA_38734,204,2024-09-30,3.129,3.928,0.797
CA_38734,204,2024-10-01,2.688,3.51,0.758
CA_38734,204,2024-10-02,2.394,3.344,0.704
CA_38734,204,2024-10-03,2.213,3.439,0.636
CA_38734,204,2024-10-04,1.936,3.493,0.568
CA_38734,204,2024-10-05,1.815,3.847,0.5
CA_38734,204,2024-10-06,1.727,4.105,0.431
CA_38734,204,2024-10-07,1.63,4.331,0.375
CA_38734,204,2024-10-08,1.414,4.159,0.332
CA_38734,204,2024-10-09,1.179,3.836,0.3
CA_38734,204,2024-10-10,1.025,3.652,0.281
CA_38734,204,2024-10-11,1.036,3.793,0.274
CA_38734,204,2024-10-12,1.017,3.828,0.267
CA_38734,204,2024-10-13,1.009,3.878,0.26
CA_38734,204,2024-10-14,1.009,3.971,0.253
CA_38734,204,2024-10-15,0.9,3.645,0.245
CA_38734,204,2024-10-16,0.806,3.38,0.237
CA_38734,204,2024-10-17,0.701,3.055,0.228
CA_38734,204,2024-10-18,0.644,2.924,0.219
CA_38734,204,2024-10-19,0.638,3.081,0.209
CA_38734,204,2024-10-20,0.637,3.234,0.199
CA_38734,204,2024-10-21,0.612,3.272,0.189
CA_38734,204,2024-10-22,0.606,3.394,0.179
CA_38734,204,2024-10-23,0.642,3.628,0.176
CA_38734,204,2024-10-24,0.605,3.359,0.181
CA_38734,204,2024-10-25,0.617,3.225,0.193
CA_38734,204,2024-10-26,0.695,3.279,0.212
CA_38734,204,2024-10-27,0.785,3.295,0.239
CA_38734,204,2024-10-28,0.89,3.311,0.266
CA_38734,204,2024-10-29,0.91,3.138,0.292
CA_38734,204,2024-10-30,0.932,2.986,0.319
CA_38734,204,2024-10-31,0.926,2.825,0.332
CA_38734,204,2024-11-01,0.924,2.823,0.332
CA_38734,204,2024-11-02,0.852,2.747,0.318
CA_38734,204,2024-11-03,0.86,3.061,0.291
CA_38734,204,2024-11-04,0.79,3.187,0.25
CA_38734,204,2024-11-05,0.676,3.167,0.209
CA_38734,204,2024-11-06,0.536,3.085,0.168
CA_38734,204,2024-11-07,0.377,2.688,0.127
CA_38734,204,2024-11-08,0.246,2.28,0.099
CA_38734,204,2024-11-09,0.181,2.063,0.083
CA_38734,204,2024-11-10,0.146,1.822,0.079
CA_38734,204,2024-11-11,0.145,1.617,0.088
CA_38734,204,2024-11-12,0.182,1.654,0.11
CA_38734,204,2024-11-13,0.201,1.556,0.132
CA_38734,204,2024-11-14,0.21,1.409,0.154
CA_38734,204,2024-11-15,0.231,1.364,0.176
CA_38734,204,2024-11-16,0.255,1.287,0.199
CA_38734,204,2024-11-17,0.263,1.164,0.225
CA_38734,204,2024-11-18,0.312,1.218,0.253
CA_38734,204,2024-11-19,0.398,1.377,0.283
CA_38734,204,2024-11-20,0.468,1.459,0.315
CA_38734,204,2024-11-21,0.478,1.374,0.348
CA_38734,204,2024-11-22,0.511,1.374,0.38
CA_38734,204,2024-11-23,0.529,1.316,0.412
CA_38734,204,2024-11-24,0.499,1.156,0.437
CA_38734,204,2024-11-25,0.47,1.034,0.454
CA_38734,204,2024-11-26,0.453,0.976,0.464
CA_38734,204,2024-11-27,0.463,0.993,0.466
CA_38734,204,2024-11-28,0.449,0.973,0.461
CA_38734,204,2024-11-29,0.414,0.907,0.456
CA_38734,204,2024-11-30,0.403,0.892,0.451
CA_38734,204,2024-12-01,0.448,1.003,0.446
CA_38734,204,2024-12-02,0.479,1.083,0.443
CA_38734,204,2024-12-03,0.458,1.041,0.44
CA_38734,204,2024-12-04,0.467,1.064,0.439
CA_38734,204,2024-12-05,0.475,1.083,0.439
CA_38734,204,2024-12-06,0.426,0.967,0.44
CA_38734,204,2024-12-07,0.376,0.852,0.442
CA_38734,204,2024-12-08,0.396,0.893,0.443
CA_38734,204,2024-12-09,0.417,0.94,0.444
CA_38734,204,2024-12-10,0.43,0.963,0.447
CA_38734,204,2024-12-11,0.486,1.078,0.45
CA_38734,204,2024-12-12,0.564,1.236,0.455
CA_38734,204,2024-12-13,0.58,1.259,0.46
CA_38734,204,2024-12-14,0.619,1.324,0.467
CA_38734,204,2024-12-15,0.606,1.282,0.474
CA_38734,204,2024-12-16,0.589,1.232,0.48
CA_38734,204,2024-12-17,0.51,1.051,0.487
CA_38734,204,2024-12-18,0.509,1.032,0.494
CA_38734,204,2024-12-19,0.472,0.944,0.5
CA_38734,204,2024-12-20,0.491,0.967,0.507
CA_38734,204,2024-12-21,0.512,0.995,0.514
CA_38734,204,2024-12-22,0.517,0.995,0.52
CA_38734,204,2024-12-23,0.562,1.064,0.527
CA_38734,204,2024-12-24,0.593,1.111,0.534
CA_38734,204,2024-12-25,0.716,1.319,0.54
CA_38734,204,2024-12-26,0.786,1.43,0.547
CA_38734,204,2024-12-27,0.805,1.453,0.555
CA_38734,204,2024-12-28,0.776,1.384,0.562
CA_38734,204,2024-12-29,0.758,1.337,0.57
CA_38734,204,2024-12-30,0.659,1.151,0.574
CA_38734,204,2024-12-31,0.558,0.964,0.579
CA_38912,69,2024-01-01,0.607,0.841,0.722
CA_38912,69,2024-01-02,0.367,0.508,0.722
CA_38912,69,2024-01-03,0.742,1.028,0.722
CA_38912,69,2024-01-04,1.214,1.682,0.722
CA_38912,69,2024-01-05,0.809,1.122,0.722
CA_38912,69,2024-01-06,0.675,0.935,0.722
CA_38912,69,2024-01-07,0.877,1.215,0.722
CA_38912,69,2024-01-08,0.675,0.935,0.722
CA_38912,69,2024-01-09,0.81,1.122,0.722
CA_38912,69,2024-01-10,0.742,1.028,0.722
CA_38912,69,2024-01-11,0.877,1.215,0.722
CA_38912,69,2024-01-12,0.54,0.748,0.722
CA_38912,69,2024-01-13,0.607,0.841,0.722
CA_38912,69,2024-01-14,0.772,1.069,0.722
CA_38912,69,2024-01-15,0.54,0.748,0.722
CA_38912,69,2024-01-16,0.607,0.841,0.722
CA_38912,69,2024-01-17,0.675,0.935,0.722
CA_38912,69,2024-01-18,0.675,0.935,0.722
CA_38912,69,2024-01-19,0.877,1.215,0.722
CA_38912,69,2024-01-20,0.974,1.349,0.722
CA_38912,69,2024-01-21,0.945,1.308,0.722
CA_38912,69,2024-01-22,0.608,0.841,0.722
CA_38912,69,2024-01-23,0.878,1.215,0.722
CA_38912,69,2024-01-24,0.54,0.748,0.722
CA_38912,69,2024-01-25,0.945,1.308,0.722
CA_38912,69,2024-01-26,0.743,1.028,0.722
CA_38912,69,2024-01-27,0.675,0.935,0.722
CA_38912,69,2024-01-28,0.878,1.215,0.722
CA_38912,69,2024-01-29,1.08,1.495,0.723
CA_38912,69,2024-01-30,1.148,1.589,0.723
CA_38912,69,2024-01-31,1.583,2.19,0.723
CA_38912,69,2024-02-01,0.787,1.089,0.723
CA_38912,69,2024-02-02,0.852,1.179,0.723
CA_38912,69,2024-02-03,0.881,1.219,0.723
CA_38912,69,2024-02-04,1.115,1.542,0.723
CA_38912,69,2024-02-05,1.049,1.452,0.723
CA_38912,69,2024-02-06,0.721,0.998,0.723
CA_38912,69,2024-02-07,0.721,0.998,0.723
CA_38912,69,2024-02-08,0.59,0.816,0.723
CA_38912,69,2024-02-09,0.984,1.361,0.723
CA_38912,69,2024-02-10,0.918,1.27,0.723
CA_38912,69,2024-02-11,1.049,1.452,0.723
CA_38912,69,2024-02-12,1.041,1.452,0.717
CA_38912,69,2024-02-13,0.904,1.27,0.712
CA_38912,69,2024-02-14,0.925,1.31,0.706
CA_38912,69,2024-02-15,1.017,1.452,0.701
CA_38912,69,2024-02-16,1.009,1.452,0.695
CA_38912,69,2024-02-17,0.876,1.27,0.689
CA_38912,69,2024-02-18,1.365,1.996,0.684
CA_38912,69,2024-02-19,1.662,2.449,0.678
CA_38912,69,2024-02-20,1.133,1.724,0.657
CA_38912,69,2024-02-21,1.039,1.633,0.636
CA_38912,69,2024-02-22,1.228,1.996,0.615
CA_38912,69,2024-02-23,1.024,1.724,0.594
CA_38912,69,2024-02-24,0.832,1.452,0.573
CA_38912,69,2024-02-25,0.902,1.633,0.552
CA_38912,69,2024-02-26,0.985,1.854,0.531
CA_38912,69,2024-02-27,1.065,2.087,0.51
CA_38912,69,2024-02-28,1.062,2.126,0.499
CA_38912,69,2024-02-29,0.886,1.814,0.488
CA_38912,69,2024-03-01,0.725,1.52,0.477
CA_38912,69,2024-03-02,0.81,1.737,0.466
CA_38912,69,2024-03-03,0.75,1.648,0.455
CA_38912,69,2024-03-04,0.635,1.43,0.444
CA_38912,69,2024-03-05,0.813,1.877,0.433
CA_38912,69,2024-03-06,0.868,2.056,0.422
CA_38912,69,2024-03-07,0.824,2.006,0.411
CA_38912,69,2024-03-08,0.858,2.145,0.4
CA_38912,69,2024-03-09,0.869,2.235,0.389
CA_38912,69,2024-03-10,0.878,2.324,0.378
CA_38912,69,2024-03-11,0.82,2.235,0.367
CA_38912,69,2024-03-12,0.509,1.43,0.356
CA_38912,69,2024-03-13,0.907,2.631,0.345
CA_38912,69,2024-03-14,1.236,3.704,0.334
CA_38912,69,2024-03-15,1.0,3.078,0.325
CA_38912,69,2024-03-16,1.002,3.168,0.316
CA_38912,69,2024-03-17,1.001,3.257,0.307
CA_38912,69,2024-03-18,0.893,2.989,0.299
CA_38912,69,2024-03-19,0.933,3.218,0.29
CA_38912,69,2024-03-20,1.092,3.883,0.281
CA_38912,69,2024-03-21,0.974,3.575,0.272
CA_38912,69,2024-03-22,0.812,3.078,0.264
CA_38912,69,2024-03-23,0.858,1.966,0.436
CA_38912,69,2024-03-24,1.438,2.363,0.609
CA_38912,69,2024-03-25,2.025,2.592,0.781
CA_38912,69,2024-03-26,2.935,3.078,0.954
CA_38912,69,2024-03-27,2.516,2.235,1.126
CA_38912,69,2024-03-28,3.068,2.363,1.299
CA_38912,69,2024-03-29,3.129,2.235,1.4
CA_38912,69,2024-03-30,4.324,2.631,1.4
CA_38912,69,2024-03-31,3.879,2.771,1.4
CA_38912,69,2024-04-01,5.094,3.682,1.383
CA_38912,69,2024-04-02,4.241,3.384,1.253
CA_38912,69,2024-04-03,4.483,3.992,1.123
CA_38912,69,2024-04-04,1.417,1.426,0.993
CA_38912,69,2024-04-05,1.606,1.86,0.863
CA_38912,69,2024-04-06,2.163,2.95,0.733
CA_38912,69,2024-04-07,2.145,3.558,0.603
CA_38912,69,2024-04-08,2.422,3.731,0.649
CA_38912,69,2024-04-09,2.474,3.558,0.695
CA_38912,69,2024-04-10,2.923,3.943,0.741
CA_38912,69,2024-04-11,3.105,3.943,0.788
CA_38912,69,2024-04-12,3.69,4.426,0.834
CA_38912,69,2024-04-13,1.451,1.649,0.88
CA_38912,69,2024-04-14,1.964,2.121,0.926
CA_38912,69,2024-04-15,2.531,2.603,0.972
CA_38912,69,2024-04-16,3.119,3.384,0.922
CA_38912,69,2024-04-17,3.433,3.943,0.871
CA_38912,69,2024-04-18,3.202,3.905,0.82
CA_38912,69,2024-04-19,3.567,4.637,0.769
CA_38912,69,2024-04-20,3.492,4.859,0.719
CA_38912,69,2024-04-21,3.155,4.724,0.668
CA_38912,69,2024-04-22,2.838,4.599,0.617
CA_38912,69,2024-04-23,2.261,3.992,0.566
CA_38912,69,2024-04-24,1.963,3.558,0.552
CA_38912,69,2024-04-25,2.284,4.252,0.537
CA_38912,69,2024-04-26,1.859,3.558,0.522
CA_38912,69,2024-04-27,2.134,4.203,0.508
CA_38912,69,2024-04-28,2.568,5.207,0.493
CA_38912,69,2024-04-29,2.634,5.505,0.479
CA_38912,69,2024-04-30,2.353,5.071,0.464
CA_38912,69,2024-05-01,2.514,5.594,0.449
CA_38912,69,2024-05-02,2.611,5.337,0.489
CA_38912,69,2024-05-03,2.733,5.167,0.529
CA_38912,69,2024-05-04,0.805,1.416,0.569
CA_38912,69,2024-05-05,2.26,3.713,0.609
CA_38912,69,2024-05-06,2.66,4.103,0.648
CA_38912,69,2024-05-07,3.118,4.531,0.688
CA_38912,69,2024-05-08,3.761,5.167,0.728
CA_38912,69,2024-05-09,3.872,5.044,0.768
CA_38912,69,2024-05-10,4.492,5.679,0.791
CA_38912,69,2024-05-11,4.802,5.899,0.814
CA_38912,69,2024-05-12,5.144,6.144,0.837
CA_38912,69,2024-05-13,5.148,5.984,0.86
CA_38912,69,2024-05-14,5.32,6.021,0.883
CA_38912,69,2024-05-15,5.537,6.107,0.907
CA_38912,69,2024-05-16,5.36,5.765,0.93
CA_38912,69,2024-05-17,5.086,5.337,0.953
CA_38912,69,2024-05-18,5.089,5.252,0.969
CA_38912,69,2024-05-19,4.921,4.996,0.985
CA_38912,69,2024-05-20,5.686,5.679,1.001
CA_38912,69,2024-05-21,6.299,6.192,1.017
CA_38912,69,2024-05-22,6.487,6.278,1.033
CA_38912,69,2024-05-23,6.05,5.765,1.049
CA_38912,69,2024-05-24,5.505,5.167,1.065
CA_38912,69,2024-05-25,5.27,4.873,1.082
CA_38912,69,2024-05-26,5.827,5.3,1.099
CA_38912,69,2024-05-27,6.632,5.936,1.117
CA_38912,69,2024-05-28,7.03,6.192,1.135
CA_38912,69,2024-05-29,7.634,6.62,1.153
CA_38912,69,2024-05-30,7.952,6.791,1.171
CA_38912,69,2024-05-31,7.972,6.705,1.189
CA_38912,69,2024-06-01,7.586,6.286,1.207
CA_38912,69,2024-06-02,6.917,5.647,1.225
CA_38912,69,2024-06-03,6.099,5.056,1.206
CA_38912,69,2024-06-04,7.609,6.407,1.188
CA_38912,69,2024-06-05,8.082,6.914,1.169
CA_38912,69,2024-06-06,8.633,7.505,1.15
CA_38912,69,2024-06-07,7.538,6.661,1.132
CA_38912,69,2024-06-08,6.151,5.526,1.113
CA_38912,69,2024-06-09,6.417,5.864,1.094
CA_38912,69,2024-06-10,6.802,6.323,1.076
CA_38912,69,2024-06-11,7.981,7.641,1.046
CA_38912,69,2024-06-12,7.982,7.631,1.047
CA_38912,69,2024-06-13,8.015,7.64,1.05
CA_38912,69,2024-06-14,7.654,7.304,1.048
CA_38912,69,2024-06-15,7.45,7.143,1.042
CA_38912,69,2024-06-16,7.228,6.991,1.032
CA_38912,69,2024-06-17,7.049,6.89,1.022
CA_38912,69,2024-06-18,6.679,6.603,1.012
CA_38912,69,2024-06-19,6.729,6.728,1.002
CA_38912,69,2024-06-20,6.713,6.762,0.993
CA_38912,69,2024-06-21,7.101,7.201,0.986
CA_38912,69,2024-06-22,7.377,7.522,0.981
CA_38912,69,2024-06-23,7.797,7.978,0.978
CA_38912,69,2024-06-24,8.11,8.316,0.976
CA_38912,69,2024-06-25,8.844,9.083,0.974
CA_38912,69,2024-06-26,9.179,9.445,0.972
CA_38912,69,2024-06-27,9.13,9.411,0.97
CA_38912,69,2024-06-28,8.713,8.974,0.971
CA_38912,69,2024-06-29,8.307,8.523,0.976
CA_38912,69,2024-06-30,7.792,7.939,0.983
CA_38912,69,2024-07-01,6.989,7.048,0.994
CA_38912,69,2024-07-02,6.585,6.544,1.008
CA_38912,69,2024-07-03,6.434,6.308,1.022
CA_38912,69,2024-07-04,6.183,5.977,1.035
CA_38912,69,2024-07-05,6.129,5.839,1.049
CA_38912,69,2024-07-06,6.504,6.16,1.056
CA_38912,69,2024-07-07,6.735,6.389,1.055
CA_38912,69,2024-07-08,7.065,6.764,1.047
CA_38912,69,2024-07-09,7.22,7.01,1.031
CA_38912,69,2024-07-10,7.324,7.265,1.008
CA_38912,69,2024-07-11,7.138,7.241,0.985
CA_38912,69,2024-07-12,6.93,7.192,0.963
CA_38912,69,2024-07-13,6.846,7.294,0.94
CA_38912,69,2024-07-14,6.978,7.591,0.921
CA_38912,69,2024-07-15,7.05,7.805,0.905
CA_38912,69,2024-07-16,7.069,7.925,0.893
CA_38912,69,2024-07-17,7.372,8.339,0.884
CA_38912,69,2024-07-18,7.596,8.643,0.879
CA_38912,69,2024-07-19,7.708,8.821,0.874
CA_38912,69,2024-07-20,7.832,9.016,0.869
CA_38912,69,2024-07-21,7.909,9.15,0.864
CA_38912,69,2024-07-22,7.443,8.668,0.857
CA_38912,69,2024-07-23,6.945,8.166,0.849
CA_38912,69,2024-07-24,6.56,7.811,0.838
CA_38912,69,2024-07-25,6.104,7.385,0.826
CA_38912,69,2024-07-26,5.956,7.343,0.812
CA_38912,69,2024-07-27,5.961,7.47,0.798
CA_38912,69,2024-07-28,5.797,7.387,0.784
CA_38912,69,2024-07-29,5.422,7.022,0.77
CA_38912,69,2024-07-30,4.931,6.49,0.756
CA_38912,69,2024-07-31,4.584,6.161,0.742
CA_38912,69,2024-08-01,4.556,6.265,0.728
CA_38912,69,2024-08-02,4.425,6.214,0.714
CA_38912,69,2024-08-03,4.155,5.929,0.7
CA_38912,69,2024-08-04,4.195,6.091,0.686
CA_38912,69,2024-08-05,4.177,6.203,0.672
CA_38912,69,2024-08-06,3.941,5.999,0.658
CA_38912,69,2024-08-07,3.827,5.95,0.645
CA_38912,69,2024-08-08,4.039,6.374,0.634
CA_38912,69,2024-08-09,4.152,6.653,0.624
CA_38912,69,2024-08-10,4.114,6.694,0.615
CA_38912,69,2024-08-11,4.166,6.872,0.607
CA_38912,69,2024-08-12,4.33,7.235,0.599
CA_38912,69,2024-08-13,4.412,7.463,0.592
CA_38912,69,2024-08-14,4.412,7.558,0.584
CA_38912,69,2024-08-15,4.338,7.49,0.579
CA_38912,69,2024-08-16,4.46,7.728,0.577
CA_38912,69,2024-08-17,4.45,7.701,0.577
CA_38912,69,2024-08-18,4.376,7.531,0.581
CA_38912,69,2024-08-19,4.235,7.218,0.587
CA_38912,69,2024-08-20,4.274,7.211,0.594
CA_38912,69,2024-08-21,4.055,6.762,0.6
CA_38912,69,2024-08-22,3.964,6.534,0.606
CA_38912,69,2024-08-23,3.969,6.585,0.603
CA_38912,69,2024-08-24,3.902,6.61,0.589
CA_38912,69,2024-08-25,3.599,6.321,0.565
CA_38912,69,2024-08-26,3.296,6.134,0.532
CA_38912,69,2024-08-27,2.972,6.076,0.488
CA_38912,69,2024-08-28,2.641,5.991,0.444
CA_38912,69,2024-08-29,2.475,6.297,0.4
CA_38912,69,2024-08-30,2.313,6.572,0.356
CA_38912,69,2024-08-31,2.292,7.301,0.319
CA_38912,69,2024-09-01,2.215,7.815,0.288
CA_38912,69,2024-09-02,2.137,8.15,0.264
CA_38912,69,2024-09-03,2.022,8.239,0.246
CA_38912,69,2024-09-04,1.927,8.159,0.234
CA_38912,69,2024-09-05,1.757,7.838,0.223
CA_38912,69,2024-09-06,1.64,7.774,0.211
CA_38912,69,2024-09-07,1.499,7.502,0.2
CA_38912,69,2024-09-08,1.374,7.141,0.193
CA_38912,69,2024-09-09,1.345,7.082,0.19
CA_38912,69,2024-09-10,1.275,6.686,0.191
CA_38912,69,2024-09-11,1.142,5.837,0.197
CA_38912,69,2024-09-12,1.083,5.278,0.207
CA_38912,69,2024-09-13,1.036,4.816,0.218
CA_38912,69,2024-09-14,0.995,4.403,0.228
CA_38912,69,2024-09-15,0.972,4.09,0.238
CA_38912,69,2024-09-16,0.918,3.661,0.254
CA_38912,69,2024-09-17,0.857,3.222,0.276
CA_38912,69,2024-09-18,0.874,2.984,0.304
CA_38912,69,2024-09-19,0.926,2.785,0.338
CA_38912,69,2024-09-20,1.08,2.769,0.378
CA_38912,69,2024-09-21,1.361,3.139,0.417
CA_38912,69,2024-09-22,1.718,3.675,0.457
CA_38912,69,2024-09-23,2.094,4.144,0.497
CA_38912,69,2024-09-24,2.387,4.59,0.517
CA_38912,69,2024-09-25,2.491,4.804,0.518
CA_38912,69,2024-09-26,2.504,5.028,0.5
CA_38912,69,2024-09-27,2.336,5.021,0.463
CA_38912,69,2024-09-28,2.006,4.856,0.407
CA_38912,69,2024-09-29,1.669,4.682,0.35
CA_38912,69,2024-09-30,1.339,4.443,0.293
CA_38912,69,2024-10-01,1.008,4.237,0.237
CA_38912,69,2024-10-02,0.805,4.244,0.191
CA_38912,69,2024-10-03,0.667,4.334,0.155
CA_38912,69,2024-10-04,0.568,4.448,0.13
CA_38912,69,2024-10-05,0.524,4.586,0.115
CA_38912,69,2024-10-06,0.504,4.586,0.11
CA_38912,69,2024-10-07,0.485,4.603,0.105
CA_38912,69,2024-10-08,0.444,4.39,0.101
CA_38912,69,2024-10-09,0.408,4.243,0.096
CA_38912,69,2024-10-10,0.39,4.178,0.093
CA_38912,69,2024-10-11,0.375,4.047,0.093
CA_38912,69,2024-10-12,0.368,3.916,0.094
CA_38912,69,2024-10-13,0.386,3.965,0.098
CA_38912,69,2024-10-14,0.379,3.704,0.103
CA_38912,69,2024-10-15,0.372,3.444,0.109
CA_38912,69,2024-10-16,0.382,3.363,0.114
CA_38912,69,2024-10-17,0.394,3.288,0.12
CA_38912,69,2024-10-18,0.387,3.108,0.124
CA_38912,69,2024-10-19,0.425,3.321,0.128
CA_38912,69,2024-10-20,0.426,3.279,0.13
CA_38912,69,2024-10-21,0.434,3.312,0.131
CA_38912,69,2024-10-22,0.392,2.987,0.131
CA_38912,69,2024-10-23,0.382,2.914,0.131
CA_38912,69,2024-10-24,0.355,2.702,0.131
CA_38912,69,2024-10-25,0.341,2.596,0.131
CA_38912,69,2024-10-26,0.359,2.344,0.154
CA_38912,69,2024-10-27,0.549,2.629,0.201
CA_38912,69,2024-10-28,0.716,2.611,0.27
CA_38912,69,2024-10-29,0.824,2.342,0.363
CA_38912,69,2024-10-30,0.956,2.168,0.478
CA_38912,69,2024-10-31,1.026,1.944,0.594
CA_38912,69,2024-11-01,1.123,1.642,0.709
CA_38912,69,2024-11-02,1.198,1.445,0.825
CA_38912,69,2024-11-03,1.242,1.375,0.895
CA_38912,69,2024-11-04,1.184,1.266,0.921
CA_38912,69,2024-11-05,1.103,1.182,0.902
CA_38912,69,2024-11-06,0.839,0.941,0.838
CA_38912,69,2024-11-07,0.634,0.85,0.73
CA_38912,69,2024-11-08,0.513,0.876,0.621
CA_38912,69,2024-11-09,0.435,0.902,0.512
CA_38912,69,2024-11-10,0.384,1.019,0.404
CA_38912,69,2024-11-11,0.365,1.187,0.317
CA_38912,69,2024-11-12,0.3,1.187,0.253
CA_38912,69,2024-11-13,0.25,1.22,0.21
CA_38912,69,2024-11-14,0.238,1.253,0.19
CA_38912,69,2024-11-15,0.231,1.203,0.192
CA_38912,69,2024-11-16,0.23,1.187,0.194
CA_38912,69,2024-11-17,0.229,1.17,0.196
CA_38912,69,2024-11-18,0.208,1.053,0.198
CA_38912,69,2024-11-19,0.2,1.01,0.199
CA_38912,69,2024-11-20,0.208,1.043,0.199
CA_38912,69,2024-11-21,0.194,0.977,0.199
CA_38912,69,2024-11-22,0.205,1.034,0.198
CA_38912,69,2024-11-23,0.21,1.067,0.196
CA_38912,69,2024-11-24,0.229,1.177,0.195
CA_38912,69,2024-11-25,0.221,1.144,0.193
CA_38912,69,2024-11-26,0.251,1.311,0.191
CA_38912,69,2024-11-27,0.24,1.277,0.188
CA_38912,69,2024-11-28,0.226,1.227,0.182
CA_38912,69,2024-11-29,0.19,1.065,0.174
CA_38912,69,2024-11-30,0.168,0.976,0.165
CA_38912,69,2024-12-01,0.113,0.72,0.153
CA_38912,69,2024-12-02,0.096,0.679,0.141
CA_38912,69,2024-12-03,0.084,0.66,0.13
CA_38912,69,2024-12-04,0.08,0.687,0.118
CA_38912,69,2024-12-05,0.083,0.706,0.12
CA_38912,69,2024-12-06,0.106,0.772,0.135
CA_38912,69,2024-12-07,0.145,0.828,0.165
CA_38912,69,2024-12-08,0.207,0.92,0.208
CA_38912,69,2024-12-09,0.267,0.968,0.265
CA_38912,69,2024-12-10,0.304,0.968,0.322
CA_38912,69,2024-12-11,0.335,0.928,0.378
CA_38912,69,2024-12-12,0.338,0.817,0.435
CA_38912,69,2024-12-13,0.321,0.687,0.481
CA_38912,69,2024-12-14,0.309,0.602,0.516
CA_38912,69,2024-12-15,0.304,0.565,0.54
CA_38912,69,2024-12-16,0.287,0.52,0.553
CA_38912,69,2024-12-17,0.278,0.501,0.555
CA_38912,69,2024-12-18,0.289,0.52,0.557
CA_38912,69,2024-12-19,0.295,0.528,0.559
CA_38912,69,2024-12-20,0.296,0.528,0.561
CA_38912,69,2024-12-21,0.297,0.528,0.563
CA_38912,69,2024-12-22,0.298,0.528,0.565
CA_38912,69,2024-12-23,0.278,0.491,0.567
CA_38912,69,2024-12-24,0.275,0.483,0.569
CA_38912,69,2024-12-25,0.26,0.456,0.571
CA_38912,69,2024-12-26,0.283,0.493,0.573
CA_38912,69,2024-12-27,0.311,0.541,0.575
CA_38912,69,2024-12-28,0.409,0.708,0.577
CA_38912,69,2024-12-29,0.41,0.708,0.579
CA_38912,69,2024-12-30,0.465,0.802,0.58
CA_38912,69,2024-12-31,0.495,0.853,0.581
CA_39031,69,2024-01-01,0.574,0.835,0.687
CA_39031,69,2024-01-02,0.394,0.557,0.707
CA_39031,69,2024-01-03,0.742,1.02,0.727
CA_39031,69,2024-01-04,1.248,1.67,0.747
CA_39031,69,2024-01-05,0.854,1.113,0.767
CA_39031,69,2024-01-06,0.73,0.928,0.787
CA_39031,69,2024-01-07,1.049,1.299,0.807
CA_39031,69,2024-01-08,0.768,0.928,0.828
CA_39031,69,2024-01-09,0.943,1.113,0.848
CA_39031,69,2024-01-10,0.885,1.02,0.868
CA_39031,69,2024-01-11,1.07,1.206,0.888
CA_39031,69,2024-01-12,0.674,0.742,0.908
CA_39031,69,2024-01-13,0.774,0.835,0.928
CA_39031,69,2024-01-14,0.967,1.02,0.948
CA_39031,69,2024-01-15,0.718,0.742,0.968
CA_39031,69,2024-01-16,0.916,0.928,0.988
CA_39031,69,2024-01-17,1.028,1.02,1.008
CA_39031,69,2024-01-18,0.953,0.928,1.028
CA_39031,69,2024-01-19,1.361,1.299,1.048
CA_39031,69,2024-01-20,1.486,1.391,1.068
CA_39031,69,2024-01-21,1.514,1.391,1.088
CA_39031,69,2024-01-22,0.925,0.835,1.108
CA_39031,69,2024-01-23,1.465,1.299,1.128
CA_39031,69,2024-01-24,0.958,0.835,1.148
CA_39031,69,2024-01-25,1.517,1.299,1.168
CA_39031,69,2024-01-26,1.212,1.02,1.188
CA_39031,69,2024-01-27,1.078,0.928,1.163
CA_39031,69,2024-01-28,1.371,1.206,1.137
CA_39031,69,2024-01-29,1.65,1.484,1.112
CA_39031,69,2024-01-30,1.713,1.577,1.087
CA_39031,69,2024-01-31,2.363,2.226,1.061
CA_39031,69,2024-02-01,1.117,1.079,1.036
CA_39031,69,2024-02-02,1.181,1.169,1.01
CA_39031,69,2024-02-03,1.151,1.169,0.985
CA_39031,69,2024-02-04,1.639,1.708,0.96
CA_39031,69,2024-02-05,1.428,1.528,0.934
CA_39031,69,2024-02-06,0.899,0.989,0.909
CA_39031,69,2024-02-07,0.953,1.079,0.884
CA_39031,69,2024-02-08,0.694,0.809,0.858
CA_39031,69,2024-02-09,1.123,1.348,0.833
CA_39031,69,2024-02-10,1.016,1.259,0.808
CA_39031,69,2024-02-11,1.125,1.438,0.782
CA_39031,69,2024-02-12,1.104,1.438,0.767
CA_39031,69,2024-02-13,0.947,1.259,0.753
CA_39031,69,2024-02-14,0.995,1.348,0.738
CA_39031,69,2024-02-15,1.04,1.438,0.723
CA_39031,69,2024-02-16,1.019,1.438,0.708
CA_39031,69,2024-02-17,0.935,1.348,0.694
CA_39031,69,2024-02-18,1.404,2.068,0.679
CA_39031,69,2024-02-19,1.672,2.517,0.664
CA_39031,69,2024-02-20,1.261,1.798,0.701
CA_39031,69,2024-02-21,1.195,1.618,0.739
CA_39031,69,2024-02-22,1.465,1.888,0.776
CA_39031,69,2024-02-23,1.389,1.708,0.813
CA_39031,69,2024-02-24,1.3,1.528,0.85
CA_39031,69,2024-02-25,1.436,1.618,0.888
CA_39031,69,2024-02-26,1.746,1.888,0.925
CA_39031,69,2024-02-27,1.989,2.068,0.962
CA_39031,69,2024-02-28,1.973,2.068,0.954
CA_39031,69,2024-02-29,1.701,1.798,0.946
CA_39031,69,2024-03-01,1.499,1.598,0.938
CA_39031,69,2024-03-02,1.652,1.775,0.931
CA_39031,69,2024-03-03,1.556,1.686,0.923
CA_39031,69,2024-03-04,1.299,1.42,0.915
CA_39031,69,2024-03-05,1.69,1.864,0.907
CA_39031,69,2024-03-06,1.835,2.041,0.899
CA_39031,69,2024-03-07,1.819,2.041,0.891
CA_39031,69,2024-03-08,1.96,2.219,0.883
CA_39031,69,2024-03-09,1.942,2.219,0.875
CA_39031,69,2024-03-10,2.002,2.308,0.868
CA_39031,69,2024-03-11,1.907,2.219,0.86
CA_39031,69,2024-03-12,1.21,1.42,0.852
CA_39031,69,2024-03-13,2.247,2.663,0.844
CA_39031,69,2024-03-14,3.116,3.728,0.836
CA_39031,69,2024-03-15,2.513,3.018,0.833
CA_39031,69,2024-03-16,2.577,3.106,0.829
CA_39031,69,2024-03-17,2.64,3.195,0.826
CA_39031,69,2024-03-18,2.41,2.929,0.823
CA_39031,69,2024-03-19,2.619,3.195,0.82
CA_39031,69,2024-03-20,3.116,3.817,0.816
CA_39031,69,2024-03-21,2.887,3.55,0.813
CA_39031,69,2024-03-22,2.444,3.018,0.81
CA_39031,69,2024-03-23,1.602,1.953,0.82
CA_39031,69,2024-03-24,1.992,2.396,0.831
CA_39031,69,2024-03-25,2.167,2.574,0.842
CA_39031,69,2024-03-26,2.648,3.106,0.853
CA_39031,69,2024-03-27,1.992,2.308,0.863
CA_39031,69,2024-03-28,2.094,2.396,0.874
CA_39031,69,2024-03-29,1.963,2.219,0.885
CA_39031,69,2024-03-30,2.384,2.663,0.895
CA_39031,69,2024-03-31,2.493,2.751,0.906
CA_39031,69,2024-04-01,3.316,3.617,0.917
CA_39031,69,2024-04-02,3.115,3.359,0.927
CA_39031,69,2024-04-03,3.716,3.962,0.938
CA_39031,69,2024-04-04,1.389,1.464,0.949
CA_39031,69,2024-04-05,1.735,1.809,0.96
CA_39031,69,2024-04-06,2.841,2.928,0.97
CA_39031,69,2024-04-07,3.463,3.531,0.981
CA_39031,69,2024-04-08,3.626,3.703,0.979
CA_39031,69,2024-04-09,3.45,3.531,0.977
CA_39031,69,2024-04-10,3.78,3.875,0.975
CA_39031,69,2024-04-11,3.773,3.875,0.974
CA_39031,69,2024-04-12,4.268,4.392,0.972
CA_39031,69,2024-04-13,1.671,1.722,0.97
CA_39031,69,2024-04-14,2.084,2.153,0.968
CA_39031,69,2024-04-15,2.58,2.67,0.966
CA_39031,69,2024-04-16,3.255,3.445,0.945
CA_39031,69,2024-04-17,3.579,3.875,0.924
CA_39031,69,2024-04-18,3.497,3.875,0.902
CA_39031,69,2024-04-19,4.021,4.564,0.881
CA_39031,69,2024-04-20,4.146,4.823,0.86
CA_39031,69,2024-04-21,3.899,4.65,0.838
CA_39031,69,2024-04-22,3.729,4.564,0.817
CA_39031,69,2024-04-23,3.152,3.962,0.796
CA_39031,69,2024-04-24,2.701,3.531,0.765
CA_39031,69,2024-04-25,3.098,4.22,0.734
CA_39031,69,2024-04-26,2.483,3.531,0.703
CA_39031,69,2024-04-27,2.838,4.22,0.672
CA_39031,69,2024-04-28,3.26,5.081,0.642
CA_39031,69,2024-04-29,3.367,5.512,0.611
CA_39031,69,2024-04-30,2.897,4.995,0.58
CA_39031,69,2024-05-01,3.026,5.509,0.549
CA_39031,69,2024-05-02,2.886,5.255,0.549
CA_39031,69,2024-05-03,2.794,5.085,0.549
CA_39031,69,2024-05-04,0.792,1.441,0.549
CA_39031,69,2024-05-05,2.003,3.645,0.549
CA_39031,69,2024-05-06,2.236,4.068,0.55
CA_39031,69,2024-05-07,2.469,4.492,0.55
CA_39031,69,2024-05-08,2.795,5.085,0.55
CA_39031,69,2024-05-09,2.749,5.001,0.55
CA_39031,69,2024-05-10,3.028,5.594,0.541
CA_39031,69,2024-05-11,3.072,5.764,0.533
CA_39031,69,2024-05-12,3.158,6.018,0.525
CA_39031,69,2024-05-13,3.02,5.848,0.516
CA_39031,69,2024-05-14,3.057,6.018,0.508
CA_39031,69,2024-05-15,3.007,6.018,0.5
CA_39031,69,2024-05-16,2.79,5.679,0.491
CA_39031,69,2024-05-17,2.538,5.255,0.483
CA_39031,69,2024-05-18,2.522,5.17,0.488
CA_39031,69,2024-05-19,2.421,4.916,0.492
CA_39031,69,2024-05-20,2.823,5.679,0.497
CA_39031,69,2024-05-21,3.062,6.103,0.502
CA_39031,69,2024-05-22,3.091,6.103,0.507
CA_39031,69,2024-05-23,2.903,5.679,0.511
CA_39031,69,2024-05-24,2.623,5.085,0.516
CA_39031,69,2024-05-25,2.515,4.831,0.521
CA_39031,69,2024-05-26,2.711,5.255,0.516
CA_39031,69,2024-05-27,2.99,5.848,0.511
CA_39031,69,2024-05-28,3.092,6.103,0.507
CA_39031,69,2024-05-29,3.277,6.526,0.502
CA_39031,69,2024-05-30,3.331,6.696,0.498
CA_39031,69,2024-05-31,3.259,6.611,0.493
CA_39031,69,2024-06-01,3.033,6.211,0.488
CA_39031,69,2024-06-02,2.72,5.624,0.484
CA_39031,69,2024-06-03,2.32,4.952,0.469
CA_39031,69,2024-06-04,2.892,6.379,0.453
CA_39031,69,2024-06-05,2.98,6.799,0.438
CA_39031,69,2024-06-06,3.125,7.387,0.423
CA_39031,69,2024-06-07,2.705,6.631,0.408
CA_39031,69,2024-06-08,2.143,5.456,0.393
CA_39031,69,2024-06-09,2.187,5.792,0.378
CA_39031,69,2024-06-10,2.252,6.211,0.363
CA_39031,69,2024-06-11,2.776,5.687,0.488
CA_39031,69,2024-06-12,2.771,5.708,0.486
CA_39031,69,2024-06-13,2.683,5.59,0.48
CA_39031,69,2024-06-14,2.687,5.658,0.475
CA_39031,69,2024-06-15,2.648,5.641,0.469
CA_39031,69,2024-06-16,2.538,5.473,0.464
CA_39031,69,2024-06-17,2.499,5.456,0.458
CA_39031,69,2024-06-18,2.64,5.842,0.453
CA_39031,69,2024-06-19,2.832,6.379,0.446
CA_39031,69,2024-06-20,2.934,6.749,0.437
CA_39031,69,2024-06-21,3.094,7.286,0.426
CA_39031,69,2024-06-22,3.141,7.588,0.414
CA_39031,69,2024-06-23,3.047,7.605,0.4
CA_39031,69,2024-06-24,2.936,7.605,0.386
CA_39031,69,2024-06-25,2.824,7.588,0.372
CA_39031,69,2024-06-26,2.725,7.622,0.358
CA_39031,69,2024-06-27,2.667,7.739,0.345
CA_39031,69,2024-06-28,2.558,7.689,0.332
CA_39031,69,2024-06-29,2.375,7.399,0.32
CA_39031,69,2024-06-30,2.215,7.143,0.309
CA_39031,69,2024-07-01,2.057,6.888,0.298
CA_39031,69,2024-07-02,1.913,6.666,0.287
CA_39031,69,2024-07-03,1.809,6.561,0.276
CA_39031,69,2024-07-04,1.73,6.527,0.265
CA_39031,69,2024-07-05,1.661,6.527,0.254
CA_39031,69,2024-07-06,1.566,6.443,0.243
CA_39031,69,2024-07-07,1.468,6.341,0.231
CA_39031,69,2024-07-08,1.376,6.256,0.22
CA_39031,69,2024-07-09,1.311,6.307,0.208
CA_39031,69,2024-07-10,1.256,6.409,0.196
CA_39031,69,2024-07-11,1.203,6.544,0.185
CA_39031,69,2024-07-12,1.164,6.765,0.173
CA_39031,69,2024-07-13,1.131,6.9,0.164
CA_39031,69,2024-07-14,1.085,6.85,0.159
CA_39031,69,2024-07-15,1.052,6.765,0.156
CA_39031,69,2024-07-16,1.011,6.511,0.156
CA_39031,69,2024-07-17,1.0,6.307,0.159
CA_39031,69,2024-07-18,1.009,6.239,0.162
CA_39031,69,2024-07-19,1.049,6.358,0.165
CA_39031,69,2024-07-20,1.118,6.646,0.168
CA_39031,69,2024-07-21,1.231,7.172,0.171
CA_39031,69,2024-07-22,1.269,7.256,0.175
CA_39031,69,2024-07-23,1.293,7.256,0.179
CA_39031,69,2024-07-24,1.331,7.307,0.183
CA_39031,69,2024-07-25,1.368,7.324,0.187
CA_39031,69,2024-07-26,1.405,7.324,0.191
CA_39031,69,2024-07-27,1.496,7.63,0.195
CA_39031,69,2024-07-28,1.534,7.68,0.2
CA_39031,69,2024-07-29,1.55,7.613,0.204
CA_39031,69,2024-07-30,1.52,7.319,0.208
CA_39031,69,2024-07-31,1.475,6.958,0.212
CA_39031,69,2024-08-01,1.465,6.765,0.216
CA_39031,69,2024-08-02,1.51,6.844,0.221
CA_39031,69,2024-08-03,1.482,6.602,0.225
CA_39031,69,2024-08-04,1.483,6.5,0.229
CA_39031,69,2024-08-05,1.502,6.467,0.233
CA_39031,69,2024-08-06,1.478,6.298,0.235
CA_39031,69,2024-08-07,1.419,6.028,0.236
CA_39031,69,2024-08-08,1.4,5.977,0.234
CA_39031,69,2024-08-09,1.364,5.893,0.231
CA_39031,69,2024-08-10,1.318,5.825,0.226
CA_39031,69,2024-08-11,1.287,5.825,0.221
CA_39031,69,2024-08-12,1.287,5.96,0.216
CA_39031,69,2024-08-13,1.288,6.095,0.212
CA_39031,69,2024-08-14,1.28,6.18,0.207
CA_39031,69,2024-08-15,1.237,6.095,0.203
CA_39031,69,2024-08-16,1.176,5.909,0.199
CA_39031,69,2024-08-17,1.118,5.724,0.195
CA_39031,69,2024-08-18,1.094,5.707,0.192
CA_39031,69,2024-08-19,1.08,5.74,0.188
CA_39031,69,2024-08-20,1.071,5.791,0.185
CA_39031,69,2024-08-21,1.076,5.926,0.182
CA_39031,69,2024-08-22,1.102,6.214,0.178
CA_39031,69,2024-08-23,1.079,6.247,0.173
CA_39031,69,2024-08-24,1.015,6.045,0.167
CA_39031,69,2024-08-25,0.953,5.876,0.161
CA_39031,69,2024-08-26,0.888,5.707,0.154
CA_39031,69,2024-08-27,0.822,5.572,0.148
CA_39031,69,2024-08-28,0.778,5.555,0.141
CA_39031,69,2024-08-29,0.76,5.69,0.134
CA_39031,69,2024-08-30,0.74,5.708,0.13
CA_39031,69,2024-08-31,0.729,5.708,0.128
CA_39031,69,2024-09-01,0.693,5.424,0.128
CA_39031,69,2024-09-02,0.659,5.06,0.131
CA_39031,69,2024-09-03,0.658,4.844,0.136
CA_39031,69,2024-09-04,0.683,4.828,0.141
CA_39031,69,2024-09-05,0.698,4.746,0.147
CA_39031,69,2024-09-06,0.728,4.779,0.152
CA_39031,69,2024-09-07,0.785,5.025,0.156
CA_39031,69,2024-09-08,0.827,5.205,0.159
CA_39031,69,2024-09-09,0.833,5.188,0.161
CA_39031,69,2024-09-10,0.808,5.025,0.161
CA_39031,69,2024-09-11,0.744,4.648,0.16
CA_39031,69,2024-09-12,0.677,4.255,0.159
CA_39031,69,2024-09-13,0.629,3.977,0.158
CA_39031,69,2024-09-14,0.617,3.928,0.157
CA_39031,69,2024-09-15,0.639,4.141,0.155
CA_39031,69,2024-09-16,0.663,4.386,0.151
CA_39031,69,2024-09-17,0.7,4.795,0.146
CA_39031,69,2024-09-18,0.676,4.811,0.14
CA_39031,69,2024-09-19,0.637,4.779,0.133
CA_39031,69,2024-09-20,0.575,4.566,0.126
CA_39031,69,2024-09-21,0.545,4.583,0.118
CA_39031,69,2024-09-22,0.466,4.19,0.111
CA_39031,69,2024-09-23,0.427,3.977,0.107
CA_39031,69,2024-09-24,0.412,3.846,0.107
CA_39031,69,2024-09-25,0.442,3.961,0.111
CA_39031,69,2024-09-26,0.484,4.026,0.118
CA_39031,69,2024-09-27,0.547,4.173,0.129
CA_39031,69,2024-09-28,0.633,4.484,0.141
CA_39031,69,2024-09-29,0.678,4.492,0.152
CA_39031,69,2024-09-30,0.696,4.305,0.163
CA_39031,69,2024-10-01,0.639,3.744,0.174
CA_39031,69,2024-10-02,0.629,3.46,0.186
CA_39031,69,2024-10-03,0.617,3.159,0.197
CA_39031,69,2024-10-04,0.645,3.078,0.209
CA_39031,69,2024-10-05,0.665,2.981,0.22
CA_39031,69,2024-10-06,0.733,3.159,0.232
CA_39031,69,2024-10-07,0.763,3.143,0.244
CA_39031,69,2024-10-08,0.788,3.094,0.256
CA_39031,69,2024-10-09,0.787,2.948,0.268
CA_39031,69,2024-10-10,0.816,2.916,0.279
CA_39031,69,2024-10-11,0.829,2.851,0.291
CA_39031,69,2024-10-12,0.777,2.592,0.303
CA_39031,69,2024-10-13,0.747,2.398,0.315
CA_39031,69,2024-10-14,0.667,2.074,0.326
CA_39031,69,2024-10-15,0.615,1.831,0.338
CA_39031,69,2024-10-16,0.651,1.847,0.35
CA_39031,69,2024-10-17,0.73,2.057,0.354
CA_39031,69,2024-10-18,0.754,2.155,0.351
CA_39031,69,2024-10-19,0.812,2.398,0.34
CA_39031,69,2024-10-20,0.817,2.543,0.321
CA_39031,69,2024-10-21,0.772,2.641,0.294
CA_39031,69,2024-10-22,0.689,2.576,0.268
CA_39031,69,2024-10-23,0.593,2.414,0.242
CA_39031,69,2024-10-24,0.521,2.365,0.215
CA_39031,69,2024-10-25,0.433,2.09,0.204
CA_39031,69,2024-10-26,0.322,1.62,0.208
CA_39031,69,2024-10-27,0.325,1.49,0.227
CA_39031,69,2024-10-28,0.325,1.328,0.261
CA_39031,69,2024-10-29,0.38,1.199,0.31
CA_39031,69,2024-10-30,0.465,1.252,0.36
CA_39031,69,2024-10-31,0.585,1.419,0.409
CA_39031,69,2024-11-01,0.659,1.407,0.458
CA_39031,69,2024-11-02,0.736,1.509,0.487
CA_39031,69,2024-11-03,0.787,1.596,0.495
CA_39031,69,2024-11-04,0.776,1.613,0.483
CA_39031,69,2024-11-05,0.718,1.596,0.45
CA_39031,69,2024-11-06,0.63,1.58,0.397
CA_39031,69,2024-11-07,0.575,1.662,0.343
CA_39031,69,2024-11-08,0.457,1.596,0.29
CA_39031,69,2024-11-09,0.378,1.629,0.236
CA_39031,69,2024-11-10,0.323,1.728,0.191
CA_39031,69,2024-11-11,0.267,1.712,0.155
CA_39031,69,2024-11-12,0.207,1.613,0.126
CA_39031,69,2024-11-13,0.174,1.613,0.107
CA_39031,69,2024-11-14,0.152,1.58,0.095
CA_39031,69,2024-11-15,0.123,1.465,0.084
CA_39031,69,2024-11-16,0.113,1.596,0.073
CA_39031,69,2024-11-17,0.109,1.876,0.061
CA_39031,69,2024-11-18,0.095,1.646,0.072
CA_39031,69,2024-11-19,0.099,1.448,0.103
CA_39031,69,2024-11-20,0.135,1.333,0.156
CA_39031,69,2024-11-21,0.205,1.136,0.23
CA_39031,69,2024-11-22,0.278,0.774,0.326
CA_39031,69,2024-11-23,0.366,0.839,0.422
CA_39031,69,2024-11-24,0.467,0.905,0.518
CA_39031,69,2024-11-25,0.546,0.905,0.614
CA_39031,69,2024-11-26,0.548,0.806,0.689
CA_39031,69,2024-11-27,0.545,0.741,0.744
CA_39031,69,2024-11-28,0.56,0.724,0.777
CA_39031,69,2024-11-29,0.588,0.745,0.79
CA_39031,69,2024-11-30,0.709,0.911,0.783
CA_39031,69,2024-12-01,0.728,0.942,0.775
CA_39031,69,2024-12-02,0.803,1.047,0.768
CA_39031,69,2024-12-03,0.783,1.027,0.76
CA_39031,69,2024-12-04,0.761,1.009,0.752
CA_39031,69,2024-12-05,0.615,0.826,0.745
CA_39031,69,2024-12-06,0.702,0.954,0.737
CA_39031,69,2024-12-07,0.72,0.991,0.729
CA_39031,69,2024-12-08,0.715,0.991,0.722
CA_39031,69,2024-12-09,0.657,0.917,0.714
CA_39031,69,2024-12-10,0.664,0.936,0.707
CA_39031,69,2024-12-11,0.566,0.807,0.699
CA_39031,69,2024-12-12,0.556,0.807,0.691
CA_39031,69,2024-12-13,0.49,0.715,0.684
CA_39031,69,2024-12-14,0.473,0.697,0.676
CA_39031,69,2024-12-15,0.479,0.715,0.669
CA_39031,69,2024-12-16,0.485,0.734,0.661
CA_39031,69,2024-12-17,0.405,0.624,0.653
CA_39031,69,2024-12-18,0.462,0.716,0.646
CA_39031,69,2024-12-19,0.492,0.771,0.638
CA_39031,69,2024-12-20,0.449,0.716,0.626
CA_39031,69,2024-12-21,0.384,0.624,0.609
CA_39031,69,2024-12-22,0.359,0.605,0.589
CA_39031,69,2024-12-23,0.361,0.642,0.563
CA_39031,69,2024-12-24,0.356,0.679,0.534
CA_39031,69,2024-12-25,0.345,0.697,0.504
CA_39031,69,2024-12-26,0.365,0.771,0.474
CA_39031,69,2024-12-27,0.36,0.807,0.445
CA_39031,69,2024-12-28,0.346,0.826,0.419
CA_39031,69,2024-12-29,0.273,0.679,0.399
CA_39031,69,2024-12-30,0.26,0.665,0.387
CA_39031,69,2024-12-31,0.244,0.642,0.378
CA_39032,69,2024-01-01,0.816,0.832,0.98
CA_39032,69,2024-01-02,0.46,0.462,0.994
CA_39032,69,2024-01-03,1.026,1.017,1.008
CA_39032,69,2024-01-04,1.701,1.665,1.022
CA_39032,69,2024-01-05,1.15,1.11,1.036
CA_39032,69,2024-01-06,0.971,0.925,1.05
CA_39032,69,2024-01-07,1.279,1.202,1.064
CA_39032,69,2024-01-08,0.997,0.925,1.078
CA_39032,69,2024-01-09,1.212,1.11,1.092
CA_39032,69,2024-01-10,1.125,1.017,1.106
CA_39032,69,2024-01-11,1.347,1.202,1.12
CA_39032,69,2024-01-12,0.734,0.647,1.134
CA_39032,69,2024-01-13,0.956,0.832,1.148
CA_39032,69,2024-01-14,1.29,1.11,1.162
CA_39032,69,2024-01-15,0.87,0.74,1.176
CA_39032,69,2024-01-16,1.101,0.925,1.19
CA_39032,69,2024-01-17,1.225,1.017,1.204
CA_39032,69,2024-01-18,1.127,0.925,1.218
CA_39032,69,2024-01-19,1.596,1.295,1.232
CA_39032,69,2024-01-20,1.729,1.387,1.246
CA_39032,69,2024-01-21,1.749,1.387,1.261
CA_39032,69,2024-01-22,1.061,0.832,1.275
CA_39032,69,2024-01-23,1.669,1.295,1.289
CA_39032,69,2024-01-24,1.084,0.832,1.303
CA_39032,69,2024-01-25,1.705,1.295,1.317
CA_39032,69,2024-01-26,1.231,0.925,1.331
CA_39032,69,2024-01-27,1.19,0.925,1.287
CA_39032,69,2024-01-28,1.495,1.202,1.243
CA_39032,69,2024-01-29,1.775,1.48,1.199
CA_39032,69,2024-01-30,1.817,1.572,1.155
CA_39032,69,2024-01-31,2.467,2.22,1.111
CA_39032,69,2024-02-01,1.152,1.079,1.068
CA_39032,69,2024-02-02,1.196,1.169,1.024
CA_39032,69,2024-02-03,1.145,1.169,0.98
CA_39032,69,2024-02-04,1.599,1.708,0.936
CA_39032,69,2024-02-05,1.364,1.528,0.892
CA_39032,69,2024-02-06,0.839,0.989,0.848
CA_39032,69,2024-02-07,0.868,1.079,0.805
CA_39032,69,2024-02-08,0.615,0.809,0.761
CA_39032,69,2024-02-09,0.967,1.348,0.717
CA_39032,69,2024-02-10,0.847,1.259,0.673
CA_39032,69,2024-02-11,0.905,1.438,0.629
CA_39032,69,2024-02-12,0.898,1.438,0.624
CA_39032,69,2024-02-13,0.78,1.259,0.62
CA_39032,69,2024-02-14,0.829,1.348,0.615
CA_39032,69,2024-02-15,0.878,1.438,0.61
CA_39032,69,2024-02-16,0.871,1.438,0.606
CA_39032,69,2024-02-17,0.81,1.348,0.601
CA_39032,69,2024-02-18,1.233,2.068,0.596
CA_39032,69,2024-02-19,1.489,2.517,0.591
CA_39032,69,2024-02-20,1.078,1.798,0.6
CA_39032,69,2024-02-21,0.984,1.618,0.608
CA_39032,69,2024-02-22,1.163,1.888,0.616
CA_39032,69,2024-02-23,1.066,1.708,0.624
CA_39032,69,2024-02-24,0.91,1.438,0.632
CA_39032,69,2024-02-25,1.036,1.618,0.64
CA_39032,69,2024-02-26,1.225,1.888,0.649
CA_39032,69,2024-02-27,1.358,2.068,0.657
CA_39032,69,2024-02-28,1.366,2.068,0.661
CA_39032,69,2024-02-29,1.195,1.798,0.664
CA_39032,69,2024-03-01,1.065,1.594,0.668
CA_39032,69,2024-03-02,1.19,1.771,0.672
CA_39032,69,2024-03-03,1.137,1.682,0.676
CA_39032,69,2024-03-04,0.963,1.417,0.68
CA_39032,69,2024-03-05,1.271,1.859,0.684
CA_39032,69,2024-03-06,1.4,2.036,0.687
CA_39032,69,2024-03-07,1.407,2.036,0.691
CA_39032,69,2024-03-08,1.477,2.125,0.695
CA_39032,69,2024-03-09,1.485,2.125,0.699
CA_39032,69,2024-03-10,1.617,2.302,0.703
CA_39032,69,2024-03-11,1.563,2.213,0.706
CA_39032,69,2024-03-12,1.069,1.505,0.71
CA_39032,69,2024-03-13,1.896,2.656,0.714
CA_39032,69,2024-03-14,2.733,3.807,0.718
CA_39032,69,2024-03-15,2.136,3.099,0.689
CA_39032,69,2024-03-16,2.107,3.187,0.661
CA_39032,69,2024-03-17,2.072,3.276,0.633
CA_39032,69,2024-03-18,1.765,2.922,0.604
CA_39032,69,2024-03-19,1.835,3.187,0.576
CA_39032,69,2024-03-20,2.084,3.807,0.547
CA_39032,69,2024-03-21,1.884,3.63,0.519
CA_39032,69,2024-03-22,1.477,3.01,0.491
CA_39032,69,2024-03-23,0.992,1.948,0.509
CA_39032,69,2024-03-24,1.263,2.39,0.528
CA_39032,69,2024-03-25,1.405,2.567,0.547
CA_39032,69,2024-03-26,1.754,3.099,0.566
CA_39032,69,2024-03-27,1.295,2.213,0.585
CA_39032,69,2024-03-28,1.443,2.39,0.604
CA_39032,69,2024-03-29,1.378,2.213,0.623
CA_39032,69,2024-03-30,1.704,2.656,0.642
CA_39032,69,2024-03-31,1.813,2.745,0.661
CA_39032,69,2024-04-01,2.511,3.696,0.679
CA_39032,69,2024-04-02,2.341,3.352,0.698
CA_39032,69,2024-04-03,2.897,4.039,0.717
CA_39032,69,2024-04-04,1.075,1.461,0.736
CA_39032,69,2024-04-05,1.428,1.891,0.755
CA_39032,69,2024-04-06,2.261,2.922,0.774
CA_39032,69,2024-04-07,2.862,3.61,0.793
CA_39032,69,2024-04-08,3.051,3.782,0.807
CA_39032,69,2024-04-09,2.893,3.524,0.821
CA_39032,69,2024-04-10,3.301,3.954,0.835
CA_39032,69,2024-04-11,3.357,3.954,0.849
CA_39032,69,2024-04-12,3.784,4.383,0.863
CA_39032,69,2024-04-13,1.508,1.719,0.877
CA_39032,69,2024-04-14,1.915,2.149,0.891
CA_39032,69,2024-04-15,2.413,2.664,0.906
CA_39032,69,2024-04-16,3.118,3.438,0.907
CA_39032,69,2024-04-17,3.512,3.868,0.908
CA_39032,69,2024-04-18,3.517,3.868,0.909
CA_39032,69,2024-04-19,4.148,4.555,0.911
CA_39032,69,2024-04-20,4.389,4.813,0.912
CA_39032,69,2024-04-21,4.317,4.727,0.913
CA_39032,69,2024-04-22,4.244,4.641,0.914
CA_39032,69,2024-04-23,3.62,3.954,0.916
CA_39032,69,2024-04-24,3.115,3.524,0.884
CA_39032,69,2024-04-25,3.589,4.211,0.852
CA_39032,69,2024-04-26,2.891,3.524,0.82
CA_39032,69,2024-04-27,3.321,4.211,0.789
CA_39032,69,2024-04-28,3.903,5.157,0.757
CA_39032,69,2024-04-29,3.988,5.501,0.725
CA_39032,69,2024-04-30,3.515,5.071,0.693
CA_39032,69,2024-05-01,3.689,5.577,0.661
CA_39032,69,2024-05-02,3.539,5.324,0.665
CA_39032,69,2024-05-03,3.387,5.07,0.668
CA_39032,69,2024-05-04,0.908,1.352,0.671
CA_39032,69,2024-05-05,2.509,3.718,0.675
CA_39032,69,2024-05-06,2.751,4.056,0.678
CA_39032,69,2024-05-07,3.052,4.479,0.681
CA_39032,69,2024-05-08,3.53,5.155,0.685
CA_39032,69,2024-05-09,3.431,4.986,0.688
CA_39032,69,2024-05-10,3.87,5.662,0.684
CA_39032,69,2024-05-11,3.958,5.831,0.679
CA_39032,69,2024-05-12,4.101,6.084,0.674
CA_39032,69,2024-05-13,3.96,5.915,0.669
CA_39032,69,2024-05-14,3.988,6.0,0.665
CA_39032,69,2024-05-15,4.016,6.084,0.66
CA_39032,69,2024-05-16,3.766,5.746,0.655
CA_39032,69,2024-05-17,3.409,5.239,0.651
CA_39032,69,2024-05-18,3.358,5.155,0.651
CA_39032,69,2024-05-19,3.252,4.986,0.652
CA_39032,69,2024-05-20,3.697,5.662,0.653
CA_39032,69,2024-05-21,4.033,6.169,0.654
CA_39032,69,2024-05-22,4.038,6.169,0.655
CA_39032,69,2024-05-23,3.766,5.746,0.655
CA_39032,69,2024-05-24,3.383,5.155,0.656
CA_39032,69,2024-05-25,3.165,4.817,0.657
CA_39032,69,2024-05-26,3.388,5.239,0.647
CA_39032,69,2024-05-27,3.764,5.915,0.636
CA_39032,69,2024-05-28,3.808,6.084,0.626
CA_39032,69,2024-05-29,4.006,6.507,0.616
CA_39032,69,2024-05-30,4.092,6.76,0.605
CA_39032,69,2024-05-31,4.022,6.76,0.595
CA_39032,69,2024-06-01,3.674,6.284,0.585
CA_39032,69,2024-06-02,3.272,5.698,0.574
CA_39032,69,2024-06-03,2.953,5.111,0.578
CA_39032,69,2024-06-04,3.798,6.536,0.581
CA_39032,69,2024-06-05,4.017,6.871,0.585
CA_39032,69,2024-06-06,4.385,7.457,0.588
CA_39032,69,2024-06-07,3.915,6.619,0.591
CA_39032,69,2024-06-08,3.29,5.53,0.595
CA_39032,69,2024-06-09,3.51,5.865,0.598
CA_39032,69,2024-06-10,3.782,6.284,0.602
CA_39032,69,2024-06-11,4.299,6.787,0.633
CA_39032,69,2024-06-12,4.168,6.636,0.627
CA_39032,69,2024-06-13,3.967,6.435,0.616
CA_39032,69,2024-06-14,3.803,6.284,0.604
CA_39032,69,2024-06-15,3.652,6.15,0.593
CA_39032,69,2024-06-16,3.627,6.234,0.583
CA_39032,69,2024-06-17,3.664,6.418,0.572
CA_39032,69,2024-06-18,3.565,6.351,0.561
CA_39032,69,2024-06-19,3.555,6.452,0.551
CA_39032,69,2024-06-20,3.604,6.586,0.547
CA_39032,69,2024-06-21,3.584,6.519,0.549
CA_39032,69,2024-06-22,3.597,6.435,0.558
CA_39032,69,2024-06-23,3.861,6.72,0.574
CA_39032,69,2024-06-24,3.994,6.703,0.596
CA_39032,69,2024-06-25,4.02,6.519,0.618
CA_39032,69,2024-06-26,3.909,6.134,0.64
CA_39032,69,2024-06-27,4.125,6.234,0.663
CA_39032,69,2024-06-28,4.243,6.251,0.678
CA_39032,69,2024-06-29,4.383,6.382,0.686
CA_39032,69,2024-06-30,4.464,6.494,0.687
CA_39032,69,2024-07-01,4.618,6.774,0.681
CA_39032,69,2024-07-02,4.469,6.687,0.668
CA_39032,69,2024-07-03,4.352,6.65,0.655
CA_39032,69,2024-07-04,4.208,6.565,0.641
CA_39032,69,2024-07-05,4.114,6.548,0.628
CA_39032,69,2024-07-06,4.061,6.599,0.615
CA_39032,69,2024-07-07,3.906,6.481,0.602
CA_39032,69,2024-07-08,3.739,6.345,0.589
CA_39032,69,2024-07-09,3.745,6.515,0.576
CA_39032,69,2024-07-10,3.726,6.633,0.563
CA_39032,69,2024-07-11,3.754,6.853,0.549
CA_39032,69,2024-07-12,3.891,7.276,0.536
CA_39032,69,2024-07-13,3.969,7.597,0.523
CA_39032,69,2024-07-14,3.859,7.513,0.514
CA_39032,69,2024-07-15,3.747,7.36,0.509
CA_39032,69,2024-07-16,3.548,6.988,0.508
CA_39032,69,2024-07-17,3.316,6.497,0.512
CA_39032,69,2024-07-18,3.167,6.108,0.519
CA_39032,69,2024-07-19,3.1,5.888,0.527
CA_39032,69,2024-07-20,3.201,5.99,0.534
CA_39032,69,2024-07-21,3.348,6.176,0.541
CA_39032,69,2024-07-22,3.582,6.548,0.546
CA_39032,69,2024-07-23,3.69,6.717,0.549
CA_39032,69,2024-07-24,3.847,7.005,0.549
CA_39032,69,2024-07-25,3.905,7.14,0.547
CA_39032,69,2024-07-26,3.901,7.191,0.542
CA_39032,69,2024-07-27,3.822,7.107,0.538
CA_39032,69,2024-07-28,3.843,7.208,0.533
CA_39032,69,2024-07-29,3.695,6.988,0.529
CA_39032,69,2024-07-30,3.546,6.781,0.523
CA_39032,69,2024-07-31,3.518,6.826,0.515
CA_39032,69,2024-08-01,3.414,6.737,0.507
CA_39032,69,2024-08-02,3.315,6.681,0.497
CA_39032,69,2024-08-03,3.243,6.676,0.486
CA_39032,69,2024-08-04,3.173,6.676,0.475
CA_39032,69,2024-08-05,3.033,6.541,0.463
CA_39032,69,2024-08-06,2.929,6.474,0.452
CA_39032,69,2024-08-07,2.797,6.288,0.445
CA_39032,69,2024-08-08,2.724,6.17,0.442
CA_39032,69,2024-08-09,2.697,6.103,0.442
CA_39032,69,2024-08-10,2.688,6.019,0.447
CA_39032,69,2024-08-11,2.717,5.968,0.455
CA_39032,69,2024-08-12,2.898,6.238,0.464
CA_39032,69,2024-08-13,3.103,6.558,0.472
CA_39032,69,2024-08-14,3.262,6.777,0.481
CA_39032,69,2024-08-15,3.234,6.659,0.486
CA_39032,69,2024-08-16,3.153,6.474,0.487
CA_39032,69,2024-08-17,2.929,6.035,0.484
CA_39032,69,2024-08-18,2.745,5.732,0.478
CA_39032,69,2024-08-19,2.647,5.664,0.468
CA_39032,69,2024-08-20,2.636,5.766,0.458
CA_39032,69,2024-08-21,2.629,5.867,0.448
CA_39032,69,2024-08-22,2.613,5.951,0.439
CA_39032,69,2024-08-23,2.673,6.17,0.433
CA_39032,69,2024-08-24,2.725,6.322,0.431
CA_39032,69,2024-08-25,2.84,6.558,0.432
CA_39032,69,2024-08-26,2.941,6.71,0.438
CA_39032,69,2024-08-27,3.041,6.811,0.447
CA_39032,69,2024-08-28,3.016,6.626,0.456
CA_39032,69,2024-08-29,2.938,6.322,0.466
CA_39032,69,2024-08-30,2.927,6.162,0.475
CA_39032,69,2024-08-31,2.902,6.023,0.482
CA_39032,69,2024-09-01,2.932,6.033,0.486
CA_39032,69,2024-09-02,3.026,6.208,0.487
CA_39032,69,2024-09-03,2.955,6.072,0.486
CA_39032,69,2024-09-04,2.9,6.007,0.483
CA_39032,69,2024-09-05,2.81,5.86,0.479
CA_39032,69,2024-09-06,2.612,5.485,0.475
CA_39032,69,2024-09-07,2.39,5.061,0.472
CA_39032,69,2024-09-08,2.302,4.881,0.472
CA_39032,69,2024-09-09,2.177,4.587,0.475
CA_39032,69,2024-09-10,2.183,4.538,0.481
CA_39032,69,2024-09-11,2.377,4.832,0.49
CA_39032,69,2024-09-12,2.558,5.06,0.503
CA_39032,69,2024-09-13,2.783,5.371,0.516
CA_39032,69,2024-09-14,2.68,5.077,0.529
CA_39032,69,2024-09-15,2.667,4.946,0.542
CA_39032,69,2024-09-16,2.517,4.587,0.551
CA_39032,69,2024-09-17,2.329,4.195,0.556
CA_39032,69,2024-09-18,2.146,3.852,0.557
CA_39032,69,2024-09-19,2.268,4.097,0.554
CA_39032,69,2024-09-20,2.282,4.179,0.547
CA_39032,69,2024-09-21,2.339,4.342,0.539
CA_39032,69,2024-09-22,2.379,4.473,0.532
CA_39032,69,2024-09-23,2.333,4.44,0.525
CA_39032,69,2024-09-24,2.341,4.505,0.519
CA_39032,69,2024-09-25,2.189,4.244,0.515
CA_39032,69,2024-09-26,2.018,3.934,0.513
CA_39032,69,2024-09-27,1.846,3.608,0.512
CA_39032,69,2024-09-28,1.756,3.428,0.512
CA_39032,69,2024-09-29,1.596,3.112,0.513
CA_39032,69,2024-09-30,1.586,3.09,0.513
CA_39032,69,2024-10-01,1.66,3.23,0.514
CA_39032,69,2024-10-02,1.781,3.435,0.518
CA_39032,69,2024-10-03,1.873,3.558,0.526
CA_39032,69,2024-10-04,1.872,3.494,0.537
CA_39032,69,2024-10-05,1.955,3.559,0.552
CA_39032,69,2024-10-06,2.019,3.542,0.57
CA_39032,69,2024-10-07,2.141,3.623,0.589
CA_39032,69,2024-10-08,2.147,3.526,0.607
CA_39032,69,2024-10-09,2.103,3.381,0.626
CA_39032,69,2024-10-10,1.993,3.154,0.636
CA_39032,69,2024-10-11,1.962,3.089,0.639
CA_39032,69,2024-10-12,1.88,2.992,0.633
CA_39032,69,2024-10-13,1.826,2.976,0.619
CA_39032,69,2024-10-14,1.905,3.202,0.597
CA_39032,69,2024-10-15,2.01,3.494,0.575
CA_39032,69,2024-10-16,1.874,3.38,0.553
CA_39032,69,2024-10-17,1.704,3.202,0.531
CA_39032,69,2024-10-18,1.636,3.219,0.507
CA_39032,69,2024-10-19,1.526,3.154,0.482
CA_39032,69,2024-10-20,1.355,2.976,0.455
CA_39032,69,2024-10-21,1.256,2.944,0.426
CA_39032,69,2024-10-22,1.118,2.798,0.395
CA_39032,69,2024-10-23,0.984,2.685,0.364
CA_39032,69,2024-10-24,0.895,2.685,0.333
CA_39032,69,2024-10-25,0.878,2.976,0.302
CA_39032,69,2024-10-26,0.778,2.814,0.282
CA_39032,69,2024-10-27,0.799,2.96,0.273
CA_39032,69,2024-10-28,0.787,2.911,0.274
CA_39032,69,2024-10-29,0.736,2.652,0.286
CA_39032,69,2024-10-30,0.604,2.008,0.308
CA_39032,69,2024-10-31,0.602,1.882,0.33
CA_39032,69,2024-11-01,0.56,1.611,0.353
CA_39032,69,2024-11-02,0.61,1.601,0.375
CA_39032,69,2024-11-03,0.685,1.704,0.395
CA_39032,69,2024-11-04,0.788,1.9,0.411
CA_39032,69,2024-11-05,0.822,1.933,0.425
CA_39032,69,2024-11-06,0.868,1.999,0.436
CA_39032,69,2024-11-07,0.864,1.95,0.443
CA_39032,69,2024-11-08,0.896,1.982,0.451
CA_39032,69,2024-11-09,0.85,1.851,0.459
CA_39032,69,2024-11-10,0.854,1.835,0.467
CA_39032,69,2024-11-11,0.825,1.753,0.472
CA_39032,69,2024-11-12,0.799,1.687,0.475
CA_39032,69,2024-11-13,0.768,1.622,0.474
CA_39032,69,2024-11-14,0.772,1.638,0.471
CA_39032,69,2024-11-15,0.734,1.573,0.466
CA_39032,69,2024-11-16,0.696,1.507,0.46
CA_39032,69,2024-11-17,0.708,1.556,0.455
CA_39032,69,2024-11-18,0.647,1.442,0.449
CA_39032,69,2024-11-19,0.622,1.409,0.442
CA_39032,69,2024-11-20,0.599,1.376,0.434
CA_39032,69,2024-11-21,0.641,1.507,0.424
CA_39032,69,2024-11-22,0.536,1.294,0.413
CA_39032,69,2024-11-23,0.611,1.54,0.401
CA_39032,69,2024-11-24,0.637,1.655,0.389
CA_39032,69,2024-11-25,0.608,1.605,0.377
CA_39032,69,2024-11-26,0.508,1.376,0.365
CA_39032,69,2024-11-27,0.485,1.343,0.352
CA_39032,69,2024-11-28,0.324,0.934,0.34
CA_39032,69,2024-11-29,0.242,0.74,0.328
CA_39032,69,2024-11-30,0.228,0.721,0.316
CA_39032,69,2024-12-01,0.214,0.7,0.303
CA_39032,69,2024-12-02,0.179,0.609,0.291
CA_39032,69,2024-12-03,0.185,0.659,0.279
CA_39032,69,2024-12-04,0.214,0.824,0.267
CA_39032,69,2024-12-05,0.283,1.007,0.277
CA_39032,69,2024-12-06,0.332,1.08,0.308
CA_39032,69,2024-12-07,0.391,1.154,0.362
CA_39032,69,2024-12-08,0.43,1.117,0.438
CA_39032,69,2024-12-09,0.44,0.897,0.536
CA_39032,69,2024-12-10,0.486,0.769,0.634
CA_39032,69,2024-12-11,0.491,0.678,0.732
CA_39032,69,2024-12-12,0.581,0.696,0.83
CA_39032,69,2024-12-13,0.761,0.824,0.907
CA_39032,69,2024-12-14,0.834,0.861,0.963
CA_39032,69,2024-12-15,1.012,1.007,0.997
CA_39032,69,2024-12-16,1.329,1.318,1.011
CA_39032,69,2024-12-17,1.304,1.3,1.003
CA_39032,69,2024-12-18,1.259,1.263,0.996
CA_39032,69,2024-12-19,1.431,1.447,0.988
CA_39032,69,2024-12-20,1.383,1.41,0.981
CA_39032,69,2024-12-21,1.052,1.08,0.973
CA_39032,69,2024-12-22,1.029,1.062,0.966
CA_39032,69,2024-12-23,1.021,1.062,0.958
CA_39032,69,2024-12-24,0.836,0.879,0.951
CA_39032,69,2024-12-25,0.706,0.751,0.943
CA_39032,69,2024-12-26,0.754,0.806,0.936
CA_39032,69,2024-12-27,0.816,0.879,0.928
CA_39032,69,2024-12-28,0.742,0.806,0.921
CA_39032,69,2024-12-29,0.703,0.769,0.913
CA_39032,69,2024-12-30,0.687,0.755,0.91
CA_39032,69,2024-12-31,0.72,0.793,0.906
CA_39770,69,2024-01-01,0.678,0.995,0.682
CA_39770,69,2024-01-02,0.311,0.452,0.688
CA_39770,69,2024-01-03,0.691,0.995,0.695
CA_39770,69,2024-01-04,1.395,1.99,0.701
CA_39770,69,2024-01-05,0.896,1.266,0.707
CA_39770,69,2024-01-06,0.839,1.176,0.714
CA_39770,69,2024-01-07,1.172,1.628,0.72
CA_39770,69,2024-01-08,0.854,1.176,0.726
CA_39770,69,2024-01-09,0.795,1.086,0.733
CA_39770,69,2024-01-10,1.07,1.447,0.739
CA_39770,69,2024-01-11,1.214,1.628,0.745
CA_39770,69,2024-01-12,0.748,0.995,0.752
CA_39770,69,2024-01-13,0.686,0.905,0.758
CA_39770,69,2024-01-14,0.968,1.266,0.765
CA_39770,69,2024-01-15,0.628,0.814,0.771
CA_39770,69,2024-01-16,0.773,0.995,0.777
CA_39770,69,2024-01-17,0.78,0.995,0.784
CA_39770,69,2024-01-18,0.715,0.905,0.79
CA_39770,69,2024-01-19,0.865,1.086,0.796
CA_39770,69,2024-01-20,1.089,1.357,0.803
CA_39770,69,2024-01-21,1.098,1.357,0.809
CA_39770,69,2024-01-22,0.664,0.814,0.815
CA_39770,69,2024-01-23,1.115,1.357,0.822
CA_39770,69,2024-01-24,0.674,0.814,0.828
CA_39770,69,2024-01-25,1.208,1.447,0.835
CA_39770,69,2024-01-26,0.913,1.086,0.841
CA_39770,69,2024-01-27,0.92,1.086,0.847
CA_39770,69,2024-01-28,1.236,1.447,0.854
CA_39770,69,2024-01-29,1.4,1.628,0.86
CA_39770,69,2024-01-30,1.568,1.809,0.866
CA_39770,69,2024-01-31,1.974,2.262,0.873
CA_39770,69,2024-02-01,1.213,1.38,0.879
CA_39770,69,2024-02-02,1.385,1.564,0.886
CA_39770,69,2024-02-03,1.231,1.38,0.892
CA_39770,69,2024-02-04,1.405,1.564,0.898
CA_39770,69,2024-02-05,1.415,1.564,0.905
CA_39770,69,2024-02-06,1.089,1.196,0.911
CA_39770,69,2024-02-07,1.181,1.288,0.917
CA_39770,69,2024-02-08,1.105,1.196,0.924
CA_39770,69,2024-02-09,1.454,1.564,0.93
CA_39770,69,2024-02-10,1.464,1.564,0.936
CA_39770,69,2024-02-11,1.561,1.656,0.943
CA_39770,69,2024-02-12,1.511,1.656,0.913
CA_39770,69,2024-02-13,1.298,1.472,0.882
CA_39770,69,2024-02-14,1.332,1.564,0.852
CA_39770,69,2024-02-15,1.285,1.564,0.822
CA_39770,69,2024-02-16,1.164,1.472,0.791
CA_39770,69,2024-02-17,0.77,1.012,0.761
CA_39770,69,2024-02-18,1.277,1.748,0.731
CA_39770,69,2024-02-19,2.061,2.943,0.7
CA_39770,69,2024-02-20,1.436,1.932,0.743
CA_39770,69,2024-02-21,1.447,1.84,0.786
CA_39770,69,2024-02-22,1.679,2.024,0.83
CA_39770,69,2024-02-23,1.686,1.932,0.873
CA_39770,69,2024-02-24,1.516,1.656,0.916
CA_39770,69,2024-02-25,1.764,1.84,0.959
CA_39770,69,2024-02-26,2.028,2.024,1.002
CA_39770,69,2024-02-27,2.211,2.116,1.045
CA_39770,69,2024-02-28,2.385,2.3,1.037
CA_39770,69,2024-02-29,2.366,2.3,1.029
CA_39770,69,2024-03-01,2.284,2.238,1.021
CA_39770,69,2024-03-02,2.549,2.518,1.012
CA_39770,69,2024-03-03,1.686,1.679,1.004
CA_39770,69,2024-03-04,1.858,1.865,0.996
CA_39770,69,2024-03-05,1.935,1.958,0.988
CA_39770,69,2024-03-06,2.01,2.052,0.98
CA_39770,69,2024-03-07,2.265,2.331,0.972
CA_39770,69,2024-03-08,2.426,2.518,0.963
CA_39770,69,2024-03-09,2.405,2.518,0.955
CA_39770,69,2024-03-10,2.473,2.611,0.947
CA_39770,69,2024-03-11,2.539,2.704,0.939
CA_39770,69,2024-03-12,1.736,1.865,0.931
CA_39770,69,2024-03-13,3.097,3.357,0.922
CA_39770,69,2024-03-14,4.177,4.57,0.914
CA_39770,69,2024-03-15,3.67,4.01,0.915
CA_39770,69,2024-03-16,3.504,3.823,0.916
CA_39770,69,2024-03-17,3.422,3.73,0.917
CA_39770,69,2024-03-18,2.998,3.264,0.919
CA_39770,69,2024-03-19,3.345,3.637,0.92
CA_39770,69,2024-03-20,4.035,4.383,0.921
CA_39770,69,2024-03-21,3.524,3.823,0.922
CA_39770,69,2024-03-22,3.357,3.637,0.923
CA_39770,69,2024-03-23,2.376,2.518,0.943
CA_39770,69,2024-03-24,2.877,2.984,0.964
CA_39770,69,2024-03-25,3.122,3.171,0.985
CA_39770,69,2024-03-26,3.656,3.637,1.005
CA_39770,69,2024-03-27,2.87,2.798,1.026
CA_39770,69,2024-03-28,3.122,2.984,1.046
CA_39770,69,2024-03-29,2.885,2.704,1.067
CA_39770,69,2024-03-30,3.346,3.077,1.087
CA_39770,69,2024-03-31,3.319,3.077,1.079
CA_39770,69,2024-04-01,4.357,4.073,1.07
CA_39770,69,2024-04-02,4.222,3.98,1.061
CA_39770,69,2024-04-03,4.966,4.721,1.052
CA_39770,69,2024-04-04,2.221,2.129,1.043
CA_39770,69,2024-04-05,2.298,2.222,1.034
CA_39770,69,2024-04-06,3.417,3.332,1.025
CA_39770,69,2024-04-07,3.952,3.888,1.017
CA_39770,69,2024-04-08,4.744,4.628,1.025
CA_39770,69,2024-04-09,4.113,3.98,1.033
CA_39770,69,2024-04-10,4.724,4.536,1.042
CA_39770,69,2024-04-11,4.762,4.536,1.05
CA_39770,69,2024-04-12,5.584,5.276,1.058
CA_39770,69,2024-04-13,1.679,1.574,1.067
CA_39770,69,2024-04-14,2.488,2.314,1.075
CA_39770,69,2024-04-15,3.51,3.24,1.083
CA_39770,69,2024-04-16,4.186,3.888,1.077
CA_39770,69,2024-04-17,4.655,4.351,1.07
CA_39770,69,2024-04-18,4.527,4.258,1.063
CA_39770,69,2024-04-19,5.476,5.184,1.056
CA_39770,69,2024-04-20,5.926,5.646,1.05
CA_39770,69,2024-04-21,5.502,5.276,1.043
CA_39770,69,2024-04-22,5.85,5.646,1.036
CA_39770,69,2024-04-23,4.668,4.536,1.029
CA_39770,69,2024-04-24,4.174,4.165,1.002
CA_39770,69,2024-04-25,5.145,5.276,0.975
CA_39770,69,2024-04-26,4.388,4.628,0.948
CA_39770,69,2024-04-27,4.774,5.184,0.921
CA_39770,69,2024-04-28,5.214,5.832,0.894
CA_39770,69,2024-04-29,5.618,6.479,0.867
CA_39770,69,2024-04-30,5.209,6.202,0.84
CA_39770,69,2024-05-01,5.84,7.183,0.813
CA_39770,69,2024-05-02,5.353,6.547,0.818
CA_39770,69,2024-05-03,5.009,6.092,0.822
CA_39770,69,2024-05-04,1.428,1.728,0.827
CA_39770,69,2024-05-05,3.705,4.455,0.831
CA_39770,69,2024-05-06,3.953,4.728,0.836
CA_39770,69,2024-05-07,4.51,5.365,0.841
CA_39770,69,2024-05-08,5.381,6.365,0.845
CA_39770,69,2024-05-09,5.024,5.91,0.85
CA_39770,69,2024-05-10,5.547,6.638,0.836
CA_39770,69,2024-05-11,5.527,6.729,0.821
CA_39770,69,2024-05-12,5.725,7.092,0.807
CA_39770,69,2024-05-13,5.767,7.274,0.793
CA_39770,69,2024-05-14,5.876,7.547,0.779
CA_39770,69,2024-05-15,5.977,7.82,0.764
CA_39770,69,2024-05-16,5.388,7.183,0.75
CA_39770,69,2024-05-17,4.683,6.365,0.736
CA_39770,69,2024-05-18,4.194,6.092,0.689
CA_39770,69,2024-05-19,3.965,6.183,0.641
CA_39770,69,2024-05-20,4.105,6.91,0.594
CA_39770,69,2024-05-21,4.027,7.365,0.547
CA_39770,69,2024-05-22,3.724,7.456,0.5
CA_39770,69,2024-05-23,3.208,7.092,0.452
CA_39770,69,2024-05-24,2.652,6.547,0.405
CA_39770,69,2024-05-25,2.05,5.728,0.358
CA_39770,69,2024-05-26,2.072,6.092,0.34
CA_39770,69,2024-05-27,2.139,6.638,0.322
CA_39770,69,2024-05-28,2.243,7.365,0.305
CA_39770,69,2024-05-29,2.243,7.82,0.287
CA_39770,69,2024-05-30,2.104,7.82,0.269
CA_39770,69,2024-05-31,2.056,8.183,0.251
CA_39770,69,2024-06-01,1.732,7.416,0.234
CA_39770,69,2024-06-02,1.582,7.329,0.216
CA_39770,69,2024-06-03,1.357,6.369,0.213
CA_39770,69,2024-06-04,1.669,7.94,0.21
CA_39770,69,2024-06-05,1.611,7.765,0.207
CA_39770,69,2024-06-06,1.803,8.812,0.205
CA_39770,69,2024-06-07,1.585,7.853,0.202
CA_39770,69,2024-06-08,1.32,6.631,0.199
CA_39770,69,2024-06-09,1.421,7.242,0.196
CA_39770,69,2024-06-10,1.469,7.591,0.193
CA_39770,69,2024-06-11,1.639,6.457,0.254
CA_39770,69,2024-06-12,1.68,6.544,0.256
CA_39770,69,2024-06-13,1.684,6.422,0.262
CA_39770,69,2024-06-14,1.739,6.509,0.268
CA_39770,69,2024-06-15,1.742,6.387,0.273
CA_39770,69,2024-06-16,1.691,6.073,0.279
CA_39770,69,2024-06-17,1.674,5.881,0.285
CA_39770,69,2024-06-18,1.797,6.177,0.29
CA_39770,69,2024-06-19,1.973,6.771,0.292
CA_39770,69,2024-06-20,2.108,7.347,0.288
CA_39770,69,2024-06-21,2.245,8.062,0.281
CA_39770,69,2024-06-22,2.28,8.516,0.268
CA_39770,69,2024-06-23,2.19,8.673,0.252
CA_39770,69,2024-06-24,2.065,8.778,0.235
CA_39770,69,2024-06-25,1.892,8.638,0.219
CA_39770,69,2024-06-26,1.728,8.568,0.202
CA_39770,69,2024-06-27,1.714,8.708,0.197
CA_39770,69,2024-06-28,1.729,8.568,0.203
CA_39770,69,2024-06-29,1.736,8.033,0.22
CA_39770,69,2024-06-30,1.858,7.691,0.249
CA_39770,69,2024-07-01,2.069,7.31,0.289
CA_39770,69,2024-07-02,2.275,6.945,0.329
CA_39770,69,2024-07-03,2.51,6.792,0.368
CA_39770,69,2024-07-04,2.783,6.809,0.408
CA_39770,69,2024-07-05,3.026,6.842,0.443
CA_39770,69,2024-07-06,3.205,6.792,0.472
CA_39770,69,2024-07-07,3.325,6.692,0.497
CA_39770,69,2024-07-08,3.429,6.642,0.516
CA_39770,69,2024-07-09,3.553,6.692,0.531
CA_39770,69,2024-07-10,3.695,6.776,0.545
CA_39770,69,2024-07-11,3.838,6.859,0.559
CA_39770,69,2024-07-12,4.031,7.025,0.573
CA_39770,69,2024-07-13,4.181,7.108,0.588
CA_39770,69,2024-07-14,4.237,7.025,0.603
CA_39770,69,2024-07-15,4.309,6.959,0.62
CA_39770,69,2024-07-16,4.274,6.726,0.637
CA_39770,69,2024-07-17,4.222,6.459,0.655
CA_39770,69,2024-07-18,4.241,6.309,0.673
CA_39770,69,2024-07-19,4.395,6.359,0.691
CA_39770,69,2024-07-20,4.676,6.576,0.709
CA_39770,69,2024-07-21,5.24,7.175,0.727
CA_39770,69,2024-07-22,5.507,7.375,0.745
CA_39770,69,2024-07-23,5.702,7.474,0.763
CA_39770,69,2024-07-24,5.857,7.508,0.782
CA_39770,69,2024-07-25,6.046,7.558,0.801
CA_39770,69,2024-07-26,6.157,7.491,0.82
CA_39770,69,2024-07-27,6.494,7.724,0.838
CA_39770,69,2024-07-28,6.681,7.791,0.857
CA_39770,69,2024-07-29,6.781,7.774,0.874
CA_39770,69,2024-07-30,6.552,7.397,0.888
CA_39770,69,2024-07-31,6.26,6.969,0.9
CA_39770,69,2024-08-01,6.214,6.836,0.909
CA_39770,69,2024-08-02,6.205,6.773,0.916
CA_39770,69,2024-08-03,5.981,6.483,0.923
CA_39770,69,2024-08-04,6.009,6.466,0.93
CA_39770,69,2024-08-05,6.054,6.466,0.937
CA_39770,69,2024-08-06,5.95,6.304,0.944
CA_39770,69,2024-08-07,5.87,6.173,0.951
CA_39770,69,2024-08-08,5.938,6.206,0.957
CA_39770,69,2024-08-09,5.899,6.124,0.964
CA_39770,69,2024-08-10,5.845,6.027,0.97
CA_39770,69,2024-08-11,5.792,5.929,0.977
CA_39770,69,2024-08-12,5.88,5.978,0.983
CA_39770,69,2024-08-13,5.999,6.059,0.99
CA_39770,69,2024-08-14,6.078,6.124,0.992
CA_39770,69,2024-08-15,6.053,6.108,0.991
CA_39770,69,2024-08-16,5.909,5.994,0.985
CA_39770,69,2024-08-17,5.71,5.848,0.976
CA_39770,69,2024-08-18,5.645,5.864,0.963
CA_39770,69,2024-08-19,5.58,5.88,0.949
CA_39770,69,2024-08-20,5.516,5.896,0.936
CA_39770,69,2024-08-21,5.543,6.01,0.923
CA_39770,69,2024-08-22,5.748,6.303,0.912
CA_39770,69,2024-08-23,5.748,6.352,0.905
CA_39770,69,2024-08-24,5.487,6.092,0.901
CA_39770,69,2024-08-25,5.289,5.88,0.9
CA_39770,69,2024-08-26,5.08,5.635,0.902
CA_39770,69,2024-08-27,4.887,5.407,0.904
CA_39770,69,2024-08-28,4.855,5.359,0.906
CA_39770,69,2024-08-29,5.027,5.538,0.908
CA_39770,69,2024-08-30,5.137,5.647,0.91
CA_39770,69,2024-08-31,5.248,5.756,0.912
CA_39770,69,2024-09-01,5.197,5.686,0.914
CA_39770,69,2024-09-02,4.95,5.403,0.916
CA_39770,69,2024-09-03,4.854,5.283,0.919
CA_39770,69,2024-09-04,4.867,5.283,0.921
CA_39770,69,2024-09-05,4.774,5.168,0.924
CA_39770,69,2024-09-06,4.711,5.086,0.926
CA_39770,69,2024-09-07,4.887,5.267,0.928
CA_39770,69,2024-09-08,4.998,5.382,0.929
CA_39770,69,2024-09-09,4.997,5.382,0.929
CA_39770,69,2024-09-10,4.87,5.25,0.928
CA_39770,69,2024-09-11,4.481,4.839,0.926
CA_39770,69,2024-09-12,4.122,4.46,0.924
CA_39770,69,2024-09-13,3.87,4.197,0.922
CA_39770,69,2024-09-14,3.755,4.081,0.92
CA_39770,69,2024-09-15,3.935,4.279,0.919
CA_39770,69,2024-09-16,4.182,4.542,0.92
CA_39770,69,2024-09-17,4.742,5.135,0.923
CA_39770,69,2024-09-18,4.805,5.184,0.927
CA_39770,69,2024-09-19,4.954,5.316,0.932
CA_39770,69,2024-09-20,4.841,5.168,0.937
CA_39770,69,2024-09-21,4.973,5.283,0.942
CA_39770,69,2024-09-22,4.503,4.756,0.947
CA_39770,69,2024-09-23,4.301,4.592,0.934
CA_39770,69,2024-09-24,3.963,4.378,0.904
CA_39770,69,2024-09-25,3.822,4.493,0.855
CA_39770,69,2024-09-26,3.52,4.542,0.789
CA_39770,69,2024-09-27,3.234,4.641,0.705
CA_39770,69,2024-09-28,3.02,4.872,0.621
CA_39770,69,2024-09-29,2.653,4.889,0.537
CA_39770,69,2024-09-30,2.166,4.708,0.453
CA_39770,69,2024-10-01,1.645,4.116,0.387
CA_39770,69,2024-10-02,1.35,3.861,0.338
CA_39770,69,2024-10-03,1.133,3.643,0.307
CA_39770,69,2024-10-04,1.043,3.541,0.294
CA_39770,69,2024-10-05,1.015,3.387,0.299
CA_39770,69,2024-10-06,1.074,3.541,0.304
CA_39770,69,2024-10-07,1.116,3.626,0.308
CA_39770,69,2024-10-08,1.107,3.541,0.313
CA_39770,69,2024-10-09,1.047,3.301,0.318
CA_39770,69,2024-10-10,1.046,3.25,0.322
CA_39770,69,2024-10-11,1.061,3.25,0.327
CA_39770,69,2024-10-12,0.95,2.874,0.331
CA_39770,69,2024-10-13,0.901,2.685,0.336
CA_39770,69,2024-10-14,0.854,2.514,0.341
CA_39770,69,2024-10-15,0.79,2.292,0.345
CA_39770,69,2024-10-16,0.805,2.292,0.35
CA_39770,69,2024-10-17,0.886,2.531,0.35
CA_39770,69,2024-10-18,0.892,2.583,0.346
CA_39770,69,2024-10-19,0.915,2.72,0.336
CA_39770,69,2024-10-20,0.925,2.856,0.323
CA_39770,69,2024-10-21,0.909,3.01,0.304
CA_39770,69,2024-10-22,0.841,2.959,0.286
CA_39770,69,2024-10-23,0.755,2.805,0.267
CA_39770,69,2024-10-24,0.71,2.822,0.249
CA_39770,69,2024-10-25,0.594,2.48,0.233
CA_39770,69,2024-10-26,0.419,1.865,0.219
CA_39770,69,2024-10-27,0.358,1.711,0.207
CA_39770,69,2024-10-28,0.324,1.625,0.198
CA_39770,69,2024-10-29,0.271,1.437,0.191
CA_39770,69,2024-10-30,0.282,1.551,0.184
CA_39770,69,2024-10-31,0.307,1.733,0.177
CA_39770,69,2024-11-01,0.289,1.709,0.169
CA_39770,69,2024-11-02,0.293,1.754,0.167
CA_39770,69,2024-11-03,0.307,1.799,0.17
CA_39770,69,2024-11-04,0.323,1.815,0.177
CA_39770,69,2024-11-05,0.336,1.782,0.19
CA_39770,69,2024-11-06,0.351,1.715,0.207
CA_39770,69,2024-11-07,0.382,1.715,0.224
CA_39770,69,2024-11-08,0.393,1.631,0.241
CA_39770,69,2024-11-09,0.438,1.681,0.259
CA_39770,69,2024-11-10,0.492,1.782,0.274
CA_39770,69,2024-11-11,0.508,1.765,0.288
CA_39770,69,2024-11-12,0.498,1.664,0.3
CA_39770,69,2024-11-13,0.532,1.715,0.311
CA_39770,69,2024-11-14,0.55,1.715,0.32
CA_39770,69,2024-11-15,0.539,1.631,0.33
CA_39770,69,2024-11-16,0.63,1.849,0.339
CA_39770,69,2024-11-17,0.759,2.169,0.348
CA_39770,69,2024-11-18,0.669,1.883,0.357
CA_39770,69,2024-11-19,0.59,1.631,0.366
CA_39770,69,2024-11-20,0.552,1.496,0.375
CA_39770,69,2024-11-21,0.473,1.244,0.384
CA_39770,69,2024-11-22,0.347,0.874,0.394
CA_39770,69,2024-11-23,0.401,0.992,0.403
CA_39770,69,2024-11-24,0.415,1.009,0.412
CA_39770,69,2024-11-25,0.438,1.043,0.421
CA_39770,69,2024-11-26,0.389,0.908,0.43
CA_39770,69,2024-11-27,0.367,0.841,0.438
CA_39770,69,2024-11-28,0.368,0.824,0.447
CA_39770,69,2024-11-29,0.429,0.939,0.455
CA_39770,69,2024-11-30,0.545,1.164,0.463
CA_39770,69,2024-12-01,0.569,1.205,0.47
CA_39770,69,2024-12-02,0.639,1.337,0.478
CA_39770,69,2024-12-03,0.643,1.329,0.486
CA_39770,69,2024-12-04,0.626,1.276,0.494
CA_39770,69,2024-12-05,0.506,1.01,0.501
CA_39770,69,2024-12-06,0.559,1.099,0.509
CA_39770,69,2024-12-07,0.541,1.045,0.517
CA_39770,69,2024-12-08,0.548,1.045,0.525
CA_39770,69,2024-12-09,0.489,0.921,0.532
CA_39770,69,2024-12-10,0.515,0.957,0.54
CA_39770,69,2024-12-11,0.505,0.921,0.548
CA_39770,69,2024-12-12,0.523,0.939,0.556
CA_39770,69,2024-12-13,0.459,0.815,0.563
CA_39770,69,2024-12-14,0.484,0.851,0.571
CA_39770,69,2024-12-15,0.492,0.851,0.579
CA_39770,69,2024-12-16,0.479,0.815,0.587
CA_39770,69,2024-12-17,0.466,0.78,0.594
CA_39770,69,2024-12-18,0.577,0.957,0.602
CA_39770,69,2024-12-19,0.627,1.028,0.61
CA_39770,69,2024-12-20,0.635,1.028,0.618
CA_39770,69,2024-12-21,0.608,0.975,0.625
CA_39770,69,2024-12-22,0.616,0.975,0.633
CA_39770,69,2024-12-23,0.601,0.939,0.641
CA_39770,69,2024-12-24,0.586,0.904,0.649
CA_39770,69,2024-12-25,0.559,0.851,0.656
CA_39770,69,2024-12-26,0.612,0.922,0.664
CA_39770,69,2024-12-27,0.631,0.939,0.672
CA_39770,69,2024-12-28,0.632,0.921,0.686
CA_39770,69,2024-12-29,0.541,0.78,0.706
CA_39770,69,2024-12-30,0.543,0.775,0.714
CA_39770,69,2024-12-31,0.503,0.709,0.726
CA_40009,69,2024-01-01,0.823,0.97,0.848
CA_40009,69,2024-01-02,0.366,0.431,0.849
CA_40009,69,2024-01-03,0.732,0.862,0.849
CA_40009,69,2024-01-04,1.466,1.724,0.85
CA_40009,69,2024-01-05,1.008,1.185,0.851
CA_40009,69,2024-01-06,0.917,1.078,0.851
CA_40009,69,2024-01-07,1.285,1.509,0.852
CA_40009,69,2024-01-08,0.827,0.97,0.853
CA_40009,69,2024-01-09,1.011,1.185,0.853
CA_40009,69,2024-01-10,1.104,1.293,0.854
CA_40009,69,2024-01-11,1.289,1.509,0.854
CA_40009,69,2024-01-12,0.737,0.862,0.855
CA_40009,69,2024-01-13,0.738,0.862,0.856
CA_40009,69,2024-01-14,1.015,1.185,0.856
CA_40009,69,2024-01-15,0.739,0.862,0.857
CA_40009,69,2024-01-16,0.832,0.97,0.858
CA_40009,69,2024-01-17,0.832,0.97,0.858
CA_40009,69,2024-01-18,0.833,0.97,0.859
CA_40009,69,2024-01-19,0.741,0.862,0.859
CA_40009,69,2024-01-20,1.02,1.185,0.86
CA_40009,69,2024-01-21,1.113,1.293,0.861
CA_40009,69,2024-01-22,0.65,0.754,0.861
CA_40009,69,2024-01-23,1.208,1.401,0.862
CA_40009,69,2024-01-24,0.651,0.754,0.863
CA_40009,69,2024-01-25,1.209,1.401,0.863
CA_40009,69,2024-01-26,0.931,1.078,0.864
CA_40009,69,2024-01-27,0.838,0.97,0.865
CA_40009,69,2024-01-28,1.212,1.401,0.865
CA_40009,69,2024-01-29,1.399,1.616,0.866
CA_40009,69,2024-01-30,1.4,1.616,0.866
CA_40009,69,2024-01-31,1.682,1.94,0.867
CA_40009,69,2024-02-01,1.167,1.345,0.868
CA_40009,69,2024-02-02,1.258,1.449,0.868
CA_40009,69,2024-02-03,1.169,1.345,0.869
CA_40009,69,2024-02-04,1.26,1.449,0.87
CA_40009,69,2024-02-05,0.991,1.138,0.87
CA_40009,69,2024-02-06,0.991,1.138,0.871
CA_40009,69,2024-02-07,0.992,1.138,0.871
CA_40009,69,2024-02-08,0.993,1.138,0.872
CA_40009,69,2024-02-09,1.355,1.552,0.873
CA_40009,69,2024-02-10,1.356,1.552,0.873
CA_40009,69,2024-02-11,1.447,1.656,0.874
CA_40009,69,2024-02-12,1.352,1.552,0.871
CA_40009,69,2024-02-13,1.257,1.449,0.867
CA_40009,69,2024-02-14,1.252,1.449,0.864
CA_40009,69,2024-02-15,1.426,1.656,0.861
CA_40009,69,2024-02-16,1.243,1.449,0.858
CA_40009,69,2024-02-17,0.708,0.828,0.855
CA_40009,69,2024-02-18,1.498,1.759,0.851
CA_40009,69,2024-02-19,2.194,2.587,0.848
CA_40009,69,2024-02-20,1.639,1.863,0.88
CA_40009,69,2024-02-21,1.698,1.863,0.912
CA_40009,69,2024-02-22,2.05,2.173,0.943
CA_40009,69,2024-02-23,2.018,2.07,0.975
CA_40009,69,2024-02-24,1.667,1.656,1.007
CA_40009,69,2024-02-25,1.934,1.863,1.038
CA_40009,69,2024-02-26,2.325,2.173,1.07
CA_40009,69,2024-02-27,2.508,2.277,1.102
CA_40009,69,2024-02-28,2.482,2.277,1.09
CA_40009,69,2024-02-29,2.345,2.173,1.079
CA_40009,69,2024-03-01,1.681,1.574,1.068
CA_40009,69,2024-03-02,2.183,2.065,1.057
CA_40009,69,2024-03-03,1.645,1.574,1.046
CA_40009,69,2024-03-04,1.729,1.672,1.034
CA_40009,69,2024-03-05,2.013,1.967,1.023
CA_40009,69,2024-03-06,2.09,2.065,1.012
CA_40009,69,2024-03-07,2.165,2.164,1.001
CA_40009,69,2024-03-08,2.336,2.36,0.99
CA_40009,69,2024-03-09,2.405,2.459,0.978
CA_40009,69,2024-03-10,2.473,2.557,0.967
CA_40009,69,2024-03-11,2.444,2.557,0.956
CA_40009,69,2024-03-12,1.487,1.574,0.945
CA_40009,69,2024-03-13,2.846,3.049,0.933
CA_40009,69,2024-03-14,3.81,4.131,0.922
CA_40009,69,2024-03-15,3.362,3.639,0.924
CA_40009,69,2024-03-16,3.276,3.541,0.925
CA_40009,69,2024-03-17,3.282,3.541,0.927
CA_40009,69,2024-03-18,3.014,3.246,0.929
CA_40009,69,2024-03-19,3.293,3.541,0.93
CA_40009,69,2024-03-20,3.848,4.131,0.932
CA_40009,69,2024-03-21,3.58,3.836,0.933
CA_40009,69,2024-03-22,2.942,3.147,0.935
CA_40009,69,2024-03-23,2.113,2.262,0.934
CA_40009,69,2024-03-24,2.754,2.95,0.933
CA_40009,69,2024-03-25,2.844,3.049,0.933
CA_40009,69,2024-03-26,3.208,3.442,0.932
CA_40009,69,2024-03-27,2.29,2.459,0.931
CA_40009,69,2024-03-28,2.563,2.754,0.931
CA_40009,69,2024-03-29,2.104,2.262,0.93
CA_40009,69,2024-03-30,2.559,2.754,0.929
CA_40009,69,2024-03-31,2.787,2.95,0.945
CA_40009,69,2024-04-01,3.76,3.918,0.96
CA_40009,69,2024-04-02,3.727,3.822,0.975
CA_40009,69,2024-04-03,4.258,4.3,0.99
CA_40009,69,2024-04-04,1.633,1.624,1.006
CA_40009,69,2024-04-05,2.146,2.102,1.021
CA_40009,69,2024-04-06,3.366,3.249,1.036
CA_40009,69,2024-04-07,4.018,3.822,1.051
CA_40009,69,2024-04-08,4.348,4.204,1.034
CA_40009,69,2024-04-09,3.985,3.918,1.017
CA_40009,69,2024-04-10,4.3,4.3,1.0
CA_40009,69,2024-04-11,4.321,4.396,0.983
CA_40009,69,2024-04-12,3.969,4.109,0.966
CA_40009,69,2024-04-13,1.088,1.147,0.949
CA_40009,69,2024-04-14,2.137,2.293,0.932
CA_40009,69,2024-04-15,2.622,2.867,0.915
CA_40009,69,2024-04-16,3.173,3.536,0.898
CA_40009,69,2024-04-17,3.702,4.204,0.881
CA_40009,69,2024-04-18,3.63,4.204,0.863
CA_40009,69,2024-04-19,4.125,4.873,0.846
CA_40009,69,2024-04-20,4.358,5.256,0.829
CA_40009,69,2024-04-21,4.191,5.16,0.812
CA_40009,69,2024-04-22,4.027,5.064,0.795
CA_40009,69,2024-04-23,3.346,4.3,0.778
CA_40009,69,2024-04-24,3.094,3.918,0.79
CA_40009,69,2024-04-25,3.753,4.682,0.802
CA_40009,69,2024-04-26,3.187,3.918,0.813
CA_40009,69,2024-04-27,3.942,4.778,0.825
CA_40009,69,2024-04-28,4.638,5.542,0.837
CA_40009,69,2024-04-29,4.947,5.829,0.849
CA_40009,69,2024-04-30,4.933,5.733,0.86
CA_40009,69,2024-05-01,5.357,6.142,0.872
CA_40009,69,2024-05-02,5.184,5.863,0.884
CA_40009,69,2024-05-03,5.004,5.584,0.896
CA_40009,69,2024-05-04,1.268,1.396,0.908
CA_40009,69,2024-05-05,3.853,4.188,0.92
CA_40009,69,2024-05-06,4.25,4.56,0.932
CA_40009,69,2024-05-07,4.744,5.026,0.944
CA_40009,69,2024-05-08,5.783,6.049,0.956
CA_40009,69,2024-05-09,5.315,5.491,0.968
CA_40009,69,2024-05-10,6.104,6.328,0.964
CA_40009,69,2024-05-11,6.35,6.608,0.961
CA_40009,69,2024-05-12,6.417,6.701,0.958
CA_40009,69,2024-05-13,6.305,6.608,0.954
CA_40009,69,2024-05-14,6.371,6.701,0.951
CA_40009,69,2024-05-15,6.348,6.701,0.947
CA_40009,69,2024-05-16,5.886,6.235,0.944
CA_40009,69,2024-05-17,5.34,5.677,0.941
CA_40009,69,2024-05-18,5.06,5.584,0.906
CA_40009,69,2024-05-19,4.949,5.677,0.872
CA_40009,69,2024-05-20,5.377,6.422,0.837
CA_40009,69,2024-05-21,5.456,6.794,0.803
CA_40009,69,2024-05-22,5.15,6.701,0.769
CA_40009,69,2024-05-23,4.783,6.515,0.734
CA_40009,69,2024-05-24,3.908,5.584,0.7
CA_40009,69,2024-05-25,3.468,5.212,0.665
CA_40009,69,2024-05-26,4.084,5.956,0.686
CA_40009,69,2024-05-27,4.599,6.515,0.706
CA_40009,69,2024-05-28,4.799,6.608,0.726
CA_40009,69,2024-05-29,5.21,6.98,0.746
CA_40009,69,2024-05-30,5.566,7.259,0.767
CA_40009,69,2024-05-31,5.859,7.445,0.787
CA_40009,69,2024-06-01,5.386,6.673,0.807
CA_40009,69,2024-06-02,5.445,6.581,0.827
CA_40009,69,2024-06-03,4.895,5.85,0.837
CA_40009,69,2024-06-04,6.573,7.77,0.846
CA_40009,69,2024-06-05,6.41,7.495,0.855
CA_40009,69,2024-06-06,7.033,8.135,0.865
CA_40009,69,2024-06-07,6.07,6.947,0.874
CA_40009,69,2024-06-08,5.327,6.033,0.883
CA_40009,69,2024-06-09,5.628,6.307,0.892
CA_40009,69,2024-06-10,6.428,7.13,0.902
CA_40009,69,2024-06-11,2.904,6.284,0.462
CA_40009,69,2024-06-12,2.899,6.325,0.459
CA_40009,69,2024-06-13,2.788,6.179,0.451
CA_40009,69,2024-06-14,2.779,6.252,0.444
CA_40009,69,2024-06-15,2.701,6.179,0.437
CA_40009,69,2024-06-16,2.585,6.014,0.43
CA_40009,69,2024-06-17,2.523,5.978,0.422
CA_40009,69,2024-06-18,2.642,6.38,0.415
CA_40009,69,2024-06-19,2.89,6.929,0.417
CA_40009,69,2024-06-20,3.167,7.386,0.427
CA_40009,69,2024-06-21,3.571,7.971,0.445
CA_40009,69,2024-06-22,3.902,8.263,0.473
CA_40009,69,2024-06-23,4.196,8.281,0.508
CA_40009,69,2024-06-24,4.508,8.281,0.544
CA_40009,69,2024-06-25,4.762,8.208,0.58
CA_40009,69,2024-06-26,5.084,8.227,0.616
CA_40009,69,2024-06-27,5.427,8.355,0.649
CA_40009,69,2024-06-28,5.633,8.318,0.678
CA_40009,69,2024-06-29,5.568,7.93,0.704
CA_40009,69,2024-06-30,5.523,7.633,0.727
CA_40009,69,2024-07-01,5.441,7.316,0.746
CA_40009,69,2024-07-02,5.363,7.018,0.765
CA_40009,69,2024-07-03,5.343,6.812,0.784
CA_40009,69,2024-07-04,5.442,6.776,0.803
CA_40009,69,2024-07-05,5.473,6.794,0.806
CA_40009,69,2024-07-06,5.31,6.705,0.792
CA_40009,69,2024-07-07,5.041,6.617,0.761
CA_40009,69,2024-07-08,4.713,6.599,0.714
CA_40009,69,2024-07-09,4.341,6.688,0.651
CA_40009,69,2024-07-10,3.958,6.776,0.587
CA_40009,69,2024-07-11,3.598,6.936,0.523
CA_40009,69,2024-07-12,3.268,7.184,0.459
CA_40009,69,2024-07-13,2.988,7.291,0.412
CA_40009,69,2024-07-14,2.747,7.237,0.38
CA_40009,69,2024-07-15,2.603,7.149,0.365
CA_40009,69,2024-07-16,2.507,6.9,0.365
CA_40009,69,2024-07-17,2.547,6.688,0.382
CA_40009,69,2024-07-18,2.643,6.634,0.398
CA_40009,69,2024-07-19,2.794,6.723,0.415
CA_40009,69,2024-07-20,3.036,7.007,0.431
CA_40009,69,2024-07-21,3.403,7.486,0.452
CA_40009,69,2024-07-22,3.621,7.592,0.476
CA_40009,69,2024-07-23,3.815,7.592,0.504
CA_40009,69,2024-07-24,4.099,7.681,0.536
CA_40009,69,2024-07-25,4.399,7.699,0.572
CA_40009,69,2024-07-26,4.694,7.681,0.607
CA_40009,69,2024-07-27,5.141,7.947,0.643
CA_40009,69,2024-07-28,5.428,8.0,0.679
CA_40009,69,2024-07-29,5.506,7.876,0.701
CA_40009,69,2024-07-30,5.344,7.545,0.709
CA_40009,69,2024-07-31,5.077,7.212,0.703
CA_40009,69,2024-08-01,4.79,7.02,0.683
CA_40009,69,2024-08-02,4.53,6.989,0.649
CA_40009,69,2024-08-03,4.161,6.748,0.615
CA_40009,69,2024-08-04,3.896,6.66,0.582
CA_40009,69,2024-08-05,3.648,6.625,0.548
CA_40009,69,2024-08-06,3.373,6.449,0.523
CA_40009,69,2024-08-07,3.152,6.239,0.506
CA_40009,69,2024-08-08,3.098,6.221,0.498
CA_40009,69,2024-08-09,3.076,6.168,0.499
CA_40009,69,2024-08-10,3.093,6.08,0.509
CA_40009,69,2024-08-11,3.138,6.045,0.519
CA_40009,69,2024-08-12,3.272,6.186,0.528
CA_40009,69,2024-08-13,3.395,6.309,0.538
CA_40009,69,2024-08-14,3.481,6.344,0.549
CA_40009,69,2024-08-15,3.51,6.256,0.562
CA_40009,69,2024-08-16,3.489,6.063,0.577
CA_40009,69,2024-08-17,3.468,5.852,0.594
CA_40009,69,2024-08-18,3.573,5.834,0.612
CA_40009,69,2024-08-19,3.731,5.904,0.631
CA_40009,69,2024-08-20,3.887,5.975,0.649
CA_40009,69,2024-08-21,4.101,6.133,0.668
CA_40009,69,2024-08-22,4.386,6.414,0.683
CA_40009,69,2024-08-23,4.462,6.414,0.695
CA_40009,69,2024-08-24,4.331,6.15,0.704
CA_40009,69,2024-08-25,4.217,5.939,0.71
CA_40009,69,2024-08-26,4.082,5.729,0.713
CA_40009,69,2024-08-27,3.988,5.57,0.716
CA_40009,69,2024-08-28,3.992,5.553,0.719
CA_40009,69,2024-08-29,4.134,5.729,0.721
CA_40009,69,2024-08-30,4.181,5.824,0.718
CA_40009,69,2024-08-31,4.191,5.919,0.707
CA_40009,69,2024-09-01,3.945,5.696,0.691
CA_40009,69,2024-09-02,3.623,5.4,0.668
CA_40009,69,2024-09-03,3.37,5.265,0.638
CA_40009,69,2024-09-04,3.196,5.247,0.609
CA_40009,69,2024-09-05,2.979,5.157,0.579
CA_40009,69,2024-09-06,2.846,5.193,0.55
CA_40009,69,2024-09-07,2.82,5.426,0.521
CA_40009,69,2024-09-08,2.746,5.588,0.493
CA_40009,69,2024-09-09,2.582,5.552,0.466
CA_40009,69,2024-09-10,2.352,5.318,0.439
CA_40009,69,2024-09-11,2.08,4.941,0.414
CA_40009,69,2024-09-12,1.803,4.564,0.388
CA_40009,69,2024-09-13,1.565,4.294,0.363
CA_40009,69,2024-09-14,1.42,4.259,0.337
CA_40009,69,2024-09-15,1.408,4.546,0.315
CA_40009,69,2024-09-16,1.406,4.78,0.296
CA_40009,69,2024-09-17,1.46,5.229,0.28
CA_40009,69,2024-09-18,1.403,5.229,0.268
CA_40009,69,2024-09-19,1.357,5.229,0.259
CA_40009,69,2024-09-20,1.261,5.031,0.25
CA_40009,69,2024-09-21,1.232,5.085,0.241
CA_40009,69,2024-09-22,1.076,4.618,0.232
CA_40009,69,2024-09-23,0.988,4.384,0.223
CA_40009,69,2024-09-24,0.909,4.204,0.215
CA_40009,69,2024-09-25,0.885,4.276,0.207
CA_40009,69,2024-09-26,0.857,4.33,0.199
CA_40009,69,2024-09-27,0.856,4.492,0.192
CA_40009,69,2024-09-28,0.875,4.761,0.184
CA_40009,69,2024-09-29,0.855,4.84,0.176
CA_40009,69,2024-09-30,0.799,4.718,0.169
CA_40009,69,2024-10-01,0.704,4.155,0.173
CA_40009,69,2024-10-02,0.71,3.894,0.188
CA_40009,69,2024-10-03,0.78,3.693,0.215
CA_40009,69,2024-10-04,0.917,3.578,0.254
CA_40009,69,2024-10-05,1.08,3.443,0.304
CA_40009,69,2024-10-06,1.283,3.635,0.354
CA_40009,69,2024-10-07,1.452,3.635,0.404
CA_40009,69,2024-10-08,1.613,3.578,0.454
CA_40009,69,2024-10-09,1.659,3.405,0.488
CA_40009,69,2024-10-10,1.712,3.386,0.505
CA_40009,69,2024-10-11,1.687,3.328,0.506
CA_40009,69,2024-10-12,1.503,3.02,0.49
CA_40009,69,2024-10-13,1.282,2.751,0.457
CA_40009,69,2024-10-14,1.054,2.404,0.425
CA_40009,69,2024-10-15,0.838,2.097,0.393
CA_40009,69,2024-10-16,0.742,2.097,0.36
CA_40009,69,2024-10-17,0.759,2.327,0.333
CA_40009,69,2024-10-18,0.743,2.443,0.311
CA_40009,69,2024-10-19,0.798,2.731,0.294
CA_40009,69,2024-10-20,0.827,2.923,0.283
CA_40009,69,2024-10-21,0.829,3.0,0.277
CA_40009,69,2024-10-22,0.8,2.962,0.27
CA_40009,69,2024-10-23,0.735,2.77,0.264
CA_40009,69,2024-10-24,0.703,2.712,0.258
CA_40009,69,2024-10-25,0.602,2.347,0.256
CA_40009,69,2024-10-26,0.467,1.827,0.259
CA_40009,69,2024-10-27,0.442,1.673,0.267
CA_40009,69,2024-10-28,0.434,1.577,0.279
CA_40009,69,2024-10-29,0.432,1.443,0.295
CA_40009,69,2024-10-30,0.498,1.578,0.312
CA_40009,69,2024-10-31,0.587,1.79,0.328
CA_40009,69,2024-11-01,0.614,1.772,0.345
CA_40009,69,2024-11-02,0.654,1.828,0.358
CA_40009,69,2024-11-03,0.698,1.891,0.369
CA_40009,69,2024-11-04,0.713,1.891,0.377
CA_40009,69,2024-11-05,0.714,1.87,0.382
CA_40009,69,2024-11-06,0.702,1.83,0.384
CA_40009,69,2024-11-07,0.746,1.931,0.386
CA_40009,69,2024-11-08,0.726,1.87,0.388
CA_40009,69,2024-11-09,0.738,1.891,0.39
CA_40009,69,2024-11-10,0.765,1.992,0.385
CA_40009,69,2024-11-11,0.736,1.972,0.372
CA_40009,69,2024-11-12,0.658,1.85,0.352
CA_40009,69,2024-11-13,0.598,1.83,0.324
CA_40009,69,2024-11-14,0.53,1.83,0.288
CA_40009,69,2024-11-15,0.428,1.708,0.252
CA_40009,69,2024-11-16,0.391,1.85,0.217
CA_40009,69,2024-11-17,0.371,2.155,0.181
CA_40009,69,2024-11-18,0.295,1.89,0.163
CA_40009,69,2024-11-19,0.245,1.667,0.162
CA_40009,69,2024-11-20,0.24,1.545,0.179
CA_40009,69,2024-11-21,0.255,1.341,0.212
CA_40009,69,2024-11-22,0.262,0.935,0.264
CA_40009,69,2024-11-23,0.322,1.016,0.315
CA_40009,69,2024-11-24,0.364,1.016,0.366
CA_40009,69,2024-11-25,0.416,1.016,0.417
CA_40009,69,2024-11-26,0.406,0.894,0.458
CA_40009,69,2024-11-27,0.405,0.834,0.488
CA_40009,69,2024-11-28,0.423,0.834,0.507
CA_40009,69,2024-11-29,0.515,0.999,0.516
CA_40009,69,2024-11-30,0.636,1.24,0.514
CA_40009,69,2024-12-01,0.658,1.285,0.513
CA_40009,69,2024-12-02,0.716,1.4,0.511
CA_40009,69,2024-12-03,0.728,1.427,0.509
CA_40009,69,2024-12-04,0.69,1.357,0.508
CA_40009,69,2024-12-05,0.557,1.1,0.506
CA_40009,69,2024-12-06,0.591,1.17,0.505
CA_40009,69,2024-12-07,0.612,1.217,0.503
CA_40009,69,2024-12-08,0.575,1.147,0.501
CA_40009,69,2024-12-09,0.515,1.03,0.5
CA_40009,69,2024-12-10,0.525,1.053,0.498
CA_40009,69,2024-12-11,0.477,0.959,0.497
CA_40009,69,2024-12-12,0.451,0.913,0.495
CA_40009,69,2024-12-13,0.404,0.819,0.493
CA_40009,69,2024-12-14,0.392,0.796,0.492
CA_40009,69,2024-12-15,0.402,0.819,0.49
CA_40009,69,2024-12-16,0.412,0.842,0.488
CA_40009,69,2024-12-17,0.387,0.796,0.487
CA_40009,69,2024-12-18,0.454,0.936,0.485
CA_40009,69,2024-12-19,0.487,1.006,0.484
CA_40009,69,2024-12-20,0.452,0.936,0.483
CA_40009,69,2024-12-21,0.395,0.819,0.483
CA_40009,69,2024-12-22,0.385,0.796,0.484
CA_40009,69,2024-12-23,0.399,0.819,0.487
CA_40009,69,2024-12-24,0.413,0.842,0.49
CA_40009,69,2024-12-25,0.427,0.866,0.493
CA_40009,69,2024-12-26,0.487,0.983,0.496
CA_40009,69,2024-12-27,0.49,0.983,0.499
CA_40009,69,2024-12-28,0.485,0.959,0.506
CA_40009,69,2024-12-29,0.419,0.819,0.517
CA_40009,69,2024-12-30,0.408,0.79,0.521
CA_40009,69,2024-12-31,0.387,0.741,0.527
CA_41244,69,2024-01-01,1.016,0.952,1.066
CA_41244,69,2024-01-02,0.451,0.423,1.065
CA_41244,69,2024-01-03,0.901,0.847,1.064
CA_41244,69,2024-01-04,2.026,1.905,1.064
CA_41244,69,2024-01-05,1.462,1.376,1.063
CA_41244,69,2024-01-06,1.46,1.376,1.062
CA_41244,69,2024-01-07,1.796,1.693,1.061
CA_41244,69,2024-01-08,1.234,1.164,1.06
CA_41244,69,2024-01-09,1.232,1.164,1.059
CA_41244,69,2024-01-10,1.567,1.481,1.058
CA_41244,69,2024-01-11,1.789,1.693,1.057
CA_41244,69,2024-01-12,1.006,0.952,1.056
CA_41244,69,2024-01-13,0.893,0.847,1.055
CA_41244,69,2024-01-14,1.227,1.164,1.054
CA_41244,69,2024-01-15,0.891,0.847,1.053
CA_41244,69,2024-01-16,1.002,0.952,1.052
CA_41244,69,2024-01-17,1.001,0.952,1.051
CA_41244,69,2024-01-18,1.0,0.952,1.05
CA_41244,69,2024-01-19,0.999,0.952,1.049
CA_41244,69,2024-01-20,1.109,1.058,1.048
CA_41244,69,2024-01-21,1.33,1.27,1.047
CA_41244,69,2024-01-22,0.775,0.741,1.046
CA_41244,69,2024-01-23,1.549,1.481,1.046
CA_41244,69,2024-01-24,0.884,0.847,1.045
CA_41244,69,2024-01-25,1.546,1.481,1.044
CA_41244,69,2024-01-26,1.214,1.164,1.043
CA_41244,69,2024-01-27,1.203,1.164,1.033
CA_41244,69,2024-01-28,1.517,1.481,1.024
CA_41244,69,2024-01-29,1.718,1.693,1.015
CA_41244,69,2024-01-30,1.808,1.799,1.005
CA_41244,69,2024-01-31,1.791,1.799,0.996
CA_41244,69,2024-02-01,1.309,1.327,0.986
CA_41244,69,2024-02-02,1.596,1.634,0.977
CA_41244,69,2024-02-03,1.383,1.43,0.968
CA_41244,69,2024-02-04,1.468,1.532,0.958
CA_41244,69,2024-02-05,1.163,1.225,0.949
CA_41244,69,2024-02-06,1.055,1.123,0.94
CA_41244,69,2024-02-07,1.045,1.123,0.93
CA_41244,69,2024-02-08,1.128,1.225,0.921
CA_41244,69,2024-02-09,1.396,1.532,0.911
CA_41244,69,2024-02-10,1.566,1.736,0.902
CA_41244,69,2024-02-11,1.55,1.736,0.893
CA_41244,69,2024-02-12,1.431,1.634,0.876
CA_41244,69,2024-02-13,1.316,1.532,0.859
CA_41244,69,2024-02-14,1.205,1.43,0.843
CA_41244,69,2024-02-15,1.35,1.634,0.826
CA_41244,69,2024-02-16,1.157,1.43,0.81
CA_41244,69,2024-02-17,0.648,0.817,0.793
CA_41244,69,2024-02-18,1.268,1.634,0.776
CA_41244,69,2024-02-19,1.939,2.553,0.76
CA_41244,69,2024-02-20,1.431,1.736,0.824
CA_41244,69,2024-02-21,1.634,1.838,0.889
CA_41244,69,2024-02-22,1.947,2.042,0.953
CA_41244,69,2024-02-23,2.079,2.042,1.018
CA_41244,69,2024-02-24,1.879,1.736,1.082
CA_41244,69,2024-02-25,2.342,2.042,1.147
CA_41244,69,2024-02-26,2.35,1.94,1.211
CA_41244,69,2024-02-27,2.736,2.144,1.276
CA_41244,69,2024-02-28,2.951,2.349,1.256
CA_41244,69,2024-02-29,2.778,2.247,1.237
CA_41244,69,2024-03-01,2.003,1.646,1.217
CA_41244,69,2024-03-02,2.434,2.033,1.198
CA_41244,69,2024-03-03,1.825,1.549,1.178
CA_41244,69,2024-03-04,1.906,1.646,1.158
CA_41244,69,2024-03-05,2.095,1.839,1.139
CA_41244,69,2024-03-06,2.167,1.936,1.119
CA_41244,69,2024-03-07,2.448,2.226,1.1
CA_41244,69,2024-03-08,2.614,2.42,1.08
CA_41244,69,2024-03-09,2.669,2.517,1.061
CA_41244,69,2024-03-10,2.62,2.517,1.041
CA_41244,69,2024-03-11,2.571,2.517,1.021
CA_41244,69,2024-03-12,1.649,1.646,1.002
CA_41244,69,2024-03-13,2.948,3.001,0.982
CA_41244,69,2024-03-14,4.007,4.162,0.963
CA_41244,69,2024-03-15,3.772,3.872,0.974
CA_41244,69,2024-03-16,3.435,3.485,0.986
CA_41244,69,2024-03-17,3.476,3.485,0.997
CA_41244,69,2024-03-18,3.223,3.194,1.009
CA_41244,69,2024-03-19,3.458,3.388,1.021
CA_41244,69,2024-03-20,4.196,4.066,1.032
CA_41244,69,2024-03-21,3.839,3.678,1.044
CA_41244,69,2024-03-22,3.167,3.001,1.055
CA_41244,69,2024-03-23,2.236,2.13,1.05
CA_41244,69,2024-03-24,3.033,2.904,1.044
CA_41244,69,2024-03-25,3.017,2.904,1.039
CA_41244,69,2024-03-26,3.501,3.388,1.033
CA_41244,69,2024-03-27,2.289,2.226,1.028
CA_41244,69,2024-03-28,2.573,2.517,1.023
CA_41244,69,2024-03-29,2.067,2.033,1.017
CA_41244,69,2024-03-30,2.644,2.614,1.012
CA_41244,69,2024-03-31,3.046,3.001,1.015
CA_41244,69,2024-04-01,3.992,3.92,1.018
CA_41244,69,2024-04-02,3.814,3.733,1.022
CA_41244,69,2024-04-03,4.401,4.293,1.025
CA_41244,69,2024-04-04,1.824,1.773,1.029
CA_41244,69,2024-04-05,2.215,2.146,1.032
CA_41244,69,2024-04-06,3.382,3.266,1.035
CA_41244,69,2024-04-07,3.877,3.733,1.039
CA_41244,69,2024-04-08,4.257,4.2,1.014
CA_41244,69,2024-04-09,3.782,3.826,0.989
CA_41244,69,2024-04-10,4.046,4.2,0.963
CA_41244,69,2024-04-11,4.203,4.479,0.938
CA_41244,69,2024-04-12,3.579,3.92,0.913
CA_41244,69,2024-04-13,0.995,1.12,0.888
CA_41244,69,2024-04-14,1.933,2.24,0.863
CA_41244,69,2024-04-15,2.502,2.986,0.838
CA_41244,69,2024-04-16,2.958,3.64,0.813
CA_41244,69,2024-04-17,3.234,4.106,0.788
CA_41244,69,2024-04-18,3.131,4.106,0.762
CA_41244,69,2024-04-19,3.441,4.666,0.737
CA_41244,69,2024-04-20,3.656,5.133,0.712
CA_41244,69,2024-04-21,3.335,4.853,0.687
CA_41244,69,2024-04-22,3.398,5.133,0.662
CA_41244,69,2024-04-23,2.615,4.106,0.637
CA_41244,69,2024-04-24,2.316,3.92,0.591
CA_41244,69,2024-04-25,2.389,4.386,0.545
CA_41244,69,2024-04-26,2.048,4.106,0.499
CA_41244,69,2024-04-27,2.112,4.666,0.453
CA_41244,69,2024-04-28,2.2,5.413,0.407
CA_41244,69,2024-04-29,2.085,5.786,0.36
CA_41244,69,2024-04-30,1.731,5.506,0.314
CA_41244,69,2024-05-01,1.666,6.211,0.268
CA_41244,69,2024-05-02,1.527,5.845,0.261
CA_41244,69,2024-05-03,1.347,5.297,0.254
CA_41244,69,2024-05-04,0.339,1.37,0.247
CA_41244,69,2024-05-05,0.965,4.019,0.24
CA_41244,69,2024-05-06,1.022,4.384,0.233
CA_41244,69,2024-05-07,1.095,4.841,0.226
CA_41244,69,2024-05-08,1.301,5.937,0.219
CA_41244,69,2024-05-09,1.162,5.48,0.212
CA_41244,69,2024-05-10,1.234,6.119,0.202
CA_41244,69,2024-05-11,1.204,6.302,0.191
CA_41244,69,2024-05-12,1.171,6.485,0.181
CA_41244,69,2024-05-13,1.103,6.485,0.17
CA_41244,69,2024-05-14,1.05,6.576,0.16
CA_41244,69,2024-05-15,0.994,6.667,0.149
CA_41244,69,2024-05-16,0.848,6.119,0.139
CA_41244,69,2024-05-17,0.714,5.571,0.128
CA_41244,69,2024-05-18,1.003,5.48,0.183
CA_41244,69,2024-05-19,1.347,5.663,0.238
CA_41244,69,2024-05-20,1.765,6.028,0.293
CA_41244,69,2024-05-21,2.318,6.667,0.348
CA_41244,69,2024-05-22,2.647,6.576,0.403
CA_41244,69,2024-05-23,2.882,6.302,0.457
CA_41244,69,2024-05-24,2.76,5.389,0.512
CA_41244,69,2024-05-25,2.849,5.023,0.567
CA_41244,69,2024-05-26,2.914,5.48,0.532
CA_41244,69,2024-05-27,3.083,6.211,0.496
CA_41244,69,2024-05-28,2.99,6.485,0.461
CA_41244,69,2024-05-29,2.916,6.85,0.426
CA_41244,69,2024-05-30,2.745,7.033,0.39
CA_41244,69,2024-05-31,2.594,7.307,0.355
CA_41244,69,2024-06-01,2.047,6.404,0.32
CA_41244,69,2024-06-02,1.821,6.404,0.284
CA_41244,69,2024-06-03,1.591,5.592,0.285
CA_41244,69,2024-06-04,2.209,7.757,0.285
CA_41244,69,2024-06-05,2.057,7.215,0.285
CA_41244,69,2024-06-06,2.239,7.847,0.285
CA_41244,69,2024-06-07,1.983,6.945,0.286
CA_41244,69,2024-06-08,1.727,6.043,0.286
CA_41244,69,2024-06-09,1.78,6.223,0.286
CA_41244,69,2024-06-10,1.988,6.945,0.286
CA_41244,69,2024-06-11,1.981,6.697,0.296
CA_41244,69,2024-06-12,1.961,6.62,0.296
CA_41244,69,2024-06-13,1.962,6.602,0.297
CA_41244,69,2024-06-14,1.959,6.313,0.309
CA_41244,69,2024-06-15,2.225,6.638,0.331
CA_41244,69,2024-06-16,2.579,7.035,0.364
CA_41244,69,2024-06-17,2.968,7.251,0.408
CA_41244,69,2024-06-18,3.425,7.378,0.463
CA_41244,69,2024-06-19,3.894,7.504,0.518
CA_41244,69,2024-06-20,4.222,7.378,0.572
CA_41244,69,2024-06-21,4.598,7.36,0.627
CA_41244,69,2024-06-22,4.868,7.288,0.671
CA_41244,69,2024-06-23,5.08,7.234,0.704
CA_41244,69,2024-06-24,5.264,7.252,0.726
CA_41244,69,2024-06-25,5.54,7.522,0.737
CA_41244,69,2024-06-26,5.461,7.414,0.737
CA_41244,69,2024-06-27,5.475,7.432,0.737
CA_41244,69,2024-06-28,5.463,7.414,0.737
CA_41244,69,2024-06-29,5.343,7.25,0.737
CA_41244,69,2024-06-30,5.069,6.837,0.742
CA_41244,69,2024-07-01,5.16,6.873,0.751
CA_41244,69,2024-07-02,5.416,7.063,0.766
CA_41244,69,2024-07-03,5.844,7.411,0.785
CA_41244,69,2024-07-04,6.267,7.709,0.809
CA_41244,69,2024-07-05,6.6,7.92,0.832
CA_41244,69,2024-07-06,6.918,8.096,0.856
CA_41244,69,2024-07-07,7.012,7.991,0.88
CA_41244,69,2024-07-08,6.961,7.745,0.9
CA_41244,69,2024-07-09,7.044,7.692,0.915
CA_41244,69,2024-07-10,7.375,7.956,0.927
CA_41244,69,2024-07-11,7.447,7.973,0.934
CA_41244,69,2024-07-12,7.257,7.745,0.937
CA_41244,69,2024-07-13,6.95,7.393,0.941
CA_41244,69,2024-07-14,6.66,7.06,0.944
CA_41244,69,2024-07-15,6.287,6.638,0.947
CA_41244,69,2024-07-16,6.089,6.41,0.95
CA_41244,69,2024-07-17,6.168,6.48,0.952
CA_41244,69,2024-07-18,6.325,6.638,0.953
CA_41244,69,2024-07-19,6.261,6.568,0.953
CA_41244,69,2024-07-20,6.259,6.568,0.953
CA_41244,69,2024-07-21,6.223,6.533,0.953
CA_41244,69,2024-07-22,6.187,6.498,0.952
CA_41244,69,2024-07-23,6.169,6.48,0.952
CA_41244,69,2024-07-24,6.296,6.621,0.951
CA_41244,69,2024-07-25,6.435,6.779,0.949
CA_41244,69,2024-07-26,6.619,6.99,0.947
CA_41244,69,2024-07-27,6.749,7.148,0.944
CA_41244,69,2024-07-28,6.791,7.218,0.941
CA_41244,69,2024-07-29,6.832,7.288,0.937
CA_41244,69,2024-07-30,6.874,7.36,0.934
CA_41244,69,2024-07-31,6.947,7.467,0.931
CA_41244,69,2024-08-01,7.002,7.574,0.925
CA_41244,69,2024-08-02,6.948,7.576,0.917
CA_41244,69,2024-08-03,6.585,7.249,0.907
CA_41244,69,2024-08-04,6.114,6.814,0.894
CA_41244,69,2024-08-05,5.613,6.362,0.879
CA_41244,69,2024-08-06,5.206,6.015,0.865
CA_41244,69,2024-08-07,5.03,5.928,0.85
CA_41244,69,2024-08-08,5.143,6.171,0.835
CA_41244,69,2024-08-09,5.161,6.328,0.816
CA_41244,69,2024-08-10,5.16,6.501,0.794
CA_41244,69,2024-08-11,5.055,6.588,0.767
CA_41244,69,2024-08-12,4.919,6.693,0.736
CA_41244,69,2024-08-13,4.581,6.536,0.701
CA_41244,69,2024-08-14,4.601,6.936,0.666
CA_41244,69,2024-08-15,4.53,7.214,0.631
CA_41244,69,2024-08-16,4.474,7.544,0.597
CA_41244,69,2024-08-17,4.341,7.735,0.565
CA_41244,69,2024-08-18,4.282,7.979,0.536
CA_41244,69,2024-08-19,3.848,7.509,0.51
CA_41244,69,2024-08-20,3.462,7.058,0.486
CA_41244,69,2024-08-21,3.124,6.658,0.466
CA_41244,69,2024-08-22,2.789,6.241,0.446
CA_41244,69,2024-08-23,2.48,5.823,0.425
CA_41244,69,2024-08-24,2.347,5.789,0.405
CA_41244,69,2024-08-25,2.31,5.806,0.397
CA_41244,69,2024-08-26,2.269,5.649,0.402
CA_41244,69,2024-08-27,2.366,5.632,0.419
CA_41244,69,2024-08-28,2.587,5.754,0.449
CA_41244,69,2024-08-29,2.82,5.736,0.491
CA_41244,69,2024-08-30,2.99,5.619,0.534
CA_41244,69,2024-08-31,3.168,5.535,0.576
CA_41244,69,2024-09-01,3.44,5.561,0.619
CA_41244,69,2024-09-02,3.82,5.798,0.655
CA_41244,69,2024-09-03,4.045,5.875,0.685
CA_41244,69,2024-09-04,4.324,6.088,0.708
CA_41244,69,2024-09-05,4.984,6.852,0.726
CA_41244,69,2024-09-06,5.336,7.224,0.737
CA_41244,69,2024-09-07,5.018,6.71,0.748
CA_41244,69,2024-09-08,4.808,6.355,0.76
CA_41244,69,2024-09-09,4.568,5.964,0.771
CA_41244,69,2024-09-10,4.01,5.148,0.782
CA_41244,69,2024-09-11,3.637,4.58,0.793
CA_41244,69,2024-09-12,3.848,4.775,0.804
CA_41244,69,2024-09-13,4.075,4.988,0.816
CA_41244,69,2024-09-14,4.349,5.254,0.827
CA_41244,69,2024-09-15,4.25,5.077,0.838
CA_41244,69,2024-09-16,4.23,4.988,0.849
CA_41244,69,2024-09-17,4.103,4.775,0.861
CA_41244,69,2024-09-18,4.043,4.651,0.87
CA_41244,69,2024-09-19,4.085,4.651,0.878
CA_41244,69,2024-09-20,4.439,5.023,0.883
CA_41244,69,2024-09-21,4.616,5.201,0.887
CA_41244,69,2024-09-22,4.72,5.307,0.889
CA_41244,69,2024-09-23,4.635,5.201,0.891
CA_41244,69,2024-09-24,4.599,5.147,0.894
CA_41244,69,2024-09-25,4.324,4.828,0.896
CA_41244,69,2024-09-26,4.133,4.615,0.896
CA_41244,69,2024-09-27,4.089,4.579,0.893
CA_41244,69,2024-09-28,4.516,5.094,0.888
CA_41244,69,2024-09-29,4.442,5.054,0.881
CA_41244,69,2024-09-30,4.677,5.377,0.871
CA_41244,69,2024-10-01,4.957,5.762,0.861
CA_41244,69,2024-10-02,5.203,6.111,0.852
CA_41244,69,2024-10-03,4.762,5.654,0.842
CA_41244,69,2024-10-04,4.508,5.408,0.831
CA_41244,69,2024-10-05,4.35,5.294,0.82
CA_41244,69,2024-10-06,3.913,4.838,0.807
CA_41244,69,2024-10-07,3.361,4.231,0.793
CA_41244,69,2024-10-08,3.182,4.079,0.778
CA_41244,69,2024-10-09,3.069,4.003,0.764
CA_41244,69,2024-10-10,2.896,3.871,0.749
CA_41244,69,2024-10-11,2.888,3.947,0.734
CA_41244,69,2024-10-12,3.066,4.364,0.709
CA_41244,69,2024-10-13,2.975,4.44,0.672
CA_41244,69,2024-10-14,2.857,4.535,0.625
CA_41244,69,2024-10-15,2.511,4.345,0.567
CA_41244,69,2024-10-16,2.151,4.212,0.498
CA_41244,69,2024-10-17,1.684,3.909,0.43
CA_41244,69,2024-10-18,1.374,3.776,0.361
CA_41244,69,2024-10-19,1.074,3.605,0.292
CA_41244,69,2024-10-20,0.863,3.548,0.236
CA_41244,69,2024-10-21,0.673,3.396,0.193
CA_41244,69,2024-10-22,0.515,3.131,0.163
CA_41244,69,2024-10-23,0.429,2.941,0.145
CA_41244,69,2024-10-24,0.433,3.093,0.14
CA_41244,69,2024-10-25,0.403,2.979,0.135
CA_41244,69,2024-10-26,0.364,2.789,0.13
CA_41244,69,2024-10-27,0.334,2.637,0.126
CA_41244,69,2024-10-28,0.33,2.637,0.124
CA_41244,69,2024-10-29,0.29,2.296,0.126
CA_41244,69,2024-10-30,0.305,2.294,0.132
CA_41244,69,2024-10-31,0.349,2.447,0.14
CA_41244,69,2024-11-01,0.457,2.922,0.153
CA_41244,69,2024-11-02,0.532,3.16,0.165
CA_41244,69,2024-11-03,0.582,3.272,0.177
CA_41244,69,2024-11-04,0.62,3.292,0.189
CA_41244,69,2024-11-05,0.605,3.069,0.202
CA_41244,69,2024-11-06,0.561,2.662,0.214
CA_41244,69,2024-11-07,0.504,2.256,0.226
CA_41244,69,2024-11-08,0.473,2.012,0.239
CA_41244,69,2024-11-09,0.43,1.728,0.251
CA_41244,69,2024-11-10,0.423,1.626,0.263
CA_41244,69,2024-11-11,0.426,1.545,0.275
CA_41244,69,2024-11-12,0.427,1.484,0.288
CA_41244,69,2024-11-13,0.471,1.545,0.303
CA_41244,69,2024-11-14,0.541,1.666,0.321
CA_41244,69,2024-11-15,0.72,2.053,0.342
CA_41244,69,2024-11-16,0.721,1.951,0.366
CA_41244,69,2024-11-17,0.774,1.992,0.392
CA_41244,69,2024-11-18,0.794,1.931,0.419
CA_41244,69,2024-11-19,0.818,1.87,0.445
CA_41244,69,2024-11-20,0.755,1.585,0.472
CA_41244,69,2024-11-21,0.839,1.707,0.489
CA_41244,69,2024-11-22,0.83,1.667,0.496
CA_41244,69,2024-11-23,0.862,1.748,0.493
CA_41244,69,2024-11-24,0.902,1.89,0.48
CA_41244,69,2024-11-25,0.86,1.89,0.457
CA_41244,69,2024-11-26,0.769,1.768,0.435
CA_41244,69,2024-11-27,0.746,1.789,0.412
CA_41244,69,2024-11-28,0.73,1.87,0.389
CA_41244,69,2024-11-29,0.641,1.729,0.373
CA_41244,69,2024-11-30,0.609,1.686,0.364
CA_41244,69,2024-12-01,0.664,1.838,0.362
CA_41244,69,2024-12-02,0.685,1.877,0.366
CA_41244,69,2024-12-03,0.663,1.756,0.378
CA_41244,69,2024-12-04,0.692,1.779,0.389
CA_41244,69,2024-12-05,0.838,2.079,0.4
CA_41244,69,2024-12-06,0.841,2.033,0.412
CA_41244,69,2024-12-07,0.85,2.01,0.424
CA_41244,69,2024-12-08,0.958,2.195,0.436
CA_41244,69,2024-12-09,0.971,2.172,0.45
CA_41244,69,2024-12-10,0.799,1.733,0.464
CA_41244,69,2024-12-11,0.685,1.456,0.479
CA_41244,69,2024-12-12,0.671,1.386,0.494
CA_41244,69,2024-12-13,0.524,1.04,0.508
CA_41244,69,2024-12-14,0.473,0.901,0.523
CA_41244,69,2024-12-15,0.513,0.947,0.538
CA_41244,69,2024-12-16,0.588,1.063,0.553
CA_41244,69,2024-12-17,0.577,1.017,0.568
CA_41244,69,2024-12-18,0.605,1.04,0.583
CA_41244,69,2024-12-19,0.606,1.017,0.597
CA_41244,69,2024-12-20,0.593,0.97,0.612
CA_41244,69,2024-12-21,0.609,0.97,0.627
CA_41244,69,2024-12-22,0.638,0.994,0.642
CA_41244,69,2024-12-23,0.796,1.201,0.657
CA_41244,69,2024-12-24,0.907,1.34,0.672
CA_41244,69,2024-12-25,0.954,1.386,0.686
CA_41244,69,2024-12-26,0.952,1.363,0.701
CA_41244,69,2024-12-27,1.002,1.409,0.716
CA_41244,69,2024-12-28,0.857,1.178,0.731
CA_41244,69,2024-12-29,0.899,1.201,0.746
CA_41244,69,2024-12-30,0.918,1.213,0.753
CA_41244,69,2024-12-31,0.998,1.309,0.761
CA_41458,69,2024-01-01,0.611,0.893,0.684
CA_41458,69,2024-01-02,0.308,0.446,0.689
CA_41458,69,2024-01-03,0.619,0.893,0.694
CA_41458,69,2024-01-04,1.247,1.786,0.698
CA_41458,69,2024-01-05,0.863,1.228,0.703
CA_41458,69,2024-01-06,0.79,1.116,0.707
CA_41458,69,2024-01-07,1.113,1.563,0.712
CA_41458,69,2024-01-08,0.8,1.116,0.717
CA_41458,69,2024-01-09,0.886,1.228,0.721
CA_41458,69,2024-01-10,0.972,1.339,0.726
CA_41458,69,2024-01-11,1.142,1.563,0.731
CA_41458,69,2024-01-12,0.657,0.893,0.735
CA_41458,69,2024-01-13,0.661,0.893,0.74
CA_41458,69,2024-01-14,0.914,1.228,0.745
CA_41458,69,2024-01-15,0.669,0.893,0.749
CA_41458,69,2024-01-16,0.757,1.005,0.754
CA_41458,69,2024-01-17,0.762,1.005,0.758
CA_41458,69,2024-01-18,0.766,1.005,0.763
CA_41458,69,2024-01-19,0.771,1.005,0.768
CA_41458,69,2024-01-20,1.034,1.339,0.772
CA_41458,69,2024-01-21,1.127,1.451,0.777
CA_41458,69,2024-01-22,0.611,0.781,0.782
CA_41458,69,2024-01-23,1.228,1.563,0.786
CA_41458,69,2024-01-24,0.706,0.893,0.791
CA_41458,69,2024-01-25,1.243,1.563,0.795
CA_41458,69,2024-01-26,0.893,1.116,0.8
CA_41458,69,2024-01-27,0.898,1.116,0.805
CA_41458,69,2024-01-28,1.174,1.451,0.809
CA_41458,69,2024-01-29,1.363,1.674,0.814
CA_41458,69,2024-01-30,1.37,1.674,0.819
CA_41458,69,2024-01-31,1.654,2.009,0.823
CA_41458,69,2024-02-01,1.128,1.363,0.828
CA_41458,69,2024-02-02,1.309,1.572,0.832
CA_41458,69,2024-02-03,1.228,1.467,0.837
CA_41458,69,2024-02-04,1.411,1.677,0.842
CA_41458,69,2024-02-05,1.153,1.363,0.846
CA_41458,69,2024-02-06,0.981,1.153,0.851
CA_41458,69,2024-02-07,1.076,1.258,0.856
CA_41458,69,2024-02-08,1.082,1.258,0.86
CA_41458,69,2024-02-09,1.269,1.467,0.865
CA_41458,69,2024-02-10,1.458,1.677,0.869
CA_41458,69,2024-02-11,1.466,1.677,0.874
CA_41458,69,2024-02-12,1.391,1.572,0.885
CA_41458,69,2024-02-13,1.314,1.467,0.895
CA_41458,69,2024-02-14,1.235,1.363,0.906
CA_41458,69,2024-02-15,1.537,1.677,0.917
CA_41458,69,2024-02-16,1.361,1.467,0.927
CA_41458,69,2024-02-17,0.885,0.943,0.938
CA_41458,69,2024-02-18,1.691,1.782,0.949
CA_41458,69,2024-02-19,2.715,2.83,0.96
CA_41458,69,2024-02-20,1.83,1.887,0.97
CA_41458,69,2024-02-21,1.851,1.887,0.981
CA_41458,69,2024-02-22,2.079,2.096,0.992
CA_41458,69,2024-02-23,1.996,1.991,1.002
CA_41458,69,2024-02-24,1.699,1.677,1.013
CA_41458,69,2024-02-25,2.039,1.991,1.024
CA_41458,69,2024-02-26,2.168,2.096,1.034
CA_41458,69,2024-02-27,2.41,2.306,1.045
CA_41458,69,2024-02-28,2.381,2.306,1.032
CA_41458,69,2024-02-29,2.138,2.096,1.02
CA_41458,69,2024-03-01,1.785,1.772,1.007
CA_41458,69,2024-03-02,2.057,2.068,0.995
CA_41458,69,2024-03-03,1.547,1.576,0.982
CA_41458,69,2024-03-04,1.432,1.477,0.97
CA_41458,69,2024-03-05,1.791,1.871,0.957
CA_41458,69,2024-03-06,1.86,1.969,0.944
CA_41458,69,2024-03-07,2.111,2.265,0.932
CA_41458,69,2024-03-08,2.082,2.265,0.919
CA_41458,69,2024-03-09,2.143,2.363,0.907
CA_41458,69,2024-03-10,2.201,2.462,0.894
CA_41458,69,2024-03-11,2.17,2.462,0.882
CA_41458,69,2024-03-12,1.369,1.576,0.869
CA_41458,69,2024-03-13,2.53,2.954,0.856
CA_41458,69,2024-03-14,3.407,4.037,0.844
CA_41458,69,2024-03-15,3.086,3.643,0.847
CA_41458,69,2024-03-16,2.847,3.348,0.85
CA_41458,69,2024-03-17,2.857,3.348,0.853
CA_41458,69,2024-03-18,2.699,3.151,0.857
CA_41458,69,2024-03-19,2.879,3.348,0.86
CA_41458,69,2024-03-20,3.399,3.939,0.863
CA_41458,69,2024-03-21,3.156,3.643,0.866
CA_41458,69,2024-03-22,2.654,3.053,0.869
CA_41458,69,2024-03-23,2.094,2.265,0.925
CA_41458,69,2024-03-24,2.991,3.053,0.98
CA_41458,69,2024-03-25,3.057,2.954,1.035
CA_41458,69,2024-03-26,3.65,3.348,1.09
CA_41458,69,2024-03-27,2.707,2.363,1.145
CA_41458,69,2024-03-28,3.192,2.659,1.201
CA_41458,69,2024-03-29,2.968,2.363,1.256
CA_41458,69,2024-03-30,3.744,2.856,1.311
CA_41458,69,2024-03-31,3.911,3.053,1.281
CA_41458,69,2024-04-01,4.794,3.831,1.251
CA_41458,69,2024-04-02,4.452,3.644,1.222
CA_41458,69,2024-04-03,5.123,4.298,1.192
CA_41458,69,2024-04-04,2.063,1.775,1.162
CA_41458,69,2024-04-05,2.327,2.056,1.132
CA_41458,69,2024-04-06,3.502,3.177,1.102
CA_41458,69,2024-04-07,4.009,3.737,1.073
CA_41458,69,2024-04-08,4.671,4.205,1.111
CA_41458,69,2024-04-09,4.295,3.737,1.149
CA_41458,69,2024-04-10,4.881,4.111,1.187
CA_41458,69,2024-04-11,5.268,4.298,1.226
CA_41458,69,2024-04-12,5.196,4.111,1.264
CA_41458,69,2024-04-13,1.46,1.121,1.302
CA_41458,69,2024-04-14,3.256,2.429,1.34
CA_41458,69,2024-04-15,3.993,2.896,1.378
CA_41458,69,2024-04-16,4.631,3.457,1.34
CA_41458,69,2024-04-17,5.225,4.018,1.301
CA_41458,69,2024-04-18,5.186,4.111,1.262
CA_41458,69,2024-04-19,5.826,4.765,1.223
CA_41458,69,2024-04-20,6.082,5.139,1.184
CA_41458,69,2024-04-21,5.561,4.859,1.145
CA_41458,69,2024-04-22,5.578,5.045,1.106
CA_41458,69,2024-04-23,4.485,4.205,1.067
CA_41458,69,2024-04-24,3.979,3.924,1.014
CA_41458,69,2024-04-25,4.401,4.578,0.961
CA_41458,69,2024-04-26,3.821,4.205,0.909
CA_41458,69,2024-04-27,4.079,4.765,0.856
CA_41458,69,2024-04-28,4.429,5.513,0.803
CA_41458,69,2024-04-29,4.349,5.793,0.751
CA_41458,69,2024-04-30,3.783,5.419,0.698
CA_41458,69,2024-05-01,3.958,6.133,0.645
CA_41458,69,2024-05-02,3.842,5.859,0.656
CA_41458,69,2024-05-03,3.598,5.401,0.666
CA_41458,69,2024-05-04,0.929,1.373,0.676
CA_41458,69,2024-05-05,2.829,4.119,0.687
CA_41458,69,2024-05-06,3.063,4.394,0.697
CA_41458,69,2024-05-07,3.433,4.852,0.708
CA_41458,69,2024-05-08,4.272,5.95,0.718
CA_41458,69,2024-05-09,3.867,5.309,0.728
CA_41458,69,2024-05-10,4.365,6.042,0.722
CA_41458,69,2024-05-11,4.592,6.408,0.717
CA_41458,69,2024-05-12,4.555,6.408,0.711
CA_41458,69,2024-05-13,4.583,6.5,0.705
CA_41458,69,2024-05-14,4.609,6.591,0.699
CA_41458,69,2024-05-15,4.761,6.866,0.693
CA_41458,69,2024-05-16,4.344,6.316,0.688
CA_41458,69,2024-05-17,3.808,5.584,0.682
CA_41458,69,2024-05-18,3.878,5.676,0.683
CA_41458,69,2024-05-19,3.949,5.767,0.685
CA_41458,69,2024-05-20,4.271,6.225,0.686
CA_41458,69,2024-05-21,4.595,6.683,0.688
CA_41458,69,2024-05-22,4.478,6.5,0.689
CA_41458,69,2024-05-23,4.424,6.408,0.69
CA_41458,69,2024-05-24,3.99,5.767,0.692
CA_41458,69,2024-05-25,3.618,5.218,0.693
CA_41458,69,2024-05-26,3.992,5.676,0.703
CA_41458,69,2024-05-27,4.572,6.408,0.714
CA_41458,69,2024-05-28,4.836,6.683,0.724
CA_41458,69,2024-05-29,5.105,6.957,0.734
CA_41458,69,2024-05-30,5.312,7.14,0.744
CA_41458,69,2024-05-31,5.384,7.14,0.754
CA_41458,69,2024-06-01,5.044,6.6,0.764
CA_41458,69,2024-06-02,5.04,6.51,0.774
CA_41458,69,2024-06-03,4.117,5.606,0.734
CA_41458,69,2024-06-04,5.338,7.685,0.695
CA_41458,69,2024-06-05,4.736,7.233,0.655
CA_41458,69,2024-06-06,4.837,7.866,0.615
CA_41458,69,2024-06-07,4.004,6.962,0.575
CA_41458,69,2024-06-08,3.242,6.058,0.535
CA_41458,69,2024-06-09,3.091,6.239,0.495
CA_41458,69,2024-06-10,3.131,6.871,0.456
CA_41458,69,2024-06-11,5.663,7.753,0.73
CA_41458,69,2024-06-12,5.691,7.721,0.737
CA_41458,69,2024-06-13,5.624,7.504,0.75
CA_41458,69,2024-06-14,5.537,7.269,0.764
CA_41458,69,2024-06-15,5.251,6.781,0.777
CA_41458,69,2024-06-16,5.184,6.564,0.791
CA_41458,69,2024-06-17,5.208,6.492,0.802
CA_41458,69,2024-06-18,5.409,6.673,0.81
CA_41458,69,2024-06-19,5.74,7.034,0.815
CA_41458,69,2024-06-20,6.289,7.685,0.818
CA_41458,69,2024-06-21,6.618,8.083,0.819
CA_41458,69,2024-06-22,6.739,8.228,0.819
CA_41458,69,2024-06-23,6.623,8.083,0.819
CA_41458,69,2024-06-24,6.671,8.137,0.82
CA_41458,69,2024-06-25,6.519,8.011,0.814
CA_41458,69,2024-06-26,6.133,7.649,0.802
CA_41458,69,2024-06-27,5.986,7.649,0.783
CA_41458,69,2024-06-28,5.983,7.884,0.758
CA_41458,69,2024-06-29,5.775,7.956,0.727
CA_41458,69,2024-06-30,5.447,7.834,0.696
CA_41458,69,2024-07-01,5.115,7.662,0.665
CA_41458,69,2024-07-02,4.676,7.327,0.634
CA_41458,69,2024-07-03,4.377,7.082,0.614
CA_41458,69,2024-07-04,4.313,7.082,0.607
CA_41458,69,2024-07-05,4.613,7.49,0.611
CA_41458,69,2024-07-06,5.166,8.145,0.628
CA_41458,69,2024-07-07,5.822,8.818,0.656
CA_41458,69,2024-07-08,6.323,9.242,0.684
CA_41458,69,2024-07-09,6.36,8.977,0.712
CA_41458,69,2024-07-10,6.147,8.375,0.74
CA_41458,69,2024-07-11,6.01,7.897,0.766
CA_41458,69,2024-07-12,5.957,7.56,0.789
CA_41458,69,2024-07-13,6.066,7.472,0.81
CA_41458,69,2024-07-14,6.43,7.738,0.829
CA_41458,69,2024-07-15,6.955,8.216,0.845
CA_41458,69,2024-07-16,7.265,8.428,0.861
CA_41458,69,2024-07-17,7.314,8.339,0.878
CA_41458,69,2024-07-18,7.252,8.127,0.894
CA_41458,69,2024-07-19,7.049,7.79,0.907
CA_41458,69,2024-07-20,6.832,7.472,0.915
CA_41458,69,2024-07-21,6.791,7.383,0.92
CA_41458,69,2024-07-22,7.042,7.649,0.921
CA_41458,69,2024-07-23,7.522,8.198,0.918
CA_41458,69,2024-07-24,7.97,8.711,0.915
CA_41458,69,2024-07-25,8.286,9.083,0.912
CA_41458,69,2024-07-26,8.328,9.154,0.91
CA_41458,69,2024-07-27,8.232,9.065,0.908
CA_41458,69,2024-07-28,7.903,8.711,0.907
CA_41458,69,2024-07-29,7.631,8.41,0.907
CA_41458,69,2024-07-30,7.441,8.189,0.909
CA_41458,69,2024-07-31,7.468,8.197,0.911
CA_41458,69,2024-08-01,7.35,8.046,0.914
CA_41458,69,2024-08-02,7.539,8.231,0.916
CA_41458,69,2024-08-03,7.517,8.186,0.918
CA_41458,69,2024-08-04,7.533,8.257,0.912
CA_41458,69,2024-08-05,7.237,8.046,0.898
CA_41458,69,2024-08-06,7.025,7.993,0.876
CA_41458,69,2024-08-07,6.408,7.553,0.846
CA_41458,69,2024-08-08,6.187,7.658,0.807
CA_41458,69,2024-08-09,5.718,7.447,0.769
CA_41458,69,2024-08-10,5.425,7.429,0.73
CA_41458,69,2024-08-11,5.043,7.271,0.692
CA_41458,69,2024-08-12,4.812,7.201,0.665
CA_41458,69,2024-08-13,4.411,6.778,0.65
CA_41458,69,2024-08-14,4.292,6.637,0.647
CA_41458,69,2024-08-15,4.403,6.708,0.655
CA_41458,69,2024-08-16,4.702,6.936,0.676
CA_41458,69,2024-08-17,4.966,7.112,0.696
CA_41458,69,2024-08-18,5.171,7.218,0.716
CA_41458,69,2024-08-19,5.141,7.007,0.737
CA_41458,69,2024-08-20,4.965,6.584,0.758
CA_41458,69,2024-08-21,4.748,6.109,0.781
CA_41458,69,2024-08-22,4.551,5.669,0.805
CA_41458,69,2024-08-23,4.488,5.405,0.831
CA_41458,69,2024-08-24,4.717,5.493,0.858
CA_41458,69,2024-08-25,4.846,5.476,0.884
CA_41458,69,2024-08-26,4.905,5.387,0.911
CA_41458,69,2024-08-27,4.976,5.317,0.938
CA_41458,69,2024-08-28,5.013,5.246,0.958
CA_41458,69,2024-08-29,5.09,5.246,0.97
CA_41458,69,2024-08-30,5.251,5.381,0.976
CA_41458,69,2024-08-31,5.51,5.657,0.975
CA_41458,69,2024-09-01,5.75,5.952,0.967
CA_41458,69,2024-09-02,5.954,6.211,0.959
CA_41458,69,2024-09-03,6.067,6.384,0.951
CA_41458,69,2024-09-04,6.052,6.42,0.943
CA_41458,69,2024-09-05,6.117,6.528,0.937
CA_41458,69,2024-09-06,6.181,6.619,0.934
CA_41458,69,2024-09-07,6.261,6.709,0.933
CA_41458,69,2024-09-08,6.239,6.673,0.935
CA_41458,69,2024-09-09,6.385,6.799,0.939
CA_41458,69,2024-09-10,6.276,6.654,0.943
CA_41458,69,2024-09-11,5.943,6.276,0.948
CA_41458,69,2024-09-12,5.591,5.879,0.952
CA_41458,69,2024-09-13,5.383,5.699,0.945
CA_41458,69,2024-09-14,4.955,5.338,0.928
CA_41458,69,2024-09-15,4.623,5.14,0.9
CA_41458,69,2024-09-16,4.487,5.212,0.862
CA_41458,69,2024-09-17,4.368,5.374,0.813
CA_41458,69,2024-09-18,3.953,5.176,0.764
CA_41458,69,2024-09-19,3.705,5.176,0.714
CA_41458,69,2024-09-20,3.524,5.302,0.665
CA_41458,69,2024-09-21,3.427,5.41,0.635
CA_41458,69,2024-09-22,3.289,5.302,0.623
CA_41458,69,2024-09-23,3.346,5.338,0.629
CA_41458,69,2024-09-24,3.46,5.32,0.655
CA_41458,69,2024-09-25,3.543,5.103,0.698
CA_41458,69,2024-09-26,3.65,4.923,0.742
CA_41458,69,2024-09-27,3.683,4.707,0.786
CA_41458,69,2024-09-28,3.635,4.418,0.83
CA_41458,69,2024-09-29,3.762,4.368,0.865
CA_41458,69,2024-09-30,3.743,4.214,0.891
CA_41458,69,2024-10-01,3.404,3.752,0.907
CA_41458,69,2024-10-02,3.301,3.606,0.915
CA_41458,69,2024-10-03,3.407,3.726,0.914
CA_41458,69,2024-10-04,3.438,3.765,0.913
CA_41458,69,2024-10-05,3.737,4.099,0.912
CA_41458,69,2024-10-06,3.983,4.373,0.911
CA_41458,69,2024-10-07,4.148,4.569,0.908
CA_41458,69,2024-10-08,3.95,4.373,0.902
CA_41458,69,2024-10-09,3.602,4.02,0.893
CA_41458,69,2024-10-10,3.391,3.844,0.882
CA_41458,69,2024-10-11,3.453,3.981,0.869
CA_41458,69,2024-10-12,3.446,4.04,0.856
CA_41458,69,2024-10-13,3.452,4.099,0.842
CA_41458,69,2024-10-14,3.505,4.217,0.829
CA_41458,69,2024-10-15,3.202,3.903,0.818
CA_41458,69,2024-10-16,2.912,3.589,0.81
CA_41458,69,2024-10-17,2.619,3.256,0.804
CA_41458,69,2024-10-18,2.498,3.118,0.801
CA_41458,69,2024-10-19,2.605,3.256,0.8
CA_41458,69,2024-10-20,2.712,3.393,0.799
CA_41458,69,2024-10-21,2.772,3.471,0.799
CA_41458,69,2024-10-22,2.848,3.569,0.798
CA_41458,69,2024-10-23,3.013,3.824,0.788
CA_41458,69,2024-10-24,2.779,3.608,0.77
CA_41458,69,2024-10-25,2.609,3.51,0.742
CA_41458,69,2024-10-26,2.518,3.569,0.706
CA_41458,69,2024-10-27,2.39,3.608,0.661
CA_41458,69,2024-10-28,2.208,3.608,0.616
CA_41458,69,2024-10-29,1.973,3.432,0.571
CA_41458,69,2024-10-30,1.755,3.277,0.526
CA_41458,69,2024-10-31,1.568,3.131,0.494
CA_41458,69,2024-11-01,1.503,3.129,0.476
CA_41458,69,2024-11-02,1.444,3.05,0.472
CA_41458,69,2024-11-03,1.623,3.349,0.48
CA_41458,69,2024-11-04,1.727,3.434,0.503
CA_41458,69,2024-11-05,1.784,3.413,0.525
CA_41458,69,2024-11-06,1.825,3.349,0.547
CA_41458,69,2024-11-07,1.697,3.008,0.57
CA_41458,69,2024-11-08,1.514,2.581,0.593
CA_41458,69,2024-11-09,1.484,2.432,0.616
CA_41458,69,2024-11-10,1.422,2.24,0.639
CA_41458,69,2024-11-11,1.332,2.005,0.663
CA_41458,69,2024-11-12,1.362,1.984,0.687
CA_41458,69,2024-11-13,1.374,1.941,0.712
CA_41458,69,2024-11-14,1.278,1.749,0.736
CA_41458,69,2024-11-15,1.206,1.6,0.76
CA_41458,69,2024-11-16,1.141,1.472,0.779
CA_41458,69,2024-11-17,1.079,1.365,0.792
CA_41458,69,2024-11-18,1.091,1.365,0.8
CA_41458,69,2024-11-19,1.179,1.472,0.802
CA_41458,69,2024-11-20,1.241,1.557,0.798
CA_41458,69,2024-11-21,1.186,1.493,0.794
CA_41458,69,2024-11-22,1.148,1.451,0.791
CA_41458,69,2024-11-23,1.076,1.365,0.787
CA_41458,69,2024-11-24,0.963,1.237,0.778
CA_41458,69,2024-11-25,0.846,1.109,0.763
CA_41458,69,2024-11-26,0.78,1.045,0.742
CA_41458,69,2024-11-27,0.78,1.088,0.716
CA_41458,69,2024-11-28,0.743,1.088,0.684
CA_41458,69,2024-11-29,0.669,1.026,0.652
CA_41458,69,2024-11-30,0.626,1.01,0.62
CA_41458,69,2024-12-01,0.68,1.157,0.589
CA_41458,69,2024-12-02,0.704,1.246,0.569
CA_41458,69,2024-12-03,0.659,1.184,0.562
CA_41458,69,2024-12-04,0.663,1.184,0.566
CA_41458,69,2024-12-05,0.695,1.209,0.583
CA_41458,69,2024-12-06,0.639,1.061,0.612
CA_41458,69,2024-12-07,0.586,0.913,0.641
CA_41458,69,2024-12-08,0.629,0.938,0.67
CA_41458,69,2024-12-09,0.71,1.012,0.699
CA_41458,69,2024-12-10,0.752,1.036,0.72
CA_41458,69,2024-12-11,0.871,1.184,0.733
CA_41458,69,2024-12-12,1.001,1.357,0.739
CA_41458,69,2024-12-13,1.034,1.407,0.736
CA_41458,69,2024-12-14,1.038,1.431,0.726
CA_41458,69,2024-12-15,0.991,1.382,0.715
CA_41458,69,2024-12-16,0.925,1.308,0.705
CA_41458,69,2024-12-17,0.789,1.135,0.694
CA_41458,69,2024-12-18,0.776,1.135,0.684
CA_41458,69,2024-12-19,0.73,1.086,0.673
CA_41458,69,2024-12-20,0.751,1.135,0.663
CA_41458,69,2024-12-21,0.771,1.184,0.652
CA_41458,69,2024-12-22,0.745,1.16,0.642
CA_41458,69,2024-12-23,0.793,1.258,0.631
CA_41458,69,2024-12-24,0.811,1.308,0.621
CA_41458,69,2024-12-25,0.928,1.53,0.61
CA_41458,69,2024-12-26,0.995,1.653,0.605
CA_41458,69,2024-12-27,1.025,1.702,0.604
CA_41458,69,2024-12-28,0.97,1.604,0.608
CA_41458,69,2024-12-29,0.95,1.554,0.617
CA_41458,69,2024-12-30,0.843,1.357,0.624
CA_41458,69,2024-12-31,0.727,1.151,0.631
CA_41682,69,2024-01-01,0.346,0.845,0.409
CA_41682,69,2024-01-02,0.275,0.657,0.419
CA_41682,69,2024-01-03,0.523,1.22,0.429
CA_41682,69,2024-01-04,0.822,1.877,0.438
CA_41682,69,2024-01-05,0.546,1.22,0.448
CA_41682,69,2024-01-06,0.515,1.126,0.457
CA_41682,69,2024-01-07,0.657,1.408,0.467
CA_41682,69,2024-01-08,0.581,1.22,0.477
CA_41682,69,2024-01-09,0.593,1.22,0.486
CA_41682,69,2024-01-10,0.512,1.032,0.496
CA_41682,69,2024-01-11,0.711,1.408,0.505
CA_41682,69,2024-01-12,0.387,0.751,0.515
CA_41682,69,2024-01-13,0.394,0.751,0.524
CA_41682,69,2024-01-14,0.601,1.126,0.534
CA_41682,69,2024-01-15,0.459,0.845,0.544
CA_41682,69,2024-01-16,0.571,1.032,0.553
CA_41682,69,2024-01-17,0.581,1.032,0.563
CA_41682,69,2024-01-18,0.537,0.938,0.572
CA_41682,69,2024-01-19,0.819,1.408,0.582
CA_41682,69,2024-01-20,0.833,1.408,0.592
CA_41682,69,2024-01-21,0.846,1.408,0.601
CA_41682,69,2024-01-22,0.516,0.845,0.611
CA_41682,69,2024-01-23,0.815,1.314,0.62
CA_41682,69,2024-01-24,0.532,0.845,0.63
CA_41682,69,2024-01-25,0.84,1.314,0.64
CA_41682,69,2024-01-26,0.67,1.032,0.649
CA_41682,69,2024-01-27,0.618,0.938,0.659
CA_41682,69,2024-01-28,0.878,1.314,0.668
CA_41682,69,2024-01-29,1.209,1.783,0.678
CA_41682,69,2024-01-30,1.226,1.783,0.688
CA_41682,69,2024-01-31,1.636,2.346,0.697
CA_41682,69,2024-02-01,0.774,1.096,0.707
CA_41682,69,2024-02-02,0.85,1.187,0.716
CA_41682,69,2024-02-03,0.928,1.278,0.726
CA_41682,69,2024-02-04,1.209,1.643,0.736
CA_41682,69,2024-02-05,0.952,1.278,0.745
CA_41682,69,2024-02-06,0.689,0.913,0.755
CA_41682,69,2024-02-07,0.837,1.096,0.764
CA_41682,69,2024-02-08,0.636,0.822,0.774
CA_41682,69,2024-02-09,1.145,1.461,0.784
CA_41682,69,2024-02-10,1.086,1.37,0.793
CA_41682,69,2024-02-11,1.319,1.643,0.803
CA_41682,69,2024-02-12,1.246,1.552,0.802
CA_41682,69,2024-02-13,1.099,1.37,0.802
CA_41682,69,2024-02-14,1.098,1.37,0.802
CA_41682,69,2024-02-15,1.245,1.552,0.802
CA_41682,69,2024-02-16,1.098,1.37,0.802
CA_41682,69,2024-02-17,1.098,1.37,0.801
CA_41682,69,2024-02-18,1.609,2.009,0.801
CA_41682,69,2024-02-19,1.902,2.374,0.801
CA_41682,69,2024-02-20,1.403,1.735,0.809
CA_41682,69,2024-02-21,1.268,1.552,0.817
CA_41682,69,2024-02-22,1.656,2.009,0.825
CA_41682,69,2024-02-23,1.52,1.826,0.832
CA_41682,69,2024-02-24,1.304,1.552,0.84
CA_41682,69,2024-02-25,1.471,1.735,0.848
CA_41682,69,2024-02-26,1.563,1.826,0.856
CA_41682,69,2024-02-27,1.814,2.1,0.864
CA_41682,69,2024-02-28,1.893,2.191,0.864
CA_41682,69,2024-02-29,1.657,1.917,0.864
CA_41682,69,2024-03-01,1.081,1.251,0.864
CA_41682,69,2024-03-02,1.545,1.787,0.864
CA_41682,69,2024-03-03,1.468,1.698,0.865
CA_41682,69,2024-03-04,1.237,1.43,0.865
CA_41682,69,2024-03-05,1.701,1.966,0.865
CA_41682,69,2024-03-06,1.856,2.145,0.865
CA_41682,69,2024-03-07,1.856,2.145,0.865
CA_41682,69,2024-03-08,1.934,2.234,0.865
CA_41682,69,2024-03-09,1.934,2.234,0.866
CA_41682,69,2024-03-10,2.012,2.324,0.866
CA_41682,69,2024-03-11,1.935,2.234,0.866
CA_41682,69,2024-03-12,1.239,1.43,0.866
CA_41682,69,2024-03-13,2.478,2.86,0.866
CA_41682,69,2024-03-14,3.64,4.201,0.867
CA_41682,69,2024-03-15,2.915,3.396,0.858
CA_41682,69,2024-03-16,2.886,3.396,0.85
CA_41682,69,2024-03-17,2.933,3.486,0.842
CA_41682,69,2024-03-18,2.606,3.128,0.833
CA_41682,69,2024-03-19,2.728,3.307,0.825
CA_41682,69,2024-03-20,3.284,4.022,0.817
CA_41682,69,2024-03-21,2.962,3.664,0.808
CA_41682,69,2024-03-22,2.502,3.128,0.8
CA_41682,69,2024-03-23,1.69,1.877,0.901
CA_41682,69,2024-03-24,2.595,2.592,1.001
CA_41682,69,2024-03-25,2.955,2.681,1.102
CA_41682,69,2024-03-26,3.977,3.307,1.203
CA_41682,69,2024-03-27,3.029,2.324,1.304
CA_41682,69,2024-03-28,3.629,2.592,1.4
CA_41682,69,2024-03-29,3.003,2.145,1.4
CA_41682,69,2024-03-30,4.305,2.681,1.4
CA_41682,69,2024-03-31,4.004,2.86,1.4
CA_41682,69,2024-04-01,5.596,3.997,1.4
CA_41682,69,2024-04-02,5.078,3.65,1.392
CA_41682,69,2024-04-03,5.391,4.084,1.32
CA_41682,69,2024-04-04,1.845,1.477,1.249
CA_41682,69,2024-04-05,2.353,1.999,1.177
CA_41682,69,2024-04-06,3.267,2.954,1.106
CA_41682,69,2024-04-07,3.686,3.563,1.035
CA_41682,69,2024-04-08,4.384,4.084,1.073
CA_41682,69,2024-04-09,4.155,3.737,1.112
CA_41682,69,2024-04-10,4.8,4.171,1.151
CA_41682,69,2024-04-11,4.962,4.171,1.19
CA_41682,69,2024-04-12,5.338,4.345,1.228
CA_41682,69,2024-04-13,1.762,1.39,1.267
CA_41682,69,2024-04-14,2.724,2.085,1.306
CA_41682,69,2024-04-15,3.506,2.607,1.345
CA_41682,69,2024-04-16,4.305,3.302,1.304
CA_41682,69,2024-04-17,5.048,3.997,1.263
CA_41682,69,2024-04-18,4.778,3.91,1.222
CA_41682,69,2024-04-19,5.541,4.692,1.181
CA_41682,69,2024-04-20,5.646,4.953,1.14
CA_41682,69,2024-04-21,5.348,4.866,1.099
CA_41682,69,2024-04-22,5.148,4.866,1.058
CA_41682,69,2024-04-23,4.065,3.997,1.017
CA_41682,69,2024-04-24,3.58,3.65,0.981
CA_41682,69,2024-04-25,4.187,4.432,0.945
CA_41682,69,2024-04-26,3.317,3.65,0.909
CA_41682,69,2024-04-27,3.867,4.432,0.873
CA_41682,69,2024-04-28,4.507,5.388,0.837
CA_41682,69,2024-04-29,4.73,5.909,0.801
CA_41682,69,2024-04-30,4.252,5.561,0.764
CA_41682,69,2024-05-01,4.528,6.216,0.728
CA_41682,69,2024-05-02,4.073,5.876,0.693
CA_41682,69,2024-05-03,3.641,5.535,0.658
CA_41682,69,2024-05-04,0.742,1.192,0.623
CA_41682,69,2024-05-05,2.35,4.002,0.587
CA_41682,69,2024-05-06,2.444,4.428,0.552
CA_41682,69,2024-05-07,2.464,4.769,0.517
CA_41682,69,2024-05-08,2.828,5.876,0.481
CA_41682,69,2024-05-09,2.393,5.365,0.446
CA_41682,69,2024-05-10,2.627,6.046,0.435
CA_41682,69,2024-05-11,2.666,6.302,0.423
CA_41682,69,2024-05-12,2.664,6.472,0.412
CA_41682,69,2024-05-13,2.487,6.216,0.4
CA_41682,69,2024-05-14,2.482,6.387,0.389
CA_41682,69,2024-05-15,2.409,6.387,0.377
CA_41682,69,2024-05-16,2.211,6.046,0.366
CA_41682,69,2024-05-17,1.93,5.45,0.354
CA_41682,69,2024-05-18,1.901,5.365,0.354
CA_41682,69,2024-05-19,1.811,5.109,0.354
CA_41682,69,2024-05-20,2.174,6.131,0.355
CA_41682,69,2024-05-21,2.416,6.813,0.355
CA_41682,69,2024-05-22,2.296,6.472,0.355
CA_41682,69,2024-05-23,2.176,6.131,0.355
CA_41682,69,2024-05-24,1.904,5.365,0.355
CA_41682,69,2024-05-25,1.784,5.024,0.355
CA_41682,69,2024-05-26,1.984,5.62,0.353
CA_41682,69,2024-05-27,2.181,6.216,0.351
CA_41682,69,2024-05-28,2.227,6.387,0.349
CA_41682,69,2024-05-29,2.449,7.068,0.346
CA_41682,69,2024-05-30,2.551,7.409,0.344
CA_41682,69,2024-05-31,2.506,7.324,0.342
CA_41682,69,2024-06-01,2.273,6.685,0.34
CA_41682,69,2024-06-02,2.116,6.262,0.338
CA_41682,69,2024-06-03,1.801,5.669,0.318
CA_41682,69,2024-06-04,2.292,7.7,0.298
CA_41682,69,2024-06-05,2.089,7.531,0.277
CA_41682,69,2024-06-06,2.068,8.038,0.257
CA_41682,69,2024-06-07,1.646,6.938,0.237
CA_41682,69,2024-06-08,1.249,5.754,0.217
CA_41682,69,2024-06-09,1.216,6.177,0.197
CA_41682,69,2024-06-10,1.226,6.938,0.177
CA_41682,69,2024-06-11,1.038,6.748,0.153
CA_41682,69,2024-06-12,1.028,6.769,0.152
CA_41682,69,2024-06-13,0.986,6.651,0.148
CA_41682,69,2024-06-14,0.93,6.448,0.145
CA_41682,69,2024-06-15,0.973,6.921,0.141
CA_41682,69,2024-06-16,1.012,7.361,0.138
CA_41682,69,2024-06-17,1.014,7.564,0.134
CA_41682,69,2024-06-18,1.018,7.784,0.131
CA_41682,69,2024-06-19,1.011,7.937,0.127
CA_41682,69,2024-06-20,0.957,7.717,0.124
CA_41682,69,2024-06-21,0.925,7.666,0.12
CA_41682,69,2024-06-22,0.908,7.531,0.121
CA_41682,69,2024-06-23,0.929,7.48,0.124
CA_41682,69,2024-06-24,0.984,7.463,0.131
CA_41682,69,2024-06-25,1.101,7.7,0.142
CA_41682,69,2024-06-26,1.167,7.497,0.156
CA_41682,69,2024-06-27,1.286,7.581,0.17
CA_41682,69,2024-06-28,1.387,7.548,0.184
CA_41682,69,2024-06-29,1.466,7.399,0.199
CA_41682,69,2024-06-30,1.454,6.979,0.208
CA_41682,69,2024-07-01,1.514,7.118,0.213
CA_41682,69,2024-07-02,1.556,7.326,0.213
CA_41682,69,2024-07-03,1.624,7.855,0.209
CA_41682,69,2024-07-04,1.619,8.195,0.199
CA_41682,69,2024-07-05,1.623,8.551,0.19
CA_41682,69,2024-07-06,1.589,8.738,0.181
CA_41682,69,2024-07-07,1.479,8.534,0.172
CA_41682,69,2024-07-08,1.358,8.195,0.165
CA_41682,69,2024-07-09,1.3,8.076,0.161
CA_41682,69,2024-07-10,1.309,8.228,0.159
CA_41682,69,2024-07-11,1.304,8.178,0.159
CA_41682,69,2024-07-12,1.281,7.906,0.162
CA_41682,69,2024-07-13,1.235,7.499,0.165
CA_41682,69,2024-07-14,1.209,7.21,0.168
CA_41682,69,2024-07-15,1.171,6.854,0.171
CA_41682,69,2024-07-16,1.166,6.718,0.174
CA_41682,69,2024-07-17,1.225,6.973,0.176
CA_41682,69,2024-07-18,1.289,7.261,0.178
CA_41682,69,2024-07-19,1.299,7.261,0.179
CA_41682,69,2024-07-20,1.289,7.16,0.18
CA_41682,69,2024-07-21,1.284,7.092,0.181
CA_41682,69,2024-07-22,1.265,6.939,0.182
CA_41682,69,2024-07-23,1.261,6.871,0.184
CA_41682,69,2024-07-24,1.308,7.007,0.187
CA_41682,69,2024-07-25,1.383,7.228,0.191
CA_41682,69,2024-07-26,1.495,7.55,0.198
CA_41682,69,2024-07-27,1.608,7.804,0.206
CA_41682,69,2024-07-28,1.67,7.754,0.215
CA_41682,69,2024-07-29,1.748,7.771,0.225
CA_41682,69,2024-07-30,1.86,7.914,0.235
CA_41682,69,2024-07-31,1.931,7.871,0.245
CA_41682,69,2024-08-01,1.983,7.929,0.25
CA_41682,69,2024-08-02,1.997,8.005,0.249
CA_41682,69,2024-08-03,1.882,7.676,0.243
CA_41682,69,2024-08-04,1.679,7.119,0.232
CA_41682,69,2024-08-05,1.47,6.698,0.216
CA_41682,69,2024-08-06,1.276,6.343,0.2
CA_41682,69,2024-08-07,1.135,6.225,0.184
CA_41682,69,2024-08-08,1.082,6.546,0.168
CA_41682,69,2024-08-09,1.057,6.799,0.157
CA_41682,69,2024-08-10,1.055,7.018,0.151
CA_41682,69,2024-08-11,1.032,6.917,0.15
CA_41682,69,2024-08-12,1.072,6.985,0.154
CA_41682,69,2024-08-13,1.096,6.732,0.163
CA_41682,69,2024-08-14,1.281,7.373,0.172
CA_41682,69,2024-08-15,1.413,7.71,0.181
CA_41682,69,2024-08-16,1.613,8.402,0.191
CA_41682,69,2024-08-17,1.752,8.84,0.197
CA_41682,69,2024-08-18,1.869,9.296,0.201
CA_41682,69,2024-08-19,1.737,8.554,0.203
CA_41682,69,2024-08-20,1.626,8.031,0.202
CA_41682,69,2024-08-21,1.453,7.305,0.198
CA_41682,69,2024-08-22,1.289,6.613,0.194
CA_41682,69,2024-08-23,1.131,5.922,0.191
CA_41682,69,2024-08-24,1.083,5.787,0.187
CA_41682,69,2024-08-25,1.082,5.821,0.186
CA_41682,69,2024-08-26,1.093,5.837,0.187
CA_41682,69,2024-08-27,1.122,5.871,0.191
CA_41682,69,2024-08-28,1.207,6.124,0.197
CA_41682,69,2024-08-29,1.292,6.293,0.205
CA_41682,69,2024-08-30,1.293,6.064,0.214
CA_41682,69,2024-08-31,1.321,5.968,0.222
CA_41682,69,2024-09-01,1.398,6.068,0.231
CA_41682,69,2024-09-02,1.506,6.316,0.238
CA_41682,69,2024-09-03,1.552,6.349,0.244
CA_41682,69,2024-09-04,1.67,6.727,0.248
CA_41682,69,2024-09-05,1.933,7.698,0.251
CA_41682,69,2024-09-06,2.05,8.109,0.253
CA_41682,69,2024-09-07,1.898,7.467,0.254
CA_41682,69,2024-09-08,1.789,7.007,0.256
CA_41682,69,2024-09-09,1.651,6.431,0.258
CA_41682,69,2024-09-10,1.375,5.313,0.259
CA_41682,69,2024-09-11,1.198,4.589,0.261
CA_41682,69,2024-09-12,1.267,4.819,0.263
CA_41682,69,2024-09-13,1.336,5.049,0.264
CA_41682,69,2024-09-14,1.419,5.329,0.266
CA_41682,69,2024-09-15,1.382,5.164,0.268
CA_41682,69,2024-09-16,1.377,5.115,0.269
CA_41682,69,2024-09-17,1.337,4.934,0.271
CA_41682,69,2024-09-18,1.281,4.753,0.269
CA_41682,69,2024-09-19,1.238,4.687,0.265
CA_41682,69,2024-09-20,1.298,5.082,0.257
CA_41682,69,2024-09-21,1.289,5.296,0.245
CA_41682,69,2024-09-22,1.244,5.411,0.231
CA_41682,69,2024-09-23,1.159,5.312,0.216
CA_41682,69,2024-09-24,1.097,5.395,0.202
CA_41682,69,2024-09-25,0.972,5.148,0.187
CA_41682,69,2024-09-26,0.877,5.0,0.175
CA_41682,69,2024-09-27,0.822,4.967,0.166
CA_41682,69,2024-09-28,0.891,5.609,0.159
CA_41682,69,2024-09-29,0.85,5.505,0.155
CA_41682,69,2024-09-30,0.882,5.782,0.153
CA_41682,69,2024-10-01,0.912,6.06,0.151
CA_41682,69,2024-10-02,0.947,6.37,0.149
CA_41682,69,2024-10-03,0.871,5.938,0.147
CA_41682,69,2024-10-04,0.841,5.805,0.145
CA_41682,69,2024-10-05,0.803,5.638,0.142
CA_41682,69,2024-10-06,0.727,5.206,0.139
CA_41682,69,2024-10-07,0.618,4.524,0.136
CA_41682,69,2024-10-08,0.563,4.225,0.133
CA_41682,69,2024-10-09,0.524,4.025,0.129
CA_41682,69,2024-10-10,0.49,3.892,0.126
CA_41682,69,2024-10-11,0.481,3.942,0.123
CA_41682,69,2024-10-12,0.551,4.441,0.124
CA_41682,69,2024-10-13,0.595,4.607,0.129
CA_41682,69,2024-10-14,0.656,4.774,0.138
CA_41682,69,2024-10-15,0.711,4.74,0.152
CA_41682,69,2024-10-16,0.789,4.707,0.169
CA_41682,69,2024-10-17,0.839,4.474,0.187
CA_41682,69,2024-10-18,0.891,4.358,0.205
CA_41682,69,2024-10-19,0.912,4.142,0.223
CA_41682,69,2024-10-20,0.933,4.008,0.235
CA_41682,69,2024-10-21,0.908,3.776,0.242
CA_41682,69,2024-10-22,0.823,3.376,0.243
CA_41682,69,2024-10-23,0.74,3.077,0.239
CA_41682,69,2024-10-24,0.753,3.293,0.229
CA_41682,69,2024-10-25,0.647,2.944,0.219
CA_41682,69,2024-10-26,0.56,2.661,0.209
CA_41682,69,2024-10-27,0.51,2.528,0.199
CA_41682,69,2024-10-28,0.52,2.661,0.193
CA_41682,69,2024-10-29,0.448,2.345,0.19
CA_41682,69,2024-10-30,0.496,2.566,0.192
CA_41682,69,2024-10-31,0.554,2.787,0.197
CA_41682,69,2024-11-01,0.669,3.225,0.206
CA_41682,69,2024-11-02,0.732,3.381,0.215
CA_41682,69,2024-11-03,0.742,3.318,0.224
CA_41682,69,2024-11-04,0.744,3.217,0.233
CA_41682,69,2024-11-05,0.689,2.899,0.242
CA_41682,69,2024-11-06,0.608,2.463,0.25
CA_41682,69,2024-11-07,0.517,2.011,0.259
CA_41682,69,2024-11-08,0.486,1.826,0.268
CA_41682,69,2024-11-09,0.43,1.558,0.277
CA_41682,69,2024-11-10,0.413,1.458,0.286
CA_41682,69,2024-11-11,0.404,1.374,0.295
CA_41682,69,2024-11-12,0.391,1.29,0.304
CA_41682,69,2024-11-13,0.415,1.324,0.312
CA_41682,69,2024-11-14,0.472,1.458,0.321
CA_41682,69,2024-11-15,0.621,1.86,0.33
CA_41682,69,2024-11-16,0.604,1.776,0.339
CA_41682,69,2024-11-17,0.627,1.81,0.348
CA_41682,69,2024-11-18,0.617,1.742,0.357
CA_41682,69,2024-11-19,0.602,1.659,0.366
CA_41682,69,2024-11-20,0.53,1.407,0.375
CA_41682,69,2024-11-21,0.605,1.592,0.379
CA_41682,69,2024-11-22,0.594,1.558,0.38
CA_41682,69,2024-11-23,0.625,1.659,0.376
CA_41682,69,2024-11-24,0.66,1.793,0.369
CA_41682,69,2024-11-25,0.628,1.759,0.357
CA_41682,69,2024-11-26,0.551,1.592,0.346
CA_41682,69,2024-11-27,0.527,1.558,0.334
CA_41682,69,2024-11-28,0.521,1.608,0.323
CA_41682,69,2024-11-29,0.47,1.494,0.315
CA_41682,69,2024-11-30,0.442,1.421,0.313
CA_41682,69,2024-12-01,0.517,1.64,0.315
CA_41682,69,2024-12-02,0.525,1.647,0.321
CA_41682,69,2024-12-03,0.52,1.568,0.332
CA_41682,69,2024-12-04,0.558,1.625,0.343
CA_41682,69,2024-12-05,0.699,1.965,0.354
CA_41682,69,2024-12-06,0.666,1.813,0.364
CA_41682,69,2024-12-07,0.721,1.927,0.375
CA_41682,69,2024-12-08,0.754,1.965,0.385
CA_41682,69,2024-12-09,0.74,1.889,0.394
CA_41682,69,2024-12-10,0.584,1.455,0.403
CA_41682,69,2024-12-11,0.5,1.228,0.412
CA_41682,69,2024-12-12,0.439,1.058,0.421
CA_41682,69,2024-12-13,0.363,0.85,0.429
CA_41682,69,2024-12-14,0.324,0.737,0.438
CA_41682,69,2024-12-15,0.374,0.831,0.446
CA_41682,69,2024-12-16,0.413,0.907,0.455
CA_41682,69,2024-12-17,0.411,0.888,0.463
CA_41682,69,2024-12-18,0.39,0.831,0.472
CA_41682,69,2024-12-19,0.361,0.756,0.481
CA_41682,69,2024-12-20,0.333,0.68,0.489
CA_41682,69,2024-12-21,0.339,0.68,0.498
CA_41682,69,2024-12-22,0.375,0.737,0.506
CA_41682,69,2024-12-23,0.541,1.039,0.515
CA_41682,69,2024-12-24,0.689,1.304,0.524
CA_41682,69,2024-12-25,0.727,1.36,0.532
CA_41682,69,2024-12-26,0.755,1.398,0.541
CA_41682,69,2024-12-27,0.773,1.417,0.549
CA_41682,69,2024-12-28,0.65,1.171,0.558
CA_41682,69,2024-12-29,0.611,1.077,0.567
CA_41682,69,2024-12-30,0.608,1.063,0.571
CA_41682,69,2024-12-31,0.635,1.102,0.575
CA_42021,69,2024-01-01,0.656,0.967,0.678
CA_42021,69,2024-01-02,0.33,0.484,0.682
CA_42021,69,2024-01-03,0.663,0.967,0.685
CA_42021,69,2024-01-04,1.265,1.838,0.689
CA_42021,69,2024-01-05,0.803,1.161,0.692
CA_42021,69,2024-01-06,0.673,0.967,0.696
CA_42021,69,2024-01-07,1.014,1.451,0.699
CA_42021,69,2024-01-08,0.747,1.064,0.702
CA_42021,69,2024-01-09,0.819,1.161,0.706
CA_42021,69,2024-01-10,0.892,1.257,0.709
CA_42021,69,2024-01-11,0.965,1.354,0.713
CA_42021,69,2024-01-12,0.623,0.87,0.716
CA_42021,69,2024-01-13,0.626,0.87,0.72
CA_42021,69,2024-01-14,0.839,1.161,0.723
CA_42021,69,2024-01-15,0.632,0.87,0.727
CA_42021,69,2024-01-16,0.706,0.967,0.73
CA_42021,69,2024-01-17,0.709,0.967,0.734
CA_42021,69,2024-01-18,0.713,0.967,0.737
CA_42021,69,2024-01-19,0.716,0.967,0.74
CA_42021,69,2024-01-20,0.935,1.257,0.744
CA_42021,69,2024-01-21,0.94,1.257,0.747
CA_42021,69,2024-01-22,0.581,0.774,0.751
CA_42021,69,2024-01-23,0.948,1.257,0.754
CA_42021,69,2024-01-24,0.586,0.774,0.758
CA_42021,69,2024-01-25,1.031,1.354,0.761
CA_42021,69,2024-01-26,0.813,1.064,0.765
CA_42021,69,2024-01-27,0.743,0.967,0.768
CA_42021,69,2024-01-28,0.97,1.257,0.772
CA_42021,69,2024-01-29,1.199,1.547,0.775
CA_42021,69,2024-01-30,1.355,1.741,0.778
CA_42021,69,2024-01-31,1.664,2.128,0.782
CA_42021,69,2024-02-01,1.059,1.349,0.785
CA_42021,69,2024-02-02,1.064,1.349,0.789
CA_42021,69,2024-02-03,1.069,1.349,0.792
CA_42021,69,2024-02-04,1.15,1.445,0.796
CA_42021,69,2024-02-05,1.078,1.349,0.799
CA_42021,69,2024-02-06,0.851,1.06,0.803
CA_42021,69,2024-02-07,0.932,1.156,0.806
CA_42021,69,2024-02-08,0.858,1.06,0.81
CA_42021,69,2024-02-09,1.253,1.542,0.813
CA_42021,69,2024-02-10,1.259,1.542,0.817
CA_42021,69,2024-02-11,1.264,1.542,0.82
CA_42021,69,2024-02-12,1.215,1.542,0.788
CA_42021,69,2024-02-13,1.092,1.445,0.756
CA_42021,69,2024-02-14,1.046,1.445,0.724
CA_42021,69,2024-02-15,1.066,1.542,0.692
CA_42021,69,2024-02-16,0.953,1.445,0.66
CA_42021,69,2024-02-17,0.605,0.964,0.627
CA_42021,69,2024-02-18,1.033,1.734,0.595
CA_42021,69,2024-02-19,1.52,2.698,0.563
CA_42021,69,2024-02-20,1.028,1.831,0.561
CA_42021,69,2024-02-21,0.97,1.734,0.56
CA_42021,69,2024-02-22,1.182,2.12,0.558
CA_42021,69,2024-02-23,1.071,1.927,0.556
CA_42021,69,2024-02-24,0.907,1.638,0.554
CA_42021,69,2024-02-25,0.957,1.734,0.552
CA_42021,69,2024-02-26,1.113,2.023,0.55
CA_42021,69,2024-02-27,1.162,2.12,0.548
CA_42021,69,2024-02-28,1.266,2.312,0.547
CA_42021,69,2024-02-29,1.106,2.023,0.547
CA_42021,69,2024-03-01,0.933,1.71,0.546
CA_42021,69,2024-03-02,1.139,2.09,0.545
CA_42021,69,2024-03-03,0.879,1.615,0.544
CA_42021,69,2024-03-04,0.878,1.615,0.544
CA_42021,69,2024-03-05,1.031,1.9,0.543
CA_42021,69,2024-03-06,1.133,2.09,0.542
CA_42021,69,2024-03-07,1.183,2.185,0.541
CA_42021,69,2024-03-08,1.232,2.28,0.54
CA_42021,69,2024-03-09,1.282,2.375,0.54
CA_42021,69,2024-03-10,1.382,2.565,0.539
CA_42021,69,2024-03-11,1.329,2.47,0.538
CA_42021,69,2024-03-12,0.868,1.615,0.537
CA_42021,69,2024-03-13,1.631,3.04,0.537
CA_42021,69,2024-03-14,2.189,4.085,0.536
CA_42021,69,2024-03-15,1.879,3.61,0.521
CA_42021,69,2024-03-16,1.776,3.515,0.505
CA_42021,69,2024-03-17,1.769,3.61,0.49
CA_42021,69,2024-03-18,1.534,3.23,0.475
CA_42021,69,2024-03-19,1.616,3.515,0.46
CA_42021,69,2024-03-20,1.9,4.275,0.444
CA_42021,69,2024-03-21,1.631,3.8,0.429
CA_42021,69,2024-03-22,1.376,3.325,0.414
CA_42021,69,2024-03-23,0.94,2.28,0.412
CA_42021,69,2024-03-24,1.17,2.85,0.411
CA_42021,69,2024-03-25,1.204,2.945,0.409
CA_42021,69,2024-03-26,1.392,3.42,0.407
CA_42021,69,2024-03-27,1.001,2.47,0.405
CA_42021,69,2024-03-28,1.112,2.755,0.404
CA_42021,69,2024-03-29,0.955,2.375,0.402
CA_42021,69,2024-03-30,1.141,2.85,0.4
CA_42021,69,2024-03-31,1.206,2.945,0.409
CA_42021,69,2024-04-01,1.688,4.034,0.419
CA_42021,69,2024-04-02,1.645,3.846,0.428
CA_42021,69,2024-04-03,1.925,4.409,0.437
CA_42021,69,2024-04-04,0.753,1.689,0.446
CA_42021,69,2024-04-05,0.981,2.158,0.455
CA_42021,69,2024-04-06,1.523,3.283,0.464
CA_42021,69,2024-04-07,1.819,3.846,0.473
CA_42021,69,2024-04-08,2.359,4.315,0.547
CA_42021,69,2024-04-09,2.386,3.846,0.62
CA_42021,69,2024-04-10,3.06,4.409,0.694
CA_42021,69,2024-04-11,3.385,4.409,0.768
CA_42021,69,2024-04-12,3.868,4.597,0.841
CA_42021,69,2024-04-13,1.288,1.407,0.915
CA_42021,69,2024-04-14,2.226,2.251,0.989
CA_42021,69,2024-04-15,2.99,2.814,1.063
CA_42021,69,2024-04-16,3.58,3.659,0.979
CA_42021,69,2024-04-17,3.777,4.221,0.895
CA_42021,69,2024-04-18,3.422,4.221,0.811
CA_42021,69,2024-04-19,3.614,4.972,0.727
CA_42021,69,2024-04-20,3.498,5.441,0.643
CA_42021,69,2024-04-21,2.936,5.253,0.559
CA_42021,69,2024-04-22,2.495,5.253,0.475
CA_42021,69,2024-04-23,1.687,4.315,0.391
CA_42021,69,2024-04-24,1.545,4.034,0.383
CA_42021,69,2024-04-25,1.829,4.878,0.375
CA_42021,69,2024-04-26,1.515,4.128,0.367
CA_42021,69,2024-04-27,1.751,4.878,0.359
CA_42021,69,2024-04-28,1.975,5.628,0.351
CA_42021,69,2024-04-29,2.091,6.098,0.343
CA_42021,69,2024-04-30,1.948,5.816,0.335
CA_42021,69,2024-05-01,2.134,6.53,0.327
CA_42021,69,2024-05-02,2.061,6.162,0.334
CA_42021,69,2024-05-03,1.982,5.794,0.342
CA_42021,69,2024-05-04,0.514,1.472,0.35
CA_42021,69,2024-05-05,1.511,4.231,0.357
CA_42021,69,2024-05-06,1.677,4.598,0.365
CA_42021,69,2024-05-07,1.917,5.15,0.372
CA_42021,69,2024-05-08,2.27,5.978,0.38
CA_42021,69,2024-05-09,2.173,5.61,0.387
CA_42021,69,2024-05-10,2.542,6.53,0.389
CA_42021,69,2024-05-11,2.591,6.622,0.391
CA_42021,69,2024-05-12,2.749,6.99,0.393
CA_42021,69,2024-05-13,2.726,6.898,0.395
CA_42021,69,2024-05-14,2.776,6.99,0.397
CA_42021,69,2024-05-15,2.79,6.99,0.399
CA_42021,69,2024-05-16,2.619,6.53,0.401
CA_42021,69,2024-05-17,2.373,5.886,0.403
CA_42021,69,2024-05-18,2.411,5.794,0.416
CA_42021,69,2024-05-19,2.486,5.794,0.429
CA_42021,69,2024-05-20,2.886,6.53,0.442
CA_42021,69,2024-05-21,3.179,6.99,0.455
CA_42021,69,2024-05-22,3.313,7.082,0.468
CA_42021,69,2024-05-23,3.183,6.622,0.481
CA_42021,69,2024-05-24,2.906,5.886,0.494
CA_42021,69,2024-05-25,2.749,5.426,0.507
CA_42021,69,2024-05-26,3.048,5.978,0.51
CA_42021,69,2024-05-27,3.304,6.438,0.513
CA_42021,69,2024-05-28,3.563,6.898,0.517
CA_42021,69,2024-05-29,3.825,7.358,0.52
CA_42021,69,2024-05-30,3.945,7.541,0.523
CA_42021,69,2024-05-31,4.019,7.633,0.526
CA_42021,69,2024-06-01,3.645,6.881,0.53
CA_42021,69,2024-06-02,3.573,6.702,0.533
CA_42021,69,2024-06-03,3.288,5.987,0.549
CA_42021,69,2024-06-04,4.244,7.506,0.565
CA_42021,69,2024-06-05,4.416,7.595,0.581
CA_42021,69,2024-06-06,4.913,8.221,0.598
CA_42021,69,2024-06-07,4.387,7.149,0.614
CA_42021,69,2024-06-08,3.827,6.076,0.63
CA_42021,69,2024-06-09,4.213,6.523,0.646
CA_42021,69,2024-06-10,4.792,7.238,0.662
CA_42021,69,2024-06-11,3.946,5.742,0.686
CA_42021,69,2024-06-12,4.186,5.969,0.699
CA_42021,69,2024-06-13,4.633,6.362,0.723
CA_42021,69,2024-06-14,5.108,6.845,0.742
CA_42021,69,2024-06-15,5.673,7.488,0.756
CA_42021,69,2024-06-16,5.905,7.72,0.764
CA_42021,69,2024-06-17,6.185,8.06,0.767
CA_42021,69,2024-06-18,6.329,8.274,0.765
CA_42021,69,2024-06-19,6.338,8.31,0.763
CA_42021,69,2024-06-20,6.197,8.149,0.76
CA_42021,69,2024-06-21,6.166,8.131,0.758
CA_42021,69,2024-06-22,5.952,7.81,0.763
CA_42021,69,2024-06-23,5.73,7.417,0.774
CA_42021,69,2024-06-24,5.645,7.149,0.792
CA_42021,69,2024-06-25,5.768,7.077,0.816
CA_42021,69,2024-06-26,6.034,7.113,0.847
CA_42021,69,2024-06-27,6.485,7.363,0.878
CA_42021,69,2024-06-28,6.876,7.542,0.909
CA_42021,69,2024-06-29,7.001,7.459,0.94
CA_42021,69,2024-06-30,6.99,7.286,0.962
CA_42021,69,2024-07-01,6.818,7.006,0.975
CA_42021,69,2024-07-02,6.547,6.688,0.979
CA_42021,69,2024-07-03,6.341,6.511,0.975
CA_42021,69,2024-07-04,6.624,6.907,0.961
CA_42021,69,2024-07-05,7.17,7.596,0.947
CA_42021,69,2024-07-06,7.629,8.199,0.933
CA_42021,69,2024-07-07,7.83,8.526,0.919
CA_42021,69,2024-07-08,7.831,8.63,0.907
CA_42021,69,2024-07-09,7.523,8.389,0.895
CA_42021,69,2024-07-10,6.909,7.803,0.884
CA_42021,69,2024-07-11,6.375,7.286,0.874
CA_42021,69,2024-07-12,6.155,7.114,0.865
CA_42021,69,2024-07-13,6.217,7.269,0.856
CA_42021,69,2024-07-14,6.397,7.562,0.847
CA_42021,69,2024-07-15,6.688,7.992,0.838
CA_42021,69,2024-07-16,6.877,8.234,0.836
CA_42021,69,2024-07-17,6.969,8.302,0.84
CA_42021,69,2024-07-18,7.03,8.268,0.851
CA_42021,69,2024-07-19,7.119,8.199,0.869
CA_42021,69,2024-07-20,7.016,7.855,0.894
CA_42021,69,2024-07-21,7.043,7.682,0.918
CA_42021,69,2024-07-22,7.045,7.493,0.943
CA_42021,69,2024-07-23,6.841,7.097,0.967
CA_42021,69,2024-07-24,6.623,6.735,0.985
CA_42021,69,2024-07-25,6.689,6.718,0.997
CA_42021,69,2024-07-26,6.997,6.993,1.001
CA_42021,69,2024-07-27,7.138,7.148,1.0
CA_42021,69,2024-07-28,7.273,7.338,0.991
CA_42021,69,2024-07-29,7.487,7.613,0.983
CA_42021,69,2024-07-30,7.585,7.777,0.975
CA_42021,69,2024-07-31,7.377,7.631,0.967
CA_42021,69,2024-08-01,7.139,7.438,0.96
CA_42021,69,2024-08-02,6.768,7.093,0.953
CA_42021,69,2024-08-03,6.606,6.967,0.948
CA_42021,69,2024-08-04,6.33,6.713,0.943
CA_42021,69,2024-08-05,6.111,6.51,0.939
CA_42021,69,2024-08-06,6.149,6.577,0.935
CA_42021,69,2024-08-07,6.425,6.899,0.931
CA_42021,69,2024-08-08,6.382,6.882,0.927
CA_42021,69,2024-08-09,6.471,7.001,0.924
CA_42021,69,2024-08-10,6.673,7.238,0.922
CA_42021,69,2024-08-11,6.787,7.374,0.921
CA_42021,69,2024-08-12,6.516,7.086,0.92
CA_42021,69,2024-08-13,6.111,6.645,0.92
CA_42021,69,2024-08-14,5.737,6.238,0.92
CA_42021,69,2024-08-15,5.347,5.814,0.92
CA_42021,69,2024-08-16,5.144,5.594,0.92
CA_42021,69,2024-08-17,5.33,5.798,0.92
CA_42021,69,2024-08-18,5.453,5.933,0.919
CA_42021,69,2024-08-19,5.467,5.95,0.919
CA_42021,69,2024-08-20,5.355,5.832,0.918
CA_42021,69,2024-08-21,5.227,5.696,0.918
CA_42021,69,2024-08-22,5.161,5.628,0.917
CA_42021,69,2024-08-23,5.329,5.815,0.917
CA_42021,69,2024-08-24,5.449,5.95,0.916
CA_42021,69,2024-08-25,5.69,6.239,0.912
CA_42021,69,2024-08-26,5.667,6.255,0.906
CA_42021,69,2024-08-27,5.637,6.289,0.896
CA_42021,69,2024-08-28,5.76,6.526,0.884
CA_42021,69,2024-08-29,5.793,6.679,0.868
CA_42021,69,2024-08-30,5.536,6.49,0.853
CA_42021,69,2024-08-31,5.429,6.472,0.837
CA_42021,69,2024-09-01,5.249,6.368,0.822
CA_42021,69,2024-09-02,5.069,6.234,0.813
CA_42021,69,2024-09-03,4.751,5.874,0.809
CA_42021,69,2024-09-04,4.579,5.651,0.812
CA_42021,69,2024-09-05,4.396,5.376,0.821
CA_42021,69,2024-09-06,4.289,5.153,0.835
CA_42021,69,2024-09-07,3.954,4.655,0.85
CA_42021,69,2024-09-08,4.09,4.724,0.865
CA_42021,69,2024-09-09,4.36,4.947,0.879
CA_42021,69,2024-09-10,4.429,4.964,0.892
CA_42021,69,2024-09-11,4.349,4.827,0.901
CA_42021,69,2024-09-12,4.318,4.758,0.908
CA_42021,69,2024-09-13,4.232,4.637,0.913
CA_42021,69,2024-09-14,3.974,4.345,0.914
CA_42021,69,2024-09-15,4.141,4.517,0.916
CA_42021,69,2024-09-16,4.37,4.758,0.918
CA_42021,69,2024-09-17,4.377,4.758,0.92
CA_42021,69,2024-09-18,4.284,4.672,0.917
CA_42021,69,2024-09-19,4.142,4.552,0.908
CA_42021,69,2024-09-20,3.76,4.191,0.894
CA_42021,69,2024-09-21,3.475,3.968,0.875
CA_42021,69,2024-09-22,3.36,3.95,0.85
CA_42021,69,2024-09-23,3.212,3.899,0.826
CA_42021,69,2024-09-24,3.176,3.968,0.801
CA_42021,69,2024-09-25,3.125,4.019,0.777
CA_42021,69,2024-09-26,3.11,4.157,0.75
CA_42021,69,2024-09-27,3.153,4.397,0.722
CA_42021,69,2024-09-28,3.134,4.569,0.691
CA_42021,69,2024-09-29,3.215,4.926,0.658
CA_42021,69,2024-09-30,3.258,5.247,0.623
CA_42021,69,2024-10-01,3.075,5.217,0.589
CA_42021,69,2024-10-02,2.846,5.12,0.554
CA_42021,69,2024-10-03,2.684,5.145,0.519
CA_42021,69,2024-10-04,2.34,4.751,0.489
CA_42021,69,2024-10-05,2.111,4.536,0.464
CA_42021,69,2024-10-06,2.086,4.697,0.444
CA_42021,69,2024-10-07,1.986,4.625,0.429
CA_42021,69,2024-10-08,1.87,4.464,0.419
CA_42021,69,2024-10-09,1.874,4.572,0.409
CA_42021,69,2024-10-10,1.843,4.608,0.399
CA_42021,69,2024-10-11,1.735,4.464,0.389
CA_42021,69,2024-10-12,1.619,4.249,0.381
CA_42021,69,2024-10-13,1.484,3.962,0.374
CA_42021,69,2024-10-14,1.363,3.693,0.368
CA_42021,69,2024-10-15,1.287,3.532,0.364
CA_42021,69,2024-10-16,1.276,3.532,0.362
CA_42021,69,2024-10-17,1.306,3.64,0.359
CA_42021,69,2024-10-18,1.28,3.586,0.357
CA_42021,69,2024-10-19,1.279,3.604,0.354
CA_42021,69,2024-10-20,1.222,3.46,0.353
CA_42021,69,2024-10-21,1.041,2.958,0.352
CA_42021,69,2024-10-22,0.939,2.671,0.352
CA_42021,69,2024-10-23,0.941,2.671,0.352
CA_42021,69,2024-10-24,0.945,2.671,0.354
CA_42021,69,2024-10-25,1.001,2.815,0.355
CA_42021,69,2024-10-26,1.049,2.94,0.356
CA_42021,69,2024-10-27,1.072,2.994,0.358
CA_42021,69,2024-10-28,1.047,2.904,0.361
CA_42021,69,2024-10-29,0.967,2.653,0.367
CA_42021,69,2024-10-30,0.848,2.279,0.374
CA_42021,69,2024-10-31,0.788,2.067,0.384
CA_42021,69,2024-11-01,0.768,1.944,0.395
CA_42021,69,2024-11-02,0.708,1.748,0.406
CA_42021,69,2024-11-03,0.698,1.678,0.418
CA_42021,69,2024-11-04,0.72,1.678,0.429
CA_42021,69,2024-11-05,0.742,1.678,0.442
CA_42021,69,2024-11-06,0.778,1.697,0.455
CA_42021,69,2024-11-07,0.885,1.877,0.469
CA_42021,69,2024-11-08,0.99,2.039,0.484
CA_42021,69,2024-11-09,1.001,2.003,0.5
CA_42021,69,2024-11-10,1.029,2.003,0.516
CA_42021,69,2024-11-11,1.033,1.949,0.531
CA_42021,69,2024-11-12,1.077,1.967,0.547
CA_42021,69,2024-11-13,1.081,1.931,0.558
CA_42021,69,2024-11-14,1.091,1.931,0.564
CA_42021,69,2024-11-15,0.974,1.714,0.566
CA_42021,69,2024-11-16,0.898,1.588,0.562
CA_42021,69,2024-11-17,0.754,1.353,0.554
CA_42021,69,2024-11-18,0.651,1.191,0.546
CA_42021,69,2024-11-19,0.571,1.065,0.537
CA_42021,69,2024-11-20,0.602,1.137,0.529
CA_42021,69,2024-11-21,0.651,1.263,0.518
CA_42021,69,2024-11-22,0.706,1.408,0.506
CA_42021,69,2024-11-23,0.711,1.462,0.49
CA_42021,69,2024-11-24,0.771,1.642,0.473
CA_42021,69,2024-11-25,0.764,1.678,0.453
CA_42021,69,2024-11-26,0.677,1.552,0.433
CA_42021,69,2024-11-27,0.603,1.444,0.413
CA_42021,69,2024-11-28,0.547,1.371,0.394
CA_42021,69,2024-11-29,0.468,1.232,0.379
CA_42021,69,2024-11-30,0.429,1.158,0.37
CA_42021,69,2024-12-01,0.515,1.401,0.366
CA_42021,69,2024-12-02,0.548,1.484,0.368
CA_42021,69,2024-12-03,0.58,1.546,0.374
CA_42021,69,2024-12-04,0.589,1.546,0.381
CA_42021,69,2024-12-05,0.627,1.626,0.388
CA_42021,69,2024-12-06,0.538,1.368,0.395
CA_42021,69,2024-12-07,0.5,1.269,0.394
CA_42021,69,2024-12-08,0.468,1.21,0.387
CA_42021,69,2024-12-09,0.431,1.15,0.373
CA_42021,69,2024-12-10,0.368,1.031,0.351
CA_42021,69,2024-12-11,0.319,0.971,0.323
CA_42021,69,2024-12-12,0.306,1.051,0.294
CA_42021,69,2024-12-13,0.289,1.13,0.266
CA_42021,69,2024-12-14,0.351,1.626,0.238
CA_42021,69,2024-12-15,0.375,1.804,0.22
CA_42021,69,2024-12-16,0.401,1.943,0.213
CA_42021,69,2024-12-17,0.385,1.864,0.216
CA_42021,69,2024-12-18,0.418,1.903,0.23
CA_42021,69,2024-12-19,0.359,1.427,0.254
CA_42021,69,2024-12-20,0.358,1.308,0.278
CA_42021,69,2024-12-21,0.355,1.189,0.303
CA_42021,69,2024-12-22,0.397,1.229,0.327
CA_42021,69,2024-12-23,0.44,1.229,0.352
CA_42021,69,2024-12-24,0.517,1.348,0.376
CA_42021,69,2024-12-25,0.604,1.487,0.4
CA_42021,69,2024-12-26,0.656,1.546,0.425
CA_42021,69,2024-12-27,0.658,1.487,0.449
CA_42021,69,2024-12-28,0.608,1.308,0.473
CA_42021,69,2024-12-29,0.552,1.13,0.498
CA_42021,69,2024-12-30,0.5,0.991,0.51
CA_42021,69,2024-12-31,0.464,0.892,0.522
CA_42143,69,2024-01-01,0.572,0.848,0.674
CA_42143,69,2024-01-02,0.319,0.471,0.677
CA_42143,69,2024-01-03,0.706,1.037,0.681
CA_42143,69,2024-01-04,1.161,1.696,0.684
CA_42143,69,2024-01-05,0.778,1.131,0.688
CA_42143,69,2024-01-06,0.651,0.942,0.691
CA_42143,69,2024-01-07,0.851,1.225,0.695
CA_42143,69,2024-01-08,0.658,0.942,0.698
CA_42143,69,2024-01-09,0.794,1.131,0.702
CA_42143,69,2024-01-10,0.731,1.037,0.705
CA_42143,69,2024-01-11,0.868,1.225,0.709
CA_42143,69,2024-01-12,0.537,0.754,0.712
CA_42143,69,2024-01-13,0.607,0.848,0.716
CA_42143,69,2024-01-14,0.813,1.131,0.719
CA_42143,69,2024-01-15,0.545,0.754,0.723
CA_42143,69,2024-01-16,0.616,0.848,0.726
CA_42143,69,2024-01-17,0.688,0.942,0.73
CA_42143,69,2024-01-18,0.691,0.942,0.733
CA_42143,69,2024-01-19,0.903,1.225,0.737
CA_42143,69,2024-01-20,0.977,1.319,0.74
CA_42143,69,2024-01-21,0.981,1.319,0.744
CA_42143,69,2024-01-22,0.563,0.754,0.747
CA_42143,69,2024-01-23,0.92,1.225,0.751
CA_42143,69,2024-01-24,0.569,0.754,0.754
CA_42143,69,2024-01-25,1.0,1.319,0.758
CA_42143,69,2024-01-26,0.789,1.037,0.761
CA_42143,69,2024-01-27,0.706,0.942,0.749
CA_42143,69,2024-01-28,0.904,1.225,0.737
CA_42143,69,2024-01-29,1.094,1.508,0.726
CA_42143,69,2024-01-30,1.211,1.696,0.714
CA_42143,69,2024-01-31,1.588,2.262,0.702
CA_42143,69,2024-02-01,0.759,1.099,0.69
CA_42143,69,2024-02-02,0.808,1.191,0.679
CA_42143,69,2024-02-03,0.855,1.282,0.667
CA_42143,69,2024-02-04,0.96,1.465,0.655
CA_42143,69,2024-02-05,0.943,1.465,0.643
CA_42143,69,2024-02-06,0.636,1.008,0.631
CA_42143,69,2024-02-07,0.624,1.008,0.62
CA_42143,69,2024-02-08,0.501,0.824,0.608
CA_42143,69,2024-02-09,0.874,1.465,0.596
CA_42143,69,2024-02-10,0.749,1.282,0.584
CA_42143,69,2024-02-11,0.839,1.465,0.573
CA_42143,69,2024-02-12,0.887,1.465,0.605
CA_42143,69,2024-02-13,0.876,1.374,0.638
CA_42143,69,2024-02-14,0.921,1.374,0.671
CA_42143,69,2024-02-15,1.031,1.465,0.703
CA_42143,69,2024-02-16,1.011,1.374,0.736
CA_42143,69,2024-02-17,0.986,1.282,0.769
CA_42143,69,2024-02-18,1.541,1.923,0.801
CA_42143,69,2024-02-19,1.986,2.381,0.834
CA_42143,69,2024-02-20,1.339,1.649,0.812
CA_42143,69,2024-02-21,1.302,1.649,0.79
CA_42143,69,2024-02-22,1.477,1.923,0.768
CA_42143,69,2024-02-23,1.298,1.74,0.746
CA_42143,69,2024-02-24,1.061,1.465,0.724
CA_42143,69,2024-02-25,1.157,1.649,0.702
CA_42143,69,2024-02-26,1.246,1.832,0.68
CA_42143,69,2024-02-27,1.326,2.015,0.658
CA_42143,69,2024-02-28,1.385,2.107,0.657
CA_42143,69,2024-02-29,1.203,1.832,0.657
CA_42143,69,2024-03-01,0.946,1.442,0.656
CA_42143,69,2024-03-02,1.181,1.803,0.655
CA_42143,69,2024-03-03,1.061,1.622,0.654
CA_42143,69,2024-03-04,0.942,1.442,0.653
CA_42143,69,2024-03-05,1.235,1.893,0.653
CA_42143,69,2024-03-06,1.351,2.073,0.652
CA_42143,69,2024-03-07,1.349,2.073,0.651
CA_42143,69,2024-03-08,1.406,2.163,0.65
CA_42143,69,2024-03-09,1.463,2.253,0.649
CA_42143,69,2024-03-10,1.52,2.343,0.649
CA_42143,69,2024-03-11,1.459,2.253,0.648
CA_42143,69,2024-03-12,0.933,1.442,0.647
CA_42143,69,2024-03-13,1.747,2.704,0.646
CA_42143,69,2024-03-14,2.443,3.785,0.645
CA_42143,69,2024-03-15,1.979,3.154,0.627
CA_42143,69,2024-03-16,1.977,3.245,0.609
CA_42143,69,2024-03-17,1.972,3.335,0.591
CA_42143,69,2024-03-18,1.705,2.974,0.573
CA_42143,69,2024-03-19,1.802,3.245,0.555
CA_42143,69,2024-03-20,2.082,3.875,0.537
CA_42143,69,2024-03-21,1.872,3.605,0.519
CA_42143,69,2024-03-22,1.536,3.064,0.501
CA_42143,69,2024-03-23,1.07,1.983,0.539
CA_42143,69,2024-03-24,1.406,2.433,0.578
CA_42143,69,2024-03-25,1.61,2.614,0.616
CA_42143,69,2024-03-26,2.063,3.154,0.654
CA_42143,69,2024-03-27,1.56,2.253,0.692
CA_42143,69,2024-03-28,1.777,2.433,0.73
CA_42143,69,2024-03-29,1.663,2.163,0.769
CA_42143,69,2024-03-30,2.109,2.614,0.807
CA_42143,69,2024-03-31,2.231,2.794,0.798
CA_42143,69,2024-04-01,2.906,3.678,0.79
CA_42143,69,2024-04-02,2.67,3.415,0.782
CA_42143,69,2024-04-03,3.184,4.116,0.774
CA_42143,69,2024-04-04,1.139,1.489,0.765
CA_42143,69,2024-04-05,1.392,1.839,0.757
CA_42143,69,2024-04-06,2.229,2.977,0.749
CA_42143,69,2024-04-07,2.658,3.59,0.74
CA_42143,69,2024-04-08,2.949,3.766,0.783
CA_42143,69,2024-04-09,2.966,3.59,0.826
CA_42143,69,2024-04-10,3.501,4.028,0.869
CA_42143,69,2024-04-11,3.674,4.028,0.912
CA_42143,69,2024-04-12,4.264,4.466,0.955
CA_42143,69,2024-04-13,1.66,1.664,0.998
CA_42143,69,2024-04-14,2.187,2.102,1.041
CA_42143,69,2024-04-15,2.846,2.627,1.083
CA_42143,69,2024-04-16,3.441,3.415,1.007
CA_42143,69,2024-04-17,3.67,3.941,0.931
CA_42143,69,2024-04-18,3.371,3.941,0.855
CA_42143,69,2024-04-19,3.685,4.729,0.779
CA_42143,69,2024-04-20,3.449,4.904,0.703
CA_42143,69,2024-04-21,3.021,4.816,0.627
CA_42143,69,2024-04-22,2.607,4.729,0.551
CA_42143,69,2024-04-23,1.914,4.028,0.475
CA_42143,69,2024-04-24,1.679,3.59,0.468
CA_42143,69,2024-04-25,1.974,4.291,0.46
CA_42143,69,2024-04-26,1.624,3.59,0.452
CA_42143,69,2024-04-27,1.908,4.291,0.445
CA_42143,69,2024-04-28,2.297,5.254,0.437
CA_42143,69,2024-04-29,2.407,5.605,0.429
CA_42143,69,2024-04-30,2.143,5.079,0.422
CA_42143,69,2024-05-01,2.324,5.612,0.414
CA_42143,69,2024-05-02,2.254,5.439,0.414
CA_42143,69,2024-05-03,2.149,5.18,0.415
CA_42143,69,2024-05-04,0.573,1.381,0.415
CA_42143,69,2024-05-05,1.542,3.712,0.415
CA_42143,69,2024-05-06,1.722,4.144,0.416
CA_42143,69,2024-05-07,1.903,4.576,0.416
CA_42143,69,2024-05-08,2.156,5.18,0.416
CA_42143,69,2024-05-09,2.121,5.094,0.416
CA_42143,69,2024-05-10,2.438,5.871,0.415
CA_42143,69,2024-05-11,2.466,5.957,0.414
CA_42143,69,2024-05-12,2.566,6.216,0.413
CA_42143,69,2024-05-13,2.487,6.044,0.412
CA_42143,69,2024-05-14,2.515,6.13,0.41
CA_42143,69,2024-05-15,2.543,6.216,0.409
CA_42143,69,2024-05-16,2.395,5.871,0.408
CA_42143,69,2024-05-17,2.212,5.439,0.407
CA_42143,69,2024-05-18,2.22,5.353,0.415
CA_42143,69,2024-05-19,2.154,5.094,0.423
CA_42143,69,2024-05-20,2.493,5.785,0.431
CA_42143,69,2024-05-21,2.768,6.303,0.439
CA_42143,69,2024-05-22,2.858,6.389,0.447
CA_42143,69,2024-05-23,2.674,5.871,0.455
CA_42143,69,2024-05-24,2.441,5.267,0.464
CA_42143,69,2024-05-25,2.321,4.921,0.472
CA_42143,69,2024-05-26,2.593,5.353,0.484
CA_42143,69,2024-05-27,3.005,6.044,0.497
CA_42143,69,2024-05-28,3.214,6.303,0.51
CA_42143,69,2024-05-29,3.52,6.734,0.523
CA_42143,69,2024-05-30,3.699,6.907,0.536
CA_42143,69,2024-05-31,3.787,6.907,0.548
CA_42143,69,2024-06-01,3.578,6.378,0.561
CA_42143,69,2024-06-02,3.318,5.783,0.574
CA_42143,69,2024-06-03,3.044,5.102,0.597
CA_42143,69,2024-06-04,4.055,6.548,0.619
CA_42143,69,2024-06-05,4.531,7.058,0.642
CA_42143,69,2024-06-06,5.03,7.568,0.665
CA_42143,69,2024-06-07,4.617,6.718,0.687
CA_42143,69,2024-06-08,3.985,5.612,0.71
CA_42143,69,2024-06-09,4.424,6.038,0.733
CA_42143,69,2024-06-10,4.882,6.463,0.755
CA_42143,69,2024-06-11,5.503,6.569,0.836
CA_42143,69,2024-06-12,5.416,6.514,0.83
CA_42143,69,2024-06-13,5.303,6.48,0.818
CA_42143,69,2024-06-14,4.821,6.259,0.775
CA_42143,69,2024-06-15,4.821,6.565,0.741
CA_42143,69,2024-06-16,4.93,6.922,0.716
CA_42143,69,2024-06-17,4.982,7.143,0.699
CA_42143,69,2024-06-18,5.039,7.296,0.69
CA_42143,69,2024-06-19,5.368,7.449,0.72
CA_42143,69,2024-06-20,5.509,7.347,0.75
CA_42143,69,2024-06-21,5.738,7.364,0.78
CA_42143,69,2024-06-22,5.863,7.279,0.807
CA_42143,69,2024-06-23,6.023,7.262,0.83
CA_42143,69,2024-06-24,6.163,7.245,0.85
CA_42143,69,2024-06-25,6.508,7.5,0.867
CA_42143,69,2024-06-26,6.451,7.33,0.88
CA_42143,69,2024-06-27,6.529,7.313,0.894
CA_42143,69,2024-06-28,6.565,7.245,0.907
CA_42143,69,2024-06-29,6.532,7.101,0.921
CA_42143,69,2024-06-30,6.168,6.667,0.924
CA_42143,69,2024-07-01,6.258,6.761,0.925
CA_42143,69,2024-07-02,6.468,7.01,0.923
CA_42143,69,2024-07-03,6.824,7.447,0.917
CA_42143,69,2024-07-04,7.058,7.773,0.908
CA_42143,69,2024-07-05,7.336,8.098,0.906
CA_42143,69,2024-07-06,7.442,8.235,0.904
CA_42143,69,2024-07-07,7.3,8.098,0.901
CA_42143,69,2024-07-08,7.036,7.824,0.899
CA_42143,69,2024-07-09,6.931,7.721,0.898
CA_42143,69,2024-07-10,7.046,7.858,0.897
CA_42143,69,2024-07-11,7.042,7.858,0.896
CA_42143,69,2024-07-12,6.827,7.619,0.896
CA_42143,69,2024-07-13,6.535,7.293,0.896
CA_42143,69,2024-07-14,6.304,7.037,0.896
CA_42143,69,2024-07-15,6.012,6.711,0.896
CA_42143,69,2024-07-16,5.885,6.592,0.893
CA_42143,69,2024-07-17,6.024,6.78,0.889
CA_42143,69,2024-07-18,6.216,7.037,0.884
CA_42143,69,2024-07-19,6.16,7.02,0.878
CA_42143,69,2024-07-20,6.038,6.934,0.871
CA_42143,69,2024-07-21,5.913,6.831,0.865
CA_42143,69,2024-07-22,5.787,6.728,0.86
CA_42143,69,2024-07-23,5.703,6.677,0.854
CA_42143,69,2024-07-24,5.756,6.78,0.849
CA_42143,69,2024-07-25,5.913,7.002,0.845
CA_42143,69,2024-07-26,6.142,7.31,0.841
CA_42143,69,2024-07-27,6.287,7.516,0.837
CA_42143,69,2024-07-28,6.234,7.482,0.833
CA_42143,69,2024-07-29,6.266,7.55,0.83
CA_42143,69,2024-07-30,6.348,7.681,0.826
CA_42143,69,2024-07-31,6.329,7.691,0.823
CA_42143,69,2024-08-01,6.384,7.754,0.823
CA_42143,69,2024-08-02,6.419,7.799,0.823
CA_42143,69,2024-08-03,6.156,7.486,0.822
CA_42143,69,2024-08-04,5.715,6.958,0.821
CA_42143,69,2024-08-05,5.34,6.514,0.819
CA_42143,69,2024-08-06,5.002,6.156,0.812
CA_42143,69,2024-08-07,4.859,6.037,0.805
CA_42143,69,2024-08-08,5.035,6.31,0.799
CA_42143,69,2024-08-09,5.16,6.514,0.792
CA_42143,69,2024-08-10,5.269,6.702,0.786
CA_42143,69,2024-08-11,5.166,6.617,0.78
CA_42143,69,2024-08-12,5.192,6.702,0.775
CA_42143,69,2024-08-13,4.957,6.446,0.769
CA_42143,69,2024-08-14,5.291,6.941,0.763
CA_42143,69,2024-08-15,5.393,7.128,0.757
CA_42143,69,2024-08-16,5.777,7.691,0.752
CA_42143,69,2024-08-17,5.777,8.015,0.724
CA_42143,69,2024-08-18,5.918,8.442,0.701
CA_42143,69,2024-08-19,5.406,7.896,0.685
CA_42143,69,2024-08-20,5.101,7.572,0.675
CA_42143,69,2024-08-21,4.633,6.975,0.67
CA_42143,69,2024-08-22,4.398,6.378,0.694
CA_42143,69,2024-08-23,4.122,5.764,0.717
CA_42143,69,2024-08-24,4.161,5.628,0.741
CA_42143,69,2024-08-25,4.285,5.645,0.759
CA_42143,69,2024-08-26,4.371,5.662,0.772
CA_42143,69,2024-08-27,4.455,5.713,0.779
CA_42143,69,2024-08-28,4.625,5.917,0.782
CA_42143,69,2024-08-29,4.66,5.986,0.778
CA_42143,69,2024-08-30,4.478,5.774,0.775
CA_42143,69,2024-08-31,4.414,5.714,0.772
CA_42143,69,2024-09-01,4.437,5.769,0.769
CA_42143,69,2024-09-02,4.53,5.958,0.762
CA_42143,69,2024-09-03,4.514,5.98,0.756
CA_42143,69,2024-09-04,4.744,6.314,0.752
CA_42143,69,2024-09-05,5.299,7.063,0.75
CA_42143,69,2024-09-06,5.55,7.397,0.75
CA_42143,69,2024-09-07,5.13,6.797,0.755
CA_42143,69,2024-09-08,4.881,6.43,0.761
CA_42143,69,2024-09-09,4.504,5.897,0.766
CA_42143,69,2024-09-10,3.838,4.981,0.772
CA_42143,69,2024-09-11,3.409,4.381,0.778
CA_42143,69,2024-09-12,3.657,4.665,0.783
CA_42143,69,2024-09-13,3.841,4.864,0.789
CA_42143,69,2024-09-14,4.078,5.131,0.794
CA_42143,69,2024-09-15,3.983,4.981,0.8
CA_42143,69,2024-09-16,3.956,4.915,0.806
CA_42143,69,2024-09-17,3.795,4.681,0.811
CA_42143,69,2024-09-18,3.515,4.515,0.777
CA_42143,69,2024-09-19,3.264,4.431,0.74
CA_42143,69,2024-09-20,3.338,4.798,0.701
CA_42143,69,2024-09-21,3.261,4.998,0.659
CA_42143,69,2024-09-22,3.125,5.098,0.614
CA_42143,69,2024-09-23,3.05,5.031,0.605
CA_42143,69,2024-09-24,3.017,5.048,0.597
CA_42143,69,2024-09-25,2.789,4.731,0.588
CA_42143,69,2024-09-26,2.645,4.564,0.58
CA_42143,69,2024-09-27,2.609,4.581,0.57
CA_42143,69,2024-09-28,2.858,5.114,0.56
CA_42143,69,2024-09-29,2.775,5.056,0.55
CA_42143,69,2024-09-30,2.898,5.379,0.539
CA_42143,69,2024-10-01,2.951,5.586,0.529
CA_42143,69,2024-10-02,3.001,5.792,0.518
CA_42143,69,2024-10-03,2.747,5.417,0.507
CA_42143,69,2024-10-04,2.647,5.302,0.498
CA_42143,69,2024-10-05,2.524,5.136,0.491
CA_42143,69,2024-10-06,2.323,4.79,0.484
CA_42143,69,2024-10-07,2.037,4.245,0.48
CA_42143,69,2024-10-08,1.906,3.997,0.476
CA_42143,69,2024-10-09,1.8,3.799,0.473
CA_42143,69,2024-10-10,1.7,3.617,0.47
CA_42143,69,2024-10-11,1.687,3.617,0.467
CA_42143,69,2024-10-12,1.811,3.898,0.465
CA_42143,69,2024-10-13,1.824,3.931,0.464
CA_42143,69,2024-10-14,1.887,4.063,0.465
CA_42143,69,2024-10-15,1.878,4.03,0.466
CA_42143,69,2024-10-16,1.874,3.997,0.469
CA_42143,69,2024-10-17,1.839,3.898,0.472
CA_42143,69,2024-10-18,1.818,3.832,0.475
CA_42143,69,2024-10-19,1.725,3.617,0.477
CA_42143,69,2024-10-20,1.609,3.551,0.453
CA_42143,69,2024-10-21,1.465,3.386,0.432
CA_42143,69,2024-10-22,1.265,3.055,0.415
CA_42143,69,2024-10-23,1.131,2.841,0.402
CA_42143,69,2024-10-24,1.155,2.956,0.392
CA_42143,69,2024-10-25,1.065,2.593,0.414
CA_42143,69,2024-10-26,0.991,2.296,0.436
CA_42143,69,2024-10-27,0.97,2.147,0.458
CA_42143,69,2024-10-28,1.047,2.23,0.474
CA_42143,69,2024-10-29,0.976,2.015,0.483
CA_42143,69,2024-10-30,1.083,2.228,0.487
CA_42143,69,2024-10-31,1.194,2.475,0.484
CA_42143,69,2024-11-01,1.377,2.91,0.475
CA_42143,69,2024-11-02,1.429,3.079,0.466
CA_42143,69,2024-11-03,1.399,3.058,0.457
CA_42143,69,2024-11-04,1.361,3.024,0.449
CA_42143,69,2024-11-05,1.213,2.736,0.44
CA_42143,69,2024-11-06,0.996,2.294,0.431
CA_42143,69,2024-11-07,0.8,1.886,0.422
CA_42143,69,2024-11-08,0.706,1.699,0.413
CA_42143,69,2024-11-09,0.572,1.41,0.404
CA_42143,69,2024-11-10,0.521,1.308,0.396
CA_42143,69,2024-11-11,0.481,1.24,0.387
CA_42143,69,2024-11-12,0.449,1.189,0.378
CA_42143,69,2024-11-13,0.456,1.24,0.369
CA_42143,69,2024-11-14,0.481,1.342,0.36
CA_42143,69,2024-11-15,0.609,1.75,0.351
CA_42143,69,2024-11-16,0.585,1.716,0.343
CA_42143,69,2024-11-17,0.58,1.733,0.334
CA_42143,69,2024-11-18,0.551,1.682,0.325
CA_42143,69,2024-11-19,0.526,1.648,0.316
CA_42143,69,2024-11-20,0.421,1.376,0.307
CA_42143,69,2024-11-21,0.454,1.495,0.304
CA_42143,69,2024-11-22,0.427,1.427,0.299
CA_42143,69,2024-11-23,0.44,1.512,0.291
CA_42143,69,2024-11-24,0.448,1.597,0.282
CA_42143,69,2024-11-25,0.421,1.563,0.27
CA_42143,69,2024-11-26,0.35,1.393,0.25
CA_42143,69,2024-11-27,0.324,1.359,0.23
CA_42143,69,2024-11-28,0.299,1.41,0.211
CA_42143,69,2024-11-29,0.251,1.281,0.198
CA_42143,69,2024-11-30,0.222,1.18,0.192
CA_42143,69,2024-12-01,0.262,1.369,0.192
CA_42143,69,2024-12-02,0.268,1.368,0.199
CA_42143,69,2024-12-03,0.268,1.26,0.213
CA_42143,69,2024-12-04,0.314,1.372,0.226
CA_42143,69,2024-12-05,0.407,1.673,0.24
CA_42143,69,2024-12-06,0.4,1.56,0.253
CA_42143,69,2024-12-07,0.403,1.636,0.242
CA_42143,69,2024-12-08,0.395,1.673,0.231
CA_42143,69,2024-12-09,0.363,1.598,0.222
CA_42143,69,2024-12-10,0.266,1.26,0.213
CA_42143,69,2024-12-11,0.22,1.109,0.206
CA_42143,69,2024-12-12,0.224,1.034,0.226
CA_42143,69,2024-12-13,0.207,0.865,0.245
CA_42143,69,2024-12-14,0.206,0.771,0.264
CA_42143,69,2024-12-15,0.239,0.827,0.284
CA_42143,69,2024-12-16,0.262,0.865,0.303
CA_42143,69,2024-12-17,0.265,0.827,0.323
CA_42143,69,2024-12-18,0.266,0.79,0.342
CA_42143,69,2024-12-19,0.254,0.714,0.361
CA_42143,69,2024-12-20,0.25,0.658,0.381
CA_42143,69,2024-12-21,0.257,0.639,0.4
CA_42143,69,2024-12-22,0.278,0.658,0.42
CA_42143,69,2024-12-23,0.388,0.865,0.439
CA_42143,69,2024-12-24,0.511,1.09,0.458
CA_42143,69,2024-12-25,0.554,1.147,0.478
CA_42143,69,2024-12-26,0.587,1.184,0.497
CA_42143,69,2024-12-27,0.623,1.222,0.517
CA_42143,69,2024-12-28,0.556,1.053,0.536
CA_42143,69,2024-12-29,0.522,0.94,0.555
CA_42143,69,2024-12-30,0.519,0.916,0.565
CA_42143,69,2024-12-31,0.541,0.94,0.575
