time,et
2016-01-01,0.435
2016-01-02,0.725
2016-01-03,0.652
2016-01-04,0.435
2016-01-05,0.471
2016-01-06,0.507
2016-01-07,0.544
2016-01-08,0.471
2016-01-09,0.362
2016-01-10,0.326
2016-01-11,0.435
2016-01-12,0.58
2016-01-13,0.622
2016-01-14,0.628
2016-01-15,0.484
2016-01-16,0.376
2016-01-17,0.455
2016-01-18,0.574
2016-01-19,0.54
2016-01-20,0.506
2016-01-21,0.667
2016-01-22,0.792
2016-01-23,0.798
2016-01-24,0.886
2016-01-25,0.933
2016-01-26,1.023
2016-01-27,0.949
2016-01-28,1.206
2016-01-29,0.788
2016-01-30,0.702
2016-01-31,0.824
2016-02-01,2.505
2016-02-02,1.489
2016-02-03,1.223
2016-02-04,1.523
2016-02-05,1.258
2016-02-06,1.732
2016-02-07,1.556
2016-02-08,1.682
2016-02-09,1.335
2016-02-10,1.246
2016-02-11,0.944
2016-02-12,1.37
2016-02-13,1.88
2016-02-14,2.13
2016-02-15,2.038
2016-02-16,1.143
2016-02-17,1.097
2016-02-18,1.262
2016-02-19,1.132
2016-02-20,1.755
2016-02-21,1.833
2016-02-22,1.562
2016-02-23,1.174
2016-02-24,1.125
2016-02-25,1.118
2016-02-26,1.31
2016-02-27,1.615
2016-02-28,2.046
2016-02-29,1.501
2016-03-01,2.596
2016-03-02,2.047
2016-03-03,1.487
2016-03-04,1.364
2016-03-05,0.738
2016-03-06,1.176
2016-03-07,0.819
2016-03-08,1.267
2016-03-09,1.214
2016-03-10,1.021
2016-03-11,0.535
2016-03-12,1.12
2016-03-13,0.975
2016-03-14,1.575
2016-03-15,2.221
2016-03-16,2.363
2016-03-17,2.364
2016-03-18,2.306
2016-03-19,2.052
2016-03-20,1.857
2016-03-21,1.33
2016-03-22,1.659
2016-03-23,1.827
2016-03-24,1.925
2016-03-25,1.974
2016-03-26,2.06
2016-03-27,1.994
2016-03-28,1.413
2016-03-29,1.245
2016-03-30,1.519
2016-03-31,1.679
2016-04-01,2.135
2016-04-02,1.964
2016-04-03,2.149
2016-04-04,2.696
2016-04-05,2.705
2016-04-06,2.759
2016-04-07,1.679
2016-04-08,1.093
2016-04-09,1.051
2016-04-10,1.1
2016-04-11,1.747
2016-04-12,2.076
2016-04-13,2.314
2016-04-14,2.414
2016-04-15,2.748
2016-04-16,2.663
2016-04-17,2.672
2016-04-18,2.235
2016-04-19,2.174
2016-04-20,2.112
2016-04-21,1.799
2016-04-22,1.339
2016-04-23,2.123
2016-04-24,1.941
2016-04-25,1.693
2016-04-26,1.848
2016-04-27,1.645
2016-04-28,1.618
2016-04-29,1.556
2016-04-30,1.647
2016-05-01,1.457
2016-05-02,1.394
2016-05-03,1.384
2016-05-04,1.04
2016-05-05,0.916
2016-05-06,0.709
2016-05-07,0.691
2016-05-08,0.794
2016-05-09,0.916
2016-05-10,0.874
2016-05-11,0.829
2016-05-12,1.251
2016-05-13,1.301
2016-05-14,1.893
2016-05-15,2.229
2016-05-16,2.866
2016-05-17,3.21
2016-05-18,3.915
2016-05-19,2.938
2016-05-20,2.154
2016-05-21,2.088
2016-05-22,2.184
2016-05-23,2.03
2016-05-24,1.502
2016-05-25,1.6
2016-05-26,1.606
2016-05-27,1.63
2016-05-28,1.367
2016-05-29,1.325
2016-05-30,1.535
2016-05-31,1.721
2016-06-01,1.627
2016-06-02,1.841
2016-06-03,1.852
2016-06-04,1.708
2016-06-05,1.666
2016-06-06,1.519
2016-06-07,1.87
2016-06-08,2.199
2016-06-09,1.865
2016-06-10,1.796
2016-06-11,1.051
2016-06-12,1.247
2016-06-13,1.5
2016-06-14,2.002
2016-06-15,1.517
2016-06-16,1.664
2016-06-17,1.534
2016-06-18,1.963
2016-06-19,2.171
2016-06-20,2.863
2016-06-21,2.757
2016-06-22,2.112
2016-06-23,1.988
2016-06-24,1.741
2016-06-25,1.424
2016-06-26,1.165
2016-06-27,0.774
2016-06-28,0.451
2016-06-29,0.996
2016-06-30,1.189
2016-07-01,1.113
2016-07-02,1.38
2016-07-03,1.587
2016-07-04,1.844
2016-07-05,2.219
2016-07-06,2.669
2016-07-07,2.879
2016-07-08,2.494
2016-07-09,2.68
2016-07-10,2.744
2016-07-11,2.61
2016-07-12,2.125
2016-07-13,1.84
2016-07-14,1.414
2016-07-15,1.412
2016-07-16,1.33
2016-07-17,1.492
2016-07-18,1.743
2016-07-19,2.038
2016-07-20,2.379
2016-07-21,2.709
2016-07-22,3.182
2016-07-23,3.39
2016-07-24,2.123
2016-07-25,1.959
2016-07-26,2.154
2016-07-27,2.354
2016-07-28,2.32
2016-07-29,2.595
2016-07-30,2.281
2016-07-31,2.099
2016-08-01,2.031
2016-08-02,2.275
2016-08-03,2.342
2016-08-04,2.299
2016-08-05,2.141
2016-08-06,2.358
2016-08-07,3.12
2016-08-08,2.943
2016-08-09,1.934
2016-08-10,1.843
2016-08-11,1.866
2016-08-12,2.184
2016-08-13,2.46
2016-08-14,2.367
2016-08-15,2.203
2016-08-16,2.078
2016-08-17,2.06
2016-08-18,2.184
2016-08-19,1.991
2016-08-20,1.904
2016-08-21,1.991
2016-08-22,1.871
2016-08-23,1.855
2016-08-24,2.054
2016-08-25,1.532
2016-08-26,1.121
2016-08-27,1.084
2016-08-28,1.477
2016-08-29,1.801
2016-08-30,1.524
2016-08-31,1.301
2016-09-01,1.358
2016-09-02,1.256
2016-09-03,1.116
2016-09-04,1.176
2016-09-05,1.674
2016-09-06,1.994
2016-09-07,1.757
2016-09-08,1.499
2016-09-09,1.516
2016-09-10,1.483
2016-09-11,1.191
2016-09-12,0.856
2016-09-13,0.678
2016-09-14,0.732
2016-09-15,0.95
2016-09-16,0.802
2016-09-17,1.03
2016-09-18,1.115
2016-09-19,1.327
2016-09-20,1.011
2016-09-21,1.153
2016-09-22,1.282
2016-09-23,1.465
2016-09-24,1.609
2016-09-25,1.261
2016-09-26,1.118
2016-09-27,1.176
2016-09-28,0.671
2016-09-29,0.495
2016-09-30,0.435
2016-10-01,0.294
2016-10-02,0.104
2016-10-03,0.206
2016-10-04,0.35
2016-10-05,0.565
2016-10-06,0.785
2016-10-07,0.788
2016-10-08,0.81
2016-10-09,0.775
2016-10-10,0.926
2016-10-11,0.668
2016-10-12,0.87
2016-10-13,1.082
2016-10-14,0.582
2016-10-15,0.625
2016-10-16,0.581
2016-10-17,0.952
2016-10-18,1.399
2016-10-19,1.71
2016-10-20,1.715
2016-10-21,1.654
2016-10-22,1.258
2016-10-23,0.844
2016-10-24,0.792
2016-10-25,0.808
2016-10-26,0.859
2016-10-27,0.496
2016-10-28,0.561
2016-10-29,0.866
2016-10-30,0.514
2016-10-31,0.848
2016-11-01,0.823
2016-11-02,1.055
2016-11-03,1.103
2016-11-04,1.181
2016-11-05,1.322
2016-11-06,1.03
2016-11-07,1.172
2016-11-08,1.285
2016-11-09,1.369
2016-11-10,1.289
2016-11-11,1.039
2016-11-12,1.138
2016-11-13,1.198
2016-11-14,1.13
2016-11-15,0.975
2016-11-16,0.943
2016-11-17,0.827
2016-11-18,0.665
2016-11-19,0.563
2016-11-20,0.315
2016-11-21,0.435
2016-11-22,0.517
2016-11-23,0.485
2016-11-24,0.528
2016-11-25,0.368
2016-11-26,0.162
2016-11-27,0.326
2016-11-28,0.233
2016-11-29,0.31
2016-11-30,0.392
2016-12-01,0.407
2016-12-02,0.497
2016-12-03,0.517
2016-12-04,0.616
2016-12-05,0.557
2016-12-06,0.491
2016-12-07,0.309
2016-12-08,0.297
2016-12-09,0.33
2016-12-10,0.291
2016-12-11,0.475
2016-12-12,0.618
2016-12-13,0.371
2016-12-14,0.354
2016-12-15,0.363
2016-12-16,0.287
2016-12-17,0.559
2016-12-18,0.603
2016-12-19,0.895
2016-12-20,0.79
2016-12-21,0.517
2016-12-22,0.728
2016-12-23,0.338
2016-12-24,0.518
2016-12-25,0.458
2016-12-26,0.72
2016-12-27,0.845
2016-12-28,0.937
2016-12-29,0.764
2016-12-30,0.375
2016-12-31,0.294
2017-01-01,0.456
2017-01-02,0.41
2017-01-03,0.511
2017-01-04,0.822
2017-01-05,0.455
2017-01-06,0.514
2017-01-07,0.703
2017-01-08,1.015
2017-01-09,0.576
2017-01-10,0.593
2017-01-11,0.549
2017-01-12,0.416
2017-01-13,0.521
2017-01-14,0.649
2017-01-15,0.496
2017-01-16,0.392
2017-01-17,0.436
2017-01-18,0.353
2017-01-19,0.596
2017-01-20,0.477
2017-01-21,0.666
2017-01-22,0.792
2017-01-23,0.703
2017-01-24,0.494
2017-01-25,0.701
2017-01-26,0.798
2017-01-27,0.941
2017-01-28,1.214
2017-01-29,1.2
2017-01-30,1.227
2017-01-31,0.908
2017-02-01,1.004
2017-02-02,0.9
2017-02-03,0.754
2017-02-04,0.83
2017-02-05,0.689
2017-02-06,1.273
2017-02-07,0.836
2017-02-08,0.7
2017-02-09,0.81
2017-02-10,0.439
2017-02-11,0.785
2017-02-12,0.965
2017-02-13,0.949
2017-02-14,1.12
2017-02-15,0.807
2017-02-16,0.433
2017-02-17,0.637
2017-02-18,0.661
2017-02-19,0.478
2017-02-20,0.703
2017-02-21,0.723
2017-02-22,0.837
2017-02-23,0.884
2017-02-24,0.905
2017-02-25,0.638
2017-02-26,0.598
2017-02-27,0.825
2017-02-28,1.361
2017-03-01,1.604
2017-03-02,1.771
2017-03-03,2.047
2017-03-04,1.37
2017-03-05,0.815
2017-03-06,1.314
2017-03-07,1.469
2017-03-08,1.707
2017-03-09,1.844
2017-03-10,1.63
2017-03-11,2.053
2017-03-12,1.857
2017-03-13,1.665
2017-03-14,1.279
2017-03-15,1.416
2017-03-16,1.587
2017-03-17,1.637
2017-03-18,1.384
2017-03-19,1.177
2017-03-20,1.048
2017-03-21,0.71
2017-03-22,0.802
2017-03-23,1.266
2017-03-24,0.672
2017-03-25,1.087
2017-03-26,0.969
2017-03-27,1.298
2017-03-28,1.541
2017-03-29,1.725
2017-03-30,1.419
2017-03-31,1.605
2017-04-01,1.582
2017-04-02,1.532
2017-04-03,1.768
2017-04-04,1.718
2017-04-05,1.491
2017-04-06,1.23
2017-04-07,0.827
2017-04-08,1.037
2017-04-09,1.637
2017-04-10,1.804
2017-04-11,1.302
2017-04-12,1.26
2017-04-13,1.113
2017-04-14,1.765
2017-04-15,1.927
2017-04-16,1.232
2017-04-17,0.986
2017-04-18,0.879
2017-04-19,1.614
2017-04-20,1.872
2017-04-21,2.079
2017-04-22,2.019
2017-04-23,1.928
2017-04-24,1.743
2017-04-25,1.751
2017-04-26,1.356
2017-04-27,1.945
2017-04-28,2.037
2017-04-29,1.919
2017-04-30,1.891
2017-05-01,2.142
2017-05-02,2.166
2017-05-03,1.662
2017-05-04,1.39
2017-05-05,1.395
2017-05-06,0.977
2017-05-07,0.753
2017-05-08,1.328
2017-05-09,1.38
2017-05-10,1.061
2017-05-11,1.115
2017-05-12,1.262
2017-05-13,1.449
2017-05-14,1.124
2017-05-15,0.965
2017-05-16,1.19
2017-05-17,1.538
2017-05-18,1.885
2017-05-19,1.822
2017-05-20,2.017
2017-05-21,2.16
2017-05-22,2.08
2017-05-23,1.868
2017-05-24,1.5
2017-05-25,1.423
2017-05-26,1.347
2017-05-27,1.52
2017-05-28,1.998
2017-05-29,2.1
2017-05-30,2.05
2017-05-31,2.206
2017-06-01,2.453
2017-06-02,3.19
2017-06-03,2.934
2017-06-04,3.434
2017-06-05,4.073
2017-06-06,3.706
2017-06-07,3.035
2017-06-08,2.618
2017-06-09,1.893
2017-06-10,2.682
2017-06-11,2.125
2017-06-12,2.037
2017-06-13,2.39
2017-06-14,2.437
2017-06-15,2.297
2017-06-16,2.295
2017-06-17,2.06
2017-06-18,1.972
2017-06-19,2.111
2017-06-20,2.318
2017-06-21,2.501
2017-06-22,2.288
2017-06-23,2.262
2017-06-24,1.943
2017-06-25,2.618
2017-06-26,2.657
2017-06-27,2.622
2017-06-28,2.659
2017-06-29,3.001
2017-06-30,3.197
2017-07-01,2.88
2017-07-02,2.068
2017-07-03,2.345
2017-07-04,2.806
2017-07-05,3.117
2017-07-06,4.12
2017-07-07,4.944
2017-07-08,4.898
2017-07-09,3.655
2017-07-10,2.959
2017-07-11,2.458
2017-07-12,2.144
2017-07-13,1.902
2017-07-14,1.891
2017-07-15,1.987
2017-07-16,1.455
2017-07-17,0.96
2017-07-18,1.375
2017-07-19,1.615
2017-07-20,2.049
2017-07-21,2.435
2017-07-22,2.276
2017-07-23,2.257
2017-07-24,2.255
2017-07-25,2.385
2017-07-26,2.635
2017-07-27,3.192
2017-07-28,3.256
2017-07-29,2.839
2017-07-30,2.731
2017-07-31,3.312
2017-08-01,3.922
2017-08-02,2.845
2017-08-03,2.283
2017-08-04,2.677
2017-08-05,2.615
2017-08-06,2.432
2017-08-07,2.613
2017-08-08,2.672
2017-08-09,2.808
2017-08-10,2.51
2017-08-11,2.623
2017-08-12,2.495
2017-08-13,2.072
2017-08-14,1.475
2017-08-15,1.224
2017-08-16,1.252
2017-08-17,1.186
2017-08-18,1.154
2017-08-19,1.128
2017-08-20,1.07
2017-08-21,1.147
2017-08-22,1.482
2017-08-23,1.308
2017-08-24,1.67
2017-08-25,1.942
2017-08-26,1.747
2017-08-27,2.014
2017-08-28,2.226
2017-08-29,2.475
2017-08-30,2.824
2017-08-31,2.57
2017-09-01,1.778
2017-09-02,1.993
2017-09-03,2.343
2017-09-04,1.679
2017-09-05,1.866
2017-09-06,1.787
2017-09-07,1.773
2017-09-08,1.587
2017-09-09,1.64
2017-09-10,1.976
2017-09-11,2.39
2017-09-12,1.683
2017-09-13,1.191
2017-09-14,0.927
2017-09-15,1.302
2017-09-16,0.804
2017-09-17,0.681
2017-09-18,0.651
2017-09-19,0.562
2017-09-20,0.655
2017-09-21,0.561
2017-09-22,0.679
2017-09-23,0.875
2017-09-24,1.077
2017-09-25,1.277
2017-09-26,1.139
2017-09-27,1.135
2017-09-28,1.196
2017-09-29,1.632
2017-09-30,1.585
2017-10-01,1.612
2017-10-02,1.408
2017-10-03,0.806
2017-10-04,1.147
2017-10-05,1.304
2017-10-06,1.239
2017-10-07,1.469
2017-10-08,1.299
2017-10-09,0.871
2017-10-10,0.755
2017-10-11,0.78
2017-10-12,1.014
2017-10-13,1.107
2017-10-14,1.0
2017-10-15,0.808
2017-10-16,0.767
2017-10-17,1.032
2017-10-18,1.457
2017-10-19,0.971
2017-10-20,0.75
2017-10-21,1.036
2017-10-22,1.242
2017-10-23,1.408
2017-10-24,1.508
2017-10-25,1.171
2017-10-26,0.746
2017-10-27,0.862
2017-10-28,1.162
2017-10-29,0.736
2017-10-30,0.482
2017-10-31,0.545
2017-11-01,0.605
2017-11-02,0.589
2017-11-03,0.625
2017-11-04,0.477
2017-11-05,0.592
2017-11-06,0.656
2017-11-07,0.774
2017-11-08,0.573
2017-11-09,0.509
2017-11-10,0.744
2017-11-11,0.773
2017-11-12,0.706
2017-11-13,0.71
2017-11-14,0.779
2017-11-15,0.783
2017-11-16,0.341
2017-11-17,0.329
2017-11-18,0.439
2017-11-19,0.463
2017-11-20,0.372
2017-11-21,0.387
2017-11-22,0.401
2017-11-23,0.459
2017-11-24,0.417
2017-11-25,0.343
2017-11-26,0.223
2017-11-27,0.272
2017-11-28,0.404
2017-11-29,0.383
2017-11-30,0.373
2017-12-01,0.338
2017-12-02,0.204
2017-12-03,0.242
2017-12-04,0.223
2017-12-05,0.19
2017-12-06,0.117
2017-12-07,0.064
2017-12-08,0.003
2017-12-09,0.003
2017-12-10,0.004
2017-12-11,0.003
2017-12-12,0.004
2017-12-13,0.004
2017-12-14,0.003
2017-12-15,0.003
2017-12-16,0.003
2017-12-17,0.01
2017-12-18,0.011
2017-12-19,0.018
2017-12-20,0.018
2017-12-21,0.031
2017-12-22,0.036
2017-12-23,0.056
2017-12-24,0.061
2017-12-25,0.076
2017-12-26,0.099
2017-12-27,0.115
2017-12-28,0.121
2017-12-29,0.116
2017-12-30,0.073
2017-12-31,0.047
2018-01-01,0.063
2018-01-02,0.072
2018-01-03,0.065
2018-01-04,0.132
2018-01-05,0.072
2018-01-06,0.114
2018-01-07,0.139
2018-01-08,0.138
2018-01-09,0.101
2018-01-10,0.188
2018-01-11,0.195
2018-01-12,0.211
2018-01-13,0.218
2018-01-14,0.191
2018-01-15,0.18
2018-01-16,0.204
2018-01-17,0.307
2018-01-18,0.257
2018-01-19,0.153
2018-01-20,0.252
2018-01-21,0.259
2018-01-22,0.266
2018-01-23,0.307
2018-01-24,0.268
2018-01-25,0.203
2018-01-26,0.307
2018-01-27,0.439
2018-01-28,0.54
2018-01-29,0.487
2018-01-30,0.417
2018-01-31,0.564
2018-02-01,0.571
2018-02-02,0.445
2018-02-03,0.462
2018-02-04,0.419
2018-02-05,0.448
2018-02-06,0.42
2018-02-07,0.38
2018-02-08,0.507
2018-02-09,0.514
2018-02-10,0.542
2018-02-11,0.477
2018-02-12,0.371
2018-02-13,0.311
2018-02-14,0.516
2018-02-15,0.776
2018-02-16,0.866
2018-02-17,0.838
2018-02-18,0.9
2018-02-19,0.675
2018-02-20,0.743
2018-02-21,0.644
2018-02-22,0.742
2018-02-23,0.784
2018-02-24,1.035
2018-02-25,1.173
2018-02-26,0.581
2018-02-27,0.778
2018-02-28,0.854
2018-03-01,0.682
2018-03-02,0.763
2018-03-03,0.669
2018-03-04,0.966
2018-03-05,1.307
2018-03-06,1.327
2018-03-07,1.091
2018-03-08,1.305
2018-03-09,1.488
2018-03-10,0.479
2018-03-11,1.098
2018-03-12,0.994
2018-03-13,0.928
2018-03-14,0.816
2018-03-15,1.399
2018-03-16,0.801
2018-03-17,0.95
2018-03-18,1.288
2018-03-19,1.684
2018-03-20,0.903
2018-03-21,0.869
2018-03-22,0.392
2018-03-23,1.744
2018-03-24,1.618
2018-03-25,1.746
2018-03-26,2.136
2018-03-27,2.22
2018-03-28,2.359
2018-03-29,2.502
2018-03-30,2.592
2018-03-31,2.397
2018-04-01,3.127
2018-04-02,2.647
2018-04-03,2.45
2018-04-04,2.257
2018-04-05,2.387
2018-04-06,1.1
2018-04-07,1.602
2018-04-08,2.803
2018-04-09,3.268
2018-04-10,2.776
2018-04-11,2.689
2018-04-12,2.313
2018-04-13,2.85
2018-04-14,2.855
2018-04-15,2.075
2018-04-16,1.362
2018-04-17,2.057
2018-04-18,1.981
2018-04-19,1.949
2018-04-20,2.344
2018-04-21,2.6
2018-04-22,2.515
2018-04-23,2.027
2018-04-24,1.85
2018-04-25,1.643
2018-04-26,1.703
2018-04-27,1.972
2018-04-28,1.873
2018-04-29,1.676
2018-04-30,1.52
2018-05-01,1.367
2018-05-02,1.34
2018-05-03,1.625
2018-05-04,2.068
2018-05-05,1.791
2018-05-06,1.953
2018-05-07,2.559
2018-05-08,2.376
2018-05-09,2.319
2018-05-10,2.068
2018-05-11,1.54
2018-05-12,1.468
2018-05-13,1.238
2018-05-14,1.2
2018-05-15,1.111
2018-05-16,1.137
2018-05-17,1.256
2018-05-18,1.211
2018-05-19,1.293
2018-05-20,1.225
2018-05-21,1.087
2018-05-22,1.08
2018-05-23,1.118
2018-05-24,1.04
2018-05-25,0.914
2018-05-26,1.187
2018-05-27,1.492
2018-05-28,1.584
2018-05-29,1.506
2018-05-30,1.025
2018-05-31,1.392
2018-06-01,1.841
2018-06-02,1.863
2018-06-03,1.842
2018-06-04,2.145
2018-06-05,1.869
2018-06-06,1.515
2018-06-07,1.976
2018-06-08,2.799
2018-06-09,2.273
2018-06-10,2.688
2018-06-11,2.884
2018-06-12,2.544
2018-06-13,2.394
2018-06-14,2.234
2018-06-15,1.812
2018-06-16,1.628
2018-06-17,1.7
2018-06-18,2.274
2018-06-19,3.058
2018-06-20,3.639
2018-06-21,3.744
2018-06-22,3.762
2018-06-23,3.42
2018-06-24,2.325
2018-06-25,2.432
2018-06-26,2.924
2018-06-27,2.967
2018-06-28,3.422
2018-06-29,3.042
2018-06-30,2.54
2018-07-01,2.321
2018-07-02,2.361
2018-07-03,1.984
2018-07-04,2.106
2018-07-05,2.877
2018-07-06,5.22
2018-07-07,5.55
2018-07-08,5.934
2018-07-09,6.012
2018-07-10,4.912
2018-07-11,3.804
2018-07-12,3.725
2018-07-13,3.936
2018-07-14,4.034
2018-07-15,3.447
2018-07-16,2.861
2018-07-17,2.9
2018-07-18,2.368
2018-07-19,2.056
2018-07-20,1.876
2018-07-21,1.932
2018-07-22,2.017
2018-07-23,2.335
2018-07-24,3.118
2018-07-25,3.171
2018-07-26,2.992
2018-07-27,2.814
2018-07-28,2.346
2018-07-29,1.871
2018-07-30,1.862
2018-07-31,1.491
2018-08-01,1.385
2018-08-02,1.494
2018-08-03,1.337
2018-08-04,1.211
2018-08-05,1.063
2018-08-06,1.477
2018-08-07,1.623
2018-08-08,1.414
2018-08-09,1.528
2018-08-10,1.595
2018-08-11,1.663
2018-08-12,1.768
2018-08-13,1.798
2018-08-14,2.042
2018-08-15,2.159
2018-08-16,2.278
2018-08-17,2.365
2018-08-18,2.271
2018-08-19,2.731
2018-08-20,2.215
2018-08-21,1.988
2018-08-22,1.876
2018-08-23,1.729
2018-08-24,1.684
2018-08-25,1.51
2018-08-26,1.428
2018-08-27,1.135
2018-08-28,1.133
2018-08-29,0.985
2018-08-30,1.27
2018-08-31,1.652
2018-09-01,1.492
2018-09-02,0.996
2018-09-03,0.905
2018-09-04,0.913
2018-09-05,0.824
2018-09-06,1.003
2018-09-07,1.325
2018-09-08,1.421
2018-09-09,1.52
2018-09-10,1.221
2018-09-11,1.258
2018-09-12,1.233
2018-09-13,1.375
2018-09-14,1.287
2018-09-15,1.457
2018-09-16,1.501
2018-09-17,1.314
2018-09-18,1.469
2018-09-19,1.607
2018-09-20,1.2
2018-09-21,1.077
2018-09-22,1.078
2018-09-23,1.32
2018-09-24,1.086
2018-09-25,0.904
2018-09-26,1.362
2018-09-27,1.233
2018-09-28,1.103
2018-09-29,0.891
2018-09-30,1.03
2018-10-01,1.006
2018-10-02,1.145
2018-10-03,0.762
2018-10-04,0.874
2018-10-05,1.31
2018-10-06,1.537
2018-10-07,1.442
2018-10-08,0.933
2018-10-09,0.775
2018-10-10,0.726
2018-10-11,0.704
2018-10-12,1.022
2018-10-13,0.945
2018-10-14,0.808
2018-10-15,1.077
2018-10-16,1.232
2018-10-17,1.313
2018-10-18,1.304
2018-10-19,1.348
2018-10-20,1.256
2018-10-21,1.421
2018-10-22,1.205
2018-10-23,1.166
2018-10-24,1.104
2018-10-25,1.133
2018-10-26,1.049
2018-10-27,0.949
2018-10-28,0.972
2018-10-29,0.876
2018-10-30,0.913
2018-10-31,0.803
2018-11-01,0.667
2018-11-02,0.679
2018-11-03,0.713
2018-11-04,0.702
2018-11-05,0.54
2018-11-06,0.335
2018-11-07,0.455
2018-11-08,0.405
2018-11-09,0.376
2018-11-10,0.318
2018-11-11,0.251
2018-11-12,0.374
2018-11-13,0.323
2018-11-14,0.434
2018-11-15,0.378
2018-11-16,0.341
2018-11-17,0.246
2018-11-18,0.271
2018-11-19,0.268
2018-11-20,0.326
2018-11-21,0.339
2018-11-22,0.336
2018-11-23,0.296
2018-11-24,0.468
2018-11-25,0.466
2018-11-26,0.469
2018-11-27,0.397
2018-11-28,0.171
2018-11-29,0.421
2018-11-30,0.423
2018-12-01,0.347
2018-12-02,0.407
2018-12-03,0.41
2018-12-04,0.415
2018-12-05,0.272
2018-12-06,0.157
2018-12-07,0.286
2018-12-08,0.274
2018-12-09,0.201
2018-12-10,0.266
2018-12-11,0.366
2018-12-12,0.322
2018-12-13,0.28
2018-12-14,0.193
2018-12-15,0.148
2018-12-16,0.171
2018-12-17,0.16
2018-12-18,0.187
2018-12-19,0.225
2018-12-20,0.135
2018-12-21,0.179
2018-12-22,0.122
2018-12-23,0.131
2018-12-24,0.104
2018-12-25,0.088
2018-12-26,0.09
2018-12-27,0.079
2018-12-28,0.186
2018-12-29,0.242
2018-12-30,0.394
2018-12-31,0.444
2019-01-01,0.47
2019-01-02,0.465
2019-01-03,0.569
2019-01-04,0.643
2019-01-05,0.591
2019-01-06,0.613
2019-01-07,0.703
2019-01-08,0.753
2019-01-09,0.434
2019-01-10,0.454
2019-01-11,0.726
2019-01-12,0.46
2019-01-13,0.556
2019-01-14,0.529
2019-01-15,0.689
2019-01-16,0.757
2019-01-17,0.572
2019-01-18,0.576
2019-01-19,0.74
2019-01-20,0.616
2019-01-21,0.718
2019-01-22,0.723
2019-01-23,0.959
2019-01-24,0.965
2019-01-25,0.972
2019-01-26,0.776
2019-01-27,0.984
2019-01-28,1.059
2019-01-29,1.1
2019-01-30,1.038
2019-01-31,0.522
2019-02-01,0.6
2019-02-02,0.905
2019-02-03,0.873
2019-02-04,0.764
2019-02-05,0.423
2019-02-06,0.734
2019-02-07,0.7
2019-02-08,0.626
2019-02-09,0.708
2019-02-10,0.594
2019-02-11,0.796
2019-02-12,0.681
2019-02-13,1.128
2019-02-14,0.973
2019-02-15,0.693
2019-02-16,0.861
2019-02-17,0.742
2019-02-18,0.995
2019-02-19,1.001
2019-02-20,0.755
2019-02-21,0.928
2019-02-22,1.187
2019-02-23,1.066
2019-02-24,1.243
2019-02-25,1.034
2019-02-26,1.083
2019-02-27,0.915
2019-02-28,1.095
2019-03-01,0.701
2019-03-02,1.175
2019-03-03,0.898
2019-03-04,1.282
2019-03-05,0.859
2019-03-06,1.008
2019-03-07,0.965
2019-03-08,1.163
2019-03-09,0.877
2019-03-10,1.028
2019-03-11,1.723
2019-03-12,1.781
2019-03-13,1.939
2019-03-14,1.799
2019-03-15,1.808
2019-03-16,2.018
2019-03-17,2.079
2019-03-18,1.828
2019-03-19,1.628
2019-03-20,1.172
2019-03-21,1.327
2019-03-22,1.073
2019-03-23,1.28
2019-03-24,1.846
2019-03-25,1.592
2019-03-26,1.738
2019-03-27,1.487
2019-03-28,1.434
2019-03-29,1.917
2019-03-30,2.058
2019-03-31,2.018
2019-04-01,1.885
2019-04-02,1.216
2019-04-03,1.218
2019-04-04,0.945
2019-04-05,0.986
2019-04-06,1.343
2019-04-07,1.939
2019-04-08,2.141
2019-04-09,1.827
2019-04-10,2.228
2019-04-11,2.133
2019-04-12,2.231
2019-04-13,2.275
2019-04-14,2.308
2019-04-15,2.166
2019-04-16,1.996
2019-04-17,3.055
2019-04-18,3.202
2019-04-19,2.326
2019-04-20,1.865
2019-04-21,2.615
2019-04-22,3.014
2019-04-23,2.637
2019-04-24,2.242
2019-04-25,2.0
2019-04-26,1.884
2019-04-27,1.655
2019-04-28,1.543
2019-04-29,1.47
2019-04-30,1.296
2019-05-01,1.556
2019-05-02,1.739
2019-05-03,1.973
2019-05-04,1.704
2019-05-05,1.185
2019-05-06,1.278
2019-05-07,1.473
2019-05-08,1.507
2019-05-09,1.473
2019-05-10,1.401
2019-05-11,2.004
2019-05-12,2.193
2019-05-13,2.172
2019-05-14,1.971
2019-05-15,1.242
2019-05-16,1.3
2019-05-17,1.565
2019-05-18,0.895
2019-05-19,1.09
2019-05-20,1.584
2019-05-21,1.493
2019-05-22,1.605
2019-05-23,1.203
2019-05-24,1.799
2019-05-25,1.427
2019-05-26,1.086
2019-05-27,1.551
2019-05-28,2.058
2019-05-29,2.128
2019-05-30,2.055
2019-05-31,2.054
2019-06-01,1.801
2019-06-02,1.588
2019-06-03,2.045
2019-06-04,2.22
2019-06-05,2.148
2019-06-06,2.462
2019-06-07,3.306
2019-06-08,3.51
2019-06-09,3.191
2019-06-10,3.761
2019-06-11,3.853
2019-06-12,3.61
2019-06-13,3.503
2019-06-14,3.447
2019-06-15,3.711
2019-06-16,3.398
2019-06-17,3.156
2019-06-18,3.345
2019-06-19,3.168
2019-06-20,2.642
2019-06-21,2.825
2019-06-22,3.396
2019-06-23,3.499
2019-06-24,3.16
2019-06-25,2.779
2019-06-26,3.038
2019-06-27,3.644
2019-06-28,3.318
2019-06-29,3.445
2019-06-30,3.439
2019-07-01,3.75
2019-07-02,3.55
2019-07-03,3.219
2019-07-04,2.942
2019-07-05,3.023
2019-07-06,3.099
2019-07-07,2.326
2019-07-08,2.408
2019-07-09,2.405
2019-07-10,2.839
2019-07-11,3.177
2019-07-12,3.269
2019-07-13,3.054
2019-07-14,2.807
2019-07-15,3.4
2019-07-16,3.466
2019-07-17,2.507
2019-07-18,2.156
2019-07-19,2.109
2019-07-20,2.446
2019-07-21,2.575
2019-07-22,2.987
2019-07-23,3.324
2019-07-24,3.754
2019-07-25,3.257
2019-07-26,3.644
2019-07-27,4.344
2019-07-28,3.883
2019-07-29,3.979
2019-07-30,4.181
2019-07-31,3.012
2019-08-01,2.984
2019-08-02,4.105
2019-08-03,3.385
2019-08-04,2.848
2019-08-05,2.393
2019-08-06,1.815
2019-08-07,1.834
2019-08-08,1.936
2019-08-09,2.044
2019-08-10,1.855
2019-08-11,2.344
2019-08-12,2.414
2019-08-13,2.198
2019-08-14,2.422
2019-08-15,2.503
2019-08-16,2.5
2019-08-17,1.725
2019-08-18,1.635
2019-08-19,1.717
2019-08-20,2.037
2019-08-21,2.639
2019-08-22,2.097
2019-08-23,1.238
2019-08-24,1.339
2019-08-25,1.486
2019-08-26,1.637
2019-08-27,1.638
2019-08-28,1.405
2019-08-29,1.665
2019-08-30,2.014
2019-08-31,1.882
2019-09-01,1.919
2019-09-02,1.587
2019-09-03,1.824
2019-09-04,1.582
2019-09-05,1.469
2019-09-06,1.469
2019-09-07,1.276
2019-09-08,1.333
2019-09-09,1.34
2019-09-10,1.217
2019-09-11,1.346
2019-09-12,1.179
2019-09-13,1.349
2019-09-14,1.505
2019-09-15,1.505
2019-09-16,1.352
2019-09-17,1.932
2019-09-18,1.783
2019-09-19,1.638
2019-09-20,1.669
2019-09-21,1.669
2019-09-22,1.502
2019-09-23,1.313
2019-09-24,1.505
2019-09-25,1.32
2019-09-26,1.011
2019-09-27,0.866
2019-09-28,0.799
2019-09-29,1.054
2019-09-30,1.082
2019-10-01,1.111
2019-10-02,1.11
2019-10-03,1.258
2019-10-04,1.227
2019-10-05,1.094
2019-10-06,0.671
2019-10-07,0.711
2019-10-08,0.766
2019-10-09,0.871
2019-10-10,0.687
2019-10-11,0.701
2019-10-12,0.805
2019-10-13,0.662
2019-10-14,0.64
2019-10-15,0.878
2019-10-16,0.973
2019-10-17,0.915
2019-10-18,0.993
2019-10-19,1.033
2019-10-20,1.046
2019-10-21,0.961
2019-10-22,0.845
2019-10-23,0.782
2019-10-24,0.72
2019-10-25,0.722
2019-10-26,0.606
2019-10-27,0.365
2019-10-28,0.404
2019-10-29,0.506
2019-10-30,0.546
2019-10-31,0.583
2019-11-01,0.513
2019-11-02,0.676
2019-11-03,0.69
2019-11-04,0.559
2019-11-05,0.617
2019-11-06,0.674
2019-11-07,0.434
2019-11-08,0.826
2019-11-09,1.058
2019-11-10,0.937
2019-11-11,0.525
2019-11-12,0.484
2019-11-13,0.424
2019-11-14,0.346
2019-11-15,0.498
2019-11-16,0.763
2019-11-17,0.722
2019-11-18,0.738
2019-11-19,0.716
2019-11-20,0.45
2019-11-21,0.336
2019-11-22,0.335
2019-11-23,0.519
2019-11-24,0.61
2019-11-25,0.791
2019-11-26,0.586
2019-11-27,0.292
2019-11-28,0.182
2019-11-29,0.235
2019-11-30,0.162
2019-12-01,0.357
2019-12-02,0.32
2019-12-03,0.23
2019-12-04,0.406
2019-12-05,0.281
2019-12-06,0.42
2019-12-07,0.366
2019-12-08,0.277
2019-12-09,0.328
2019-12-10,0.258
2019-12-11,0.257
2019-12-12,0.29
2019-12-13,0.356
2019-12-14,0.287
2019-12-15,0.387
2019-12-16,0.368
2019-12-17,0.383
2019-12-18,0.216
2019-12-19,0.264
2019-12-20,0.263
2019-12-21,0.393
2019-12-22,0.326
2019-12-23,0.243
2019-12-24,0.307
2019-12-25,0.241
2019-12-26,0.24
2019-12-27,0.35
2019-12-28,0.333
2019-12-29,0.221
2019-12-30,0.267
2019-12-31,0.26
2020-01-01,0.425
2020-01-02,0.42
2020-01-03,0.358
2020-01-04,0.408
2020-01-05,0.559
2020-01-06,0.575
2020-01-07,0.528
2020-01-08,0.494
2020-01-09,0.32
2020-01-10,0.409
2020-01-11,0.416
2020-01-12,0.422
2020-01-13,0.374
2020-01-14,0.38
2020-01-15,0.351
2020-01-16,0.268
2020-01-17,0.324
2020-01-18,0.433
2020-01-19,0.397
2020-01-20,0.434
2020-01-21,0.533
2020-01-22,0.608
2020-01-23,0.978
2020-01-24,0.949
2020-01-25,0.883
2020-01-26,0.853
2020-01-27,1.233
2020-01-28,1.092
2020-01-29,1.139
2020-01-30,0.918
2020-01-31,1.117
2020-02-01,1.246
2020-02-02,1.381
2020-02-03,1.307
2020-02-04,1.147
2020-02-05,1.283
2020-02-06,1.336
2020-02-07,1.432
2020-02-08,1.617
2020-02-09,1.37
2020-02-10,1.533
2020-02-11,0.965
2020-02-12,0.803
2020-02-13,0.719
2020-02-14,0.762
2020-02-15,0.877
2020-02-16,1.174
2020-02-17,1.087
2020-02-18,1.057
2020-02-19,1.243
2020-02-20,1.264
2020-02-21,1.004
2020-02-22,0.987
2020-02-23,1.658
2020-02-24,2.03
2020-02-25,1.114
2020-02-26,0.95
2020-02-27,0.919
2020-02-28,0.888
2020-02-29,1.04
2020-03-01,0.467
2020-03-02,0.956
2020-03-03,0.924
2020-03-04,0.859
2020-03-05,0.904
2020-03-06,0.835
2020-03-07,0.616
2020-03-08,0.776
2020-03-09,0.76
2020-03-10,0.433
2020-03-11,0.661
2020-03-12,1.153
2020-03-13,0.879
2020-03-14,0.893
2020-03-15,0.908
2020-03-16,0.547
2020-03-17,0.694
2020-03-18,0.846
2020-03-19,0.859
2020-03-20,0.908
2020-03-21,0.885
2020-03-22,1.01
2020-03-23,1.062
2020-03-24,1.269
2020-03-25,0.975
2020-03-26,0.989
2020-03-27,1.323
2020-03-28,1.219
2020-03-29,1.152
2020-03-30,1.751
2020-03-31,2.069
2020-04-01,2.13
2020-04-02,2.112
2020-04-03,2.275
2020-04-04,1.704
2020-04-05,1.097
2020-04-06,0.999
2020-04-07,1.442
2020-04-08,1.074
2020-04-09,0.711
2020-04-10,1.808
2020-04-11,1.795
2020-04-12,1.477
2020-04-13,1.596
2020-04-14,2.225
2020-04-15,2.336
2020-04-16,1.644
2020-04-17,1.422
2020-04-18,1.452
2020-04-19,1.482
2020-04-20,1.634
2020-04-21,2.269
2020-04-22,2.693
2020-04-23,2.83
2020-04-24,2.926
2020-04-25,2.941
2020-04-26,2.917
2020-04-27,2.969
2020-04-28,2.906
2020-04-29,2.242
2020-04-30,2.602
2020-05-01,2.324
2020-05-02,1.707
2020-05-03,1.643
2020-05-04,1.825
2020-05-05,1.648
2020-05-06,1.426
2020-05-07,1.672
2020-05-08,1.498
2020-05-09,1.327
2020-05-10,0.998
2020-05-11,1.491
2020-05-12,1.291
2020-05-13,1.933
2020-05-14,2.271
2020-05-15,2.679
2020-05-16,2.699
2020-05-17,1.484
2020-05-18,1.453
2020-05-19,1.665
2020-05-20,2.103
2020-05-21,2.453
2020-05-22,2.235
2020-05-23,2.214
2020-05-24,2.253
2020-05-25,1.987
2020-05-26,1.848
2020-05-27,1.829
2020-05-28,1.697
2020-05-29,1.298
2020-05-30,0.973
2020-05-31,1.327
2020-06-01,1.384
2020-06-02,1.556
2020-06-03,1.785
2020-06-04,1.592
2020-06-05,0.866
2020-06-06,1.212
2020-06-07,1.45
2020-06-08,1.781
2020-06-09,2.171
2020-06-10,2.462
2020-06-11,2.56
2020-06-12,1.737
2020-06-13,2.109
2020-06-14,2.589
2020-06-15,3.269
2020-06-16,3.106
2020-06-17,2.639
2020-06-18,2.186
2020-06-19,2.116
2020-06-20,2.12
2020-06-21,2.483
2020-06-22,2.161
2020-06-23,1.952
2020-06-24,1.91
2020-06-25,1.801
2020-06-26,1.956
2020-06-27,1.943
2020-06-28,1.244
2020-06-29,1.669
2020-06-30,1.805
2020-07-01,1.418
2020-07-02,1.354
2020-07-03,1.613
2020-07-04,2.066
2020-07-05,2.693
2020-07-06,2.664
2020-07-07,2.13
2020-07-08,1.716
2020-07-09,1.594
2020-07-10,1.853
2020-07-11,2.2
2020-07-12,2.804
2020-07-13,2.443
2020-07-14,2.196
2020-07-15,2.348
2020-07-16,2.637
2020-07-17,2.889
2020-07-18,3.146
2020-07-19,3.094
2020-07-20,3.505
2020-07-21,3.35
2020-07-22,2.628
2020-07-23,2.678
2020-07-24,3.038
2020-07-25,2.986
2020-07-26,2.949
2020-07-27,2.95
2020-07-28,2.981
2020-07-29,2.657
2020-07-30,2.868
2020-07-31,3.263
2020-08-01,3.511
2020-08-02,3.246
2020-08-03,2.391
2020-08-04,1.792
2020-08-05,1.423
2020-08-06,1.169
2020-08-07,1.26
2020-08-08,1.259
2020-08-09,1.303
2020-08-10,1.394
2020-08-11,1.347
2020-08-12,1.437
2020-08-13,0.957
2020-08-14,1.707
2020-08-15,1.41
2020-08-16,1.727
2020-08-17,1.703
2020-08-18,1.769
2020-08-19,1.7
2020-08-20,1.949
2020-08-21,1.813
2020-08-22,1.518
2020-08-23,1.11
2020-08-24,1.336
2020-08-25,1.199
2020-08-26,1.493
2020-08-27,1.56
2020-08-28,1.318
2020-08-29,1.355
2020-08-30,1.417
2020-08-31,1.35
2020-09-01,1.144
2020-09-02,1.386
2020-09-03,2.021
2020-09-04,1.433
2020-09-05,1.268
2020-09-06,1.569
2020-09-07,1.597
2020-09-08,1.278
2020-09-09,0.949
2020-09-10,0.832
2020-09-11,1.09
2020-09-12,1.411
2020-09-13,1.289
2020-09-14,1.457
2020-09-15,1.4
2020-09-16,1.711
2020-09-17,1.515
2020-09-18,1.9
2020-09-19,1.837
2020-09-20,0.995
2020-09-21,0.908
2020-09-22,1.011
2020-09-23,1.192
2020-09-24,1.357
2020-09-25,1.192
2020-09-26,1.457
2020-09-27,1.071
2020-09-28,0.999
2020-09-29,1.027
2020-09-30,1.644
2020-10-01,1.291
2020-10-02,1.476
2020-10-03,1.232
2020-10-04,1.084
2020-10-05,0.774
2020-10-06,1.001
2020-10-07,1.009
2020-10-08,0.631
2020-10-09,0.719
2020-10-10,0.704
2020-10-11,1.044
2020-10-12,1.263
2020-10-13,1.252
2020-10-14,1.282
2020-10-15,0.734
2020-10-16,0.979
2020-10-17,0.908
2020-10-18,0.738
2020-10-19,0.875
2020-10-20,1.117
2020-10-21,0.887
2020-10-22,0.598
2020-10-23,0.586
2020-10-24,0.507
2020-10-25,0.414
2020-10-26,0.53
2020-10-27,0.456
2020-10-28,0.433
2020-10-29,0.576
2020-10-30,0.674
2020-10-31,0.668
2020-11-01,0.536
2020-11-02,0.615
2020-11-03,0.766
2020-11-04,1.001
2020-11-05,0.768
2020-11-06,0.646
2020-11-07,0.47
2020-11-08,0.447
2020-11-09,0.531
2020-11-10,0.666
2020-11-11,0.643
2020-11-12,0.789
2020-11-13,0.587
2020-11-14,0.738
2020-11-15,1.057
2020-11-16,0.936
2020-11-17,0.616
2020-11-18,0.325
2020-11-19,0.573
2020-11-20,0.463
2020-11-21,0.452
2020-11-22,0.592
2020-11-23,0.284
2020-11-24,0.248
2020-11-25,0.273
2020-11-26,0.271
2020-11-27,0.249
2020-11-28,0.275
2020-11-29,0.312
2020-11-30,0.412
2020-12-01,0.399
2020-12-02,0.322
2020-12-03,0.242
2020-12-04,0.314
2020-12-05,0.264
2020-12-06,0.375
2020-12-07,0.466
2020-12-08,0.378
2020-12-09,0.336
2020-12-10,0.304
2020-12-11,0.349
2020-12-12,0.276
2020-12-13,0.134
2020-12-14,0.3
2020-12-15,0.375
2020-12-16,0.339
2020-12-17,0.259
2020-12-18,0.321
2020-12-19,0.431
2020-12-20,0.513
2020-12-21,0.506
2020-12-22,0.514
2020-12-23,0.364
2020-12-24,0.337
2020-12-25,0.31
2020-12-26,0.331
2020-12-27,0.353
2020-12-28,0.204
2020-12-29,0.311
2020-12-30,0.403
2020-12-31,0.32
2021-01-01,0.341
2021-01-02,0.269
2021-01-03,0.292
2021-01-04,0.237
2021-01-05,0.42
2021-01-06,0.465
2021-01-07,0.43
2021-01-08,0.581
2021-01-09,0.483
2021-01-10,0.184
2021-01-11,0.142
2021-01-12,0.115
2021-01-13,0.166
2021-01-14,0.184
2021-01-15,0.183
2021-01-16,0.188
2021-01-17,0.121
2021-01-18,0.101
2021-01-19,0.119
2021-01-20,0.105
2021-01-21,0.069
2021-01-22,0.035
2021-01-23,0.021
2021-01-24,0.014
2021-01-25,0.011
2021-01-26,0.003
2021-01-27,0.028
2021-01-28,0.018
2021-01-29,0.065
2021-01-30,0.086
2021-01-31,0.135
2021-02-01,0.218
2021-02-02,0.222
2021-02-03,0.401
2021-02-04,0.507
2021-02-05,0.677
2021-02-06,0.794
2021-02-07,0.94
2021-02-08,0.828
2021-02-09,0.738
2021-02-10,1.26
2021-02-11,0.932
2021-02-12,1.11
2021-02-13,1.09
2021-02-14,1.133
2021-02-15,0.661
2021-02-16,1.068
2021-02-17,1.002
2021-02-18,0.702
2021-02-19,0.803
2021-02-20,0.825
2021-02-21,0.873
2021-02-22,0.971
2021-02-23,0.942
2021-02-24,0.684
2021-02-25,0.858
2021-02-26,1.005
2021-02-27,1.303
2021-02-28,1.05
2021-03-01,1.086
2021-03-02,0.793
2021-03-03,0.554
2021-03-04,0.71
2021-03-05,0.892
2021-03-06,0.733
2021-03-07,0.914
2021-03-08,0.73
2021-03-09,0.546
2021-03-10,0.467
2021-03-11,0.491
2021-03-12,0.619
2021-03-13,0.85
2021-03-14,0.642
2021-03-15,0.512
2021-03-16,0.741
2021-03-17,0.637
2021-03-18,0.509
2021-03-19,0.431
2021-03-20,0.861
2021-03-21,1.01
2021-03-22,1.083
2021-03-23,1.133
2021-03-24,1.266
2021-03-25,0.948
2021-03-26,1.262
2021-03-27,1.4
2021-03-28,1.869
2021-03-29,2.227
2021-03-30,1.937
2021-03-31,1.359
2021-04-01,1.565
2021-04-02,1.364
2021-04-03,1.108
2021-04-04,1.881
2021-04-05,1.785
2021-04-06,2.104
2021-04-07,2.146
2021-04-08,2.576
2021-04-09,2.675
2021-04-10,2.696
2021-04-11,2.797
2021-04-12,2.278
2021-04-13,1.481
2021-04-14,1.425
2021-04-15,1.983
2021-04-16,2.6
2021-04-17,2.841
2021-04-18,2.861
2021-04-19,2.757
2021-04-20,1.953
2021-04-21,1.275
2021-04-22,1.29
2021-04-23,1.203
2021-04-24,1.274
2021-04-25,0.681
2021-04-26,1.127
2021-04-27,1.337
2021-04-28,1.594
2021-04-29,1.789
2021-04-30,1.927
2021-05-01,1.734
2021-05-02,1.627
2021-05-03,1.666
2021-05-04,1.518
2021-05-05,1.225
2021-05-06,1.285
2021-05-07,1.387
2021-05-08,1.612
2021-05-09,1.589
2021-05-10,1.353
2021-05-11,1.484
2021-05-12,1.667
2021-05-13,1.823
2021-05-14,1.843
2021-05-15,1.584
2021-05-16,1.7
2021-05-17,2.365
2021-05-18,3.454
2021-05-19,2.824
2021-05-20,2.355
2021-05-21,1.605
2021-05-22,1.478
2021-05-23,1.513
2021-05-24,2.008
2021-05-25,1.778
2021-05-26,1.697
2021-05-27,1.864
2021-05-28,1.717
2021-05-29,1.5
2021-05-30,1.905
2021-05-31,1.696
2021-06-01,1.838
2021-06-02,2.138
2021-06-03,2.287
2021-06-04,2.208
2021-06-05,1.997
2021-06-06,1.499
2021-06-07,1.5
2021-06-08,1.686
2021-06-09,1.619
2021-06-10,2.03
2021-06-11,2.56
2021-06-12,2.702
2021-06-13,2.493
2021-06-14,2.691
2021-06-15,3.515
2021-06-16,3.916
2021-06-17,3.286
2021-06-18,3.028
2021-06-19,2.81
2021-06-20,2.761
2021-06-21,2.17
2021-06-22,2.023
2021-06-23,1.812
2021-06-24,1.71
2021-06-25,2.092
2021-06-26,2.696
2021-06-27,3.11
2021-06-28,3.361
2021-06-29,2.74
2021-06-30,2.174
2021-07-01,2.32
2021-07-02,2.587
2021-07-03,2.666
2021-07-04,2.531
2021-07-05,2.64
2021-07-06,3.787
2021-07-07,4.175
2021-07-08,3.161
2021-07-09,2.976
2021-07-10,3.36
2021-07-11,2.934
2021-07-12,3.193
2021-07-13,2.591
2021-07-14,2.189
2021-07-15,2.226
2021-07-16,2.501
2021-07-17,2.458
2021-07-18,2.653
2021-07-19,2.768
2021-07-20,3.435
2021-07-21,2.924
2021-07-22,2.384
2021-07-23,1.871
2021-07-24,1.878
2021-07-25,1.947
2021-07-26,1.426
2021-07-27,1.898
2021-07-28,1.999
2021-07-29,2.35
2021-07-30,2.107
2021-07-31,1.988
2021-08-01,1.846
2021-08-02,2.324
2021-08-03,2.836
2021-08-04,3.067
2021-08-05,2.887
2021-08-06,2.629
2021-08-07,1.941
2021-08-08,1.666
2021-08-09,1.571
2021-08-10,1.581
2021-08-11,1.56
2021-08-12,1.793
2021-08-13,1.75
2021-08-14,1.515
2021-08-15,2.341
2021-08-16,1.934
2021-08-17,1.533
2021-08-18,1.345
2021-08-19,1.552
2021-08-20,1.492
2021-08-21,1.422
2021-08-22,1.543
2021-08-23,1.429
2021-08-24,1.4
2021-08-25,1.462
2021-08-26,1.889
2021-08-27,1.564
2021-08-28,1.213
2021-08-29,1.116
2021-08-30,1.118
2021-08-31,0.819
2021-09-01,0.747
2021-09-02,0.742
2021-09-03,0.942
2021-09-04,1.287
2021-09-05,1.396
2021-09-06,1.327
2021-09-07,1.056
2021-09-08,1.219
2021-09-09,1.143
2021-09-10,1.292
2021-09-11,1.311
2021-09-12,1.387
2021-09-13,1.189
2021-09-14,1.004
2021-09-15,0.977
2021-09-16,0.804
2021-09-17,0.814
2021-09-18,0.888
2021-09-19,1.349
2021-09-20,1.279
2021-09-21,1.251
2021-09-22,1.2
2021-09-23,0.935
2021-09-24,0.798
2021-09-25,0.712
2021-09-26,0.587
2021-09-27,0.718
2021-09-28,0.692
2021-09-29,0.794
2021-09-30,0.676
2021-10-01,0.617
2021-10-02,0.653
2021-10-03,0.774
2021-10-04,0.827
2021-10-05,0.698
2021-10-06,0.722
2021-10-07,0.838
2021-10-08,1.001
2021-10-09,0.787
2021-10-10,0.843
2021-10-11,0.937
2021-10-12,0.836
2021-10-13,0.738
2021-10-14,0.63
2021-10-15,0.616
2021-10-16,0.652
2021-10-17,0.426
2021-10-18,0.52
2021-10-19,0.504
2021-10-20,0.53
2021-10-21,0.573
2021-10-22,0.565
2021-10-23,0.662
2021-10-24,0.392
2021-10-25,0.505
2021-10-26,0.706
2021-10-27,0.838
2021-10-28,0.174
2021-10-29,0.18
2021-10-30,0.186
2021-10-31,0.648
2021-11-01,0.36
2021-11-02,0.604
2021-11-03,0.909
2021-11-04,0.886
2021-11-05,1.114
2021-11-06,1.066
2021-11-07,0.935
2021-11-08,0.959
2021-11-09,0.59
2021-11-10,0.95
2021-11-11,1.027
2021-11-12,1.131
2021-11-13,1.037
2021-11-14,0.834
2021-11-15,0.743
2021-11-16,0.928
2021-11-17,0.622
2021-11-18,0.536
2021-11-19,0.716
2021-11-20,0.762
2021-11-21,0.963
2021-11-22,0.928
2021-11-23,1.021
2021-11-24,0.784
2021-11-25,0.951
2021-11-26,0.759
2021-11-27,0.672
2021-11-28,0.455
2021-11-29,0.661
2021-11-30,0.582
2021-12-01,0.386
2021-12-02,0.173
2021-12-03,0.159
2021-12-04,0.23
2021-12-05,0.456
2021-12-06,0.408
2021-12-07,0.258
2021-12-08,0.27
2021-12-09,0.3
2021-12-10,0.517
2021-12-11,0.461
2021-12-12,0.391
2021-12-13,0.584
2021-12-14,0.297
2021-12-15,0.357
2021-12-16,0.363
2021-12-17,0.398
2021-12-18,0.462
2021-12-19,0.293
2021-12-20,0.358
2021-12-21,0.545
2021-12-22,0.4
2021-12-23,0.811
2021-12-24,0.633
2021-12-25,0.61
2021-12-26,0.587
2021-12-27,0.562
2021-12-28,0.469
2021-12-29,0.612
2021-12-30,0.379
2021-12-31,0.489
2022-01-01,0.634
2022-01-02,0.567
2022-01-03,0.383
2022-01-04,0.504
2022-01-05,0.903
2022-01-06,0.835
2022-01-07,0.603
2022-01-08,0.692
2022-01-09,0.742
2022-01-10,1.084
2022-01-11,1.308
2022-01-12,0.811
2022-01-13,0.747
2022-01-14,0.949
2022-01-15,0.929
2022-01-16,0.906
2022-01-17,0.538
2022-01-18,1.004
2022-01-19,1.08
2022-01-20,1.212
2022-01-21,1.332
2022-01-22,1.244
2022-01-23,1.401
2022-01-24,1.499
2022-01-25,1.225
2022-01-26,0.834
2022-01-27,1.104
2022-01-28,1.148
2022-01-29,1.107
2022-01-30,1.294
2022-01-31,0.988
2022-02-01,1.053
2022-02-02,1.117
2022-02-03,0.862
2022-02-04,0.921
2022-02-05,1.003
2022-02-06,1.184
2022-02-07,1.136
2022-02-08,1.331
2022-02-09,1.763
2022-02-10,1.719
2022-02-11,1.462
2022-02-12,1.56
2022-02-13,1.704
2022-02-14,1.83
2022-02-15,1.129
2022-02-16,1.429
2022-02-17,1.166
2022-02-18,1.163
2022-02-19,1.159
2022-02-20,1.456
2022-02-21,1.366
2022-02-22,0.839
2022-02-23,1.072
2022-02-24,1.174
2022-02-25,1.392
2022-02-26,1.288
2022-02-27,0.0
2022-02-28,1.992
2022-03-01,1.995
2022-03-02,2.038
2022-03-03,1.096
2022-03-04,0.817
2022-03-05,0.876
2022-03-06,1.218
2022-03-07,1.266
2022-03-08,1.38
2022-03-09,1.591
2022-03-10,1.662
2022-03-11,1.292
2022-03-12,1.738
2022-03-13,1.571
2022-03-14,1.779
2022-03-15,1.269
2022-03-16,1.787
2022-03-17,1.825
2022-03-18,1.829
2022-03-19,0.726
2022-03-20,1.663
2022-03-21,2.014
2022-03-22,1.81
2022-03-23,1.918
2022-03-24,1.922
2022-03-25,2.101
2022-03-26,1.732
2022-03-27,0.82
2022-03-28,0.576
2022-03-29,1.416
2022-03-30,1.611
2022-03-31,1.589
2022-04-01,1.817
2022-04-02,1.638
2022-04-03,1.943
2022-04-04,2.382
2022-04-05,2.325
2022-04-06,2.48
2022-04-07,2.28
2022-04-08,2.759
2022-04-09,2.522
2022-04-10,2.071
2022-04-11,1.018
2022-04-12,1.715
2022-04-13,1.617
2022-04-14,1.457
2022-04-15,1.549
2022-04-16,1.01
2022-04-17,1.954
2022-04-18,1.605
2022-04-19,1.414
2022-04-20,1.286
2022-04-21,0.877
2022-04-22,1.22
2022-04-23,1.842
2022-04-24,2.151
2022-04-25,2.241
2022-04-26,1.616
2022-04-27,2.072
2022-04-28,1.755
2022-04-29,2.206
2022-04-30,2.317
2022-05-01,2.117
2022-05-02,2.016
2022-05-03,2.156
2022-05-04,1.967
2022-05-05,1.989
2022-05-06,1.923
2022-05-07,1.858
2022-05-08,1.573
2022-05-09,1.352
2022-05-10,1.272
2022-05-11,1.479
2022-05-12,1.777
2022-05-13,2.111
2022-05-14,2.185
2022-05-15,2.017
2022-05-16,1.762
2022-05-17,1.901
2022-05-18,2.053
2022-05-19,2.002
2022-05-20,1.447
2022-05-21,1.396
2022-05-22,1.632
2022-05-23,1.951
2022-05-24,1.68
2022-05-25,1.738
2022-05-26,1.484
2022-05-27,1.317
2022-05-28,1.525
2022-05-29,2.12
2022-05-30,2.337
2022-05-31,2.596
2022-06-01,3.092
2022-06-02,3.078
2022-06-03,2.485
2022-06-04,2.393
2022-06-05,1.944
2022-06-06,2.787
2022-06-07,3.453
2022-06-08,3.075
2022-06-09,2.912
2022-06-10,2.473
2022-06-11,2.21
2022-06-12,2.018
2022-06-13,2.127
2022-06-14,2.602
2022-06-15,2.929
2022-06-16,2.506
2022-06-17,1.577
2022-06-18,1.839
2022-06-19,2.288
2022-06-20,2.752
2022-06-21,2.43
2022-06-22,2.208
2022-06-23,2.11
2022-06-24,2.248
2022-06-25,2.237
2022-06-26,2.732
2022-06-27,2.792
2022-06-28,2.712
2022-06-29,2.208
2022-06-30,1.99
2022-07-01,2.087
2022-07-02,2.016
2022-07-03,1.874
2022-07-04,1.938
2022-07-05,1.807
2022-07-06,1.797
2022-07-07,2.367
2022-07-08,2.433
2022-07-09,2.629
2022-07-10,2.719
2022-07-11,2.451
2022-07-12,1.84
2022-07-13,1.873
2022-07-14,2.425
2022-07-15,2.747
2022-07-16,2.566
2022-07-17,2.194
2022-07-18,1.762
2022-07-19,1.982
2022-07-20,2.054
2022-07-21,2.306
2022-07-22,2.599
2022-07-23,2.153
2022-07-24,1.408
2022-07-25,1.432
2022-07-26,1.41
2022-07-27,1.692
2022-07-28,2.078
2022-07-29,1.845
2022-07-30,1.356
2022-07-31,1.252
2022-08-01,1.131
2022-08-02,1.607
2022-08-03,2.122
2022-08-04,1.576
2022-08-05,1.492
2022-08-06,1.648
2022-08-07,2.247
2022-08-08,2.389
2022-08-09,2.033
2022-08-10,1.929
2022-08-11,2.122
2022-08-12,2.389
2022-08-13,2.519
2022-08-14,2.308
2022-08-15,2.178
2022-08-16,1.848
2022-08-17,1.711
2022-08-18,2.01
2022-08-19,2.573
2022-08-20,1.652
2022-08-21,1.296
2022-08-22,2.027
2022-08-23,2.528
2022-08-24,1.817
2022-08-25,1.472
2022-08-26,1.668
2022-08-27,1.231
2022-08-28,1.053
2022-08-29,1.032
2022-08-30,1.218
2022-08-31,1.713
2022-09-01,1.683
2022-09-02,1.586
2022-09-03,1.923
2022-09-04,1.409
2022-09-05,1.356
2022-09-06,1.625
2022-09-07,1.608
2022-09-08,1.449
2022-09-09,1.789
2022-09-10,1.222
2022-09-11,1.267
2022-09-12,1.521
2022-09-13,1.655
2022-09-14,1.374
2022-09-15,1.475
2022-09-16,1.909
2022-09-17,1.475
2022-09-18,1.087
2022-09-19,0.931
2022-09-20,1.31
2022-09-21,1.358
2022-09-22,2.108
2022-09-23,2.18
2022-09-24,1.896
2022-09-25,2.241
2022-09-26,2.533
2022-09-27,2.988
2022-09-28,2.926
2022-09-29,1.938
2022-09-30,1.271
2022-10-01,0.825
2022-10-02,0.751
2022-10-03,1.149
2022-10-04,1.394
2022-10-05,1.214
2022-10-06,1.018
2022-10-07,0.964
2022-10-08,0.872
2022-10-09,1.1
2022-10-10,0.843
2022-10-11,0.739
2022-10-12,0.763
2022-10-13,0.89
2022-10-14,0.841
2022-10-15,0.523
2022-10-16,0.514
2022-10-17,0.701
2022-10-18,0.849
2022-10-19,0.787
2022-10-20,0.797
2022-10-21,0.681
2022-10-22,0.495
2022-10-23,0.901
2022-10-24,0.802
2022-10-25,1.024
2022-10-26,1.023
2022-10-27,0.95
2022-10-28,0.854
2022-10-29,1.153
2022-10-30,1.2
2022-10-31,0.88
2022-11-01,0.431
2022-11-02,0.577
2022-11-03,0.658
2022-11-04,0.789
2022-11-05,0.796
2022-11-06,0.706
2022-11-07,0.344
2022-11-08,0.422
2022-11-09,0.476
2022-11-10,0.632
2022-11-11,0.663
2022-11-12,0.72
2022-11-13,0.649
2022-11-14,0.629
2022-11-15,0.633
2022-11-16,0.839
2022-11-17,0.724
2022-11-18,0.741
2022-11-19,0.633
2022-11-20,0.629
2022-11-21,0.56
2022-11-22,0.682
2022-11-23,0.651
2022-11-24,0.511
2022-11-25,0.501
2022-11-26,0.649
2022-11-27,0.584
2022-11-28,0.572
2022-11-29,0.418
2022-11-30,0.266
2022-12-01,0.197
2022-12-02,0.163
2022-12-03,0.162
2022-12-04,0.209
2022-12-05,0.223
2022-12-06,0.174
2022-12-07,0.157
2022-12-08,0.156
2022-12-09,0.186
2022-12-10,0.354
2022-12-11,0.306
2022-12-12,0.212
2022-12-13,0.241
2022-12-14,0.239
2022-12-15,0.203
2022-12-16,0.227
2022-12-17,0.236
2022-12-18,0.315
2022-12-19,0.273
2022-12-20,0.395
2022-12-21,0.487
2022-12-22,0.442
2022-12-23,0.394
2022-12-24,0.535
2022-12-25,0.573
2022-12-26,0.477
2022-12-27,0.21
2022-12-28,0.384
2022-12-29,0.37
2022-12-30,0.405
2022-12-31,0.182
2023-01-01,0.224
2023-01-02,0.43
2023-01-03,0.147
2023-01-04,0.24
2023-01-05,0.584
2023-01-06,0.471
2023-01-07,0.61
2023-01-08,0.295
2023-01-09,0.301
2023-01-10,0.58
2023-01-11,0.557
2023-01-12,0.604
2023-01-13,0.579
2023-01-14,0.553
2023-01-15,0.713
2023-01-16,1.567
2023-01-17,1.128
2023-01-18,0.792
2023-01-19,0.886
2023-01-20,0.737
2023-01-21,0.958
2023-01-22,1.143
2023-01-23,0.946
2023-01-24,0.885
2023-01-25,1.033
2023-01-26,1.052
2023-01-27,0.951
2023-01-28,1.047
2023-01-29,0.721
2023-01-30,0.631
2023-01-31,0.798
2023-02-01,0.891
2023-02-02,0.969
2023-02-03,0.92
2023-02-04,0.819
2023-02-05,0.943
2023-02-06,1.123
2023-02-07,1.262
2023-02-08,1.512
2023-02-09,1.728
2023-02-10,1.631
2023-02-11,0.898
2023-02-12,1.38
2023-02-13,1.066
2023-02-14,1.338
2023-02-15,1.398
2023-02-16,1.296
2023-02-17,1.355
2023-02-18,1.525
2023-02-19,0.0
2023-02-20,1.373
2023-02-21,1.93
2023-02-22,1.384
2023-02-23,1.112
2023-02-24,0.67
2023-02-25,0.785
2023-02-26,0.844
2023-02-27,1.018
2023-02-28,0.965
2023-03-01,1.331
2023-03-02,1.762
2023-03-03,1.83
2023-03-04,0.919
2023-03-05,1.23
2023-03-06,1.173
2023-03-07,1.611
2023-03-08,1.431
2023-03-09,1.312
2023-03-10,1.192
2023-03-11,1.259
2023-03-12,1.58
2023-03-13,1.713
2023-03-14,1.21
2023-03-15,1.854
2023-03-16,1.99
2023-03-17,1.804
2023-03-18,2.07
2023-03-19,1.428
2023-03-20,1.434
2023-03-21,1.439
2023-03-22,1.313
2023-03-23,1.714
2023-03-24,2.249
2023-03-25,2.39
2023-03-26,2.466
2023-03-27,2.274
2023-03-28,1.477
2023-03-29,1.415
2023-03-30,1.894
2023-03-31,2.443
2023-04-01,2.969
2023-04-02,2.625
2023-04-03,2.634
2023-04-04,2.786
2023-04-05,2.868
2023-04-06,3.157
2023-04-07,1.783
2023-04-08,2.815
2023-04-09,3.47
2023-04-10,3.324
2023-04-11,2.931
2023-04-12,2.615
2023-04-13,2.726
2023-04-14,2.746
2023-04-15,2.879
2023-04-16,2.837
2023-04-17,2.683
2023-04-18,2.368
2023-04-19,2.657
2023-04-20,3.096
2023-04-21,3.415
2023-04-22,3.154
2023-04-23,3.001
2023-04-24,3.451
2023-04-25,3.147
2023-04-26,2.562
2023-04-27,2.66
2023-04-28,2.659
2023-04-29,2.749
2023-04-30,2.429
2023-05-01,1.539
2023-05-02,1.294
2023-05-03,1.354
2023-05-04,1.534
2023-05-05,1.544
2023-05-06,1.273
2023-05-07,1.831
2023-05-08,2.124
2023-05-09,1.469
2023-05-10,2.124
2023-05-11,2.346
2023-05-12,2.735
2023-05-13,2.719
2023-05-14,2.12
2023-05-15,2.391
2023-05-16,3.016
2023-05-17,2.97
2023-05-18,3.091
2023-05-19,2.794
2023-05-20,2.79
2023-05-21,2.994
2023-05-22,2.741
2023-05-23,1.949
2023-05-24,1.905
2023-05-25,2.067
2023-05-26,2.147
2023-05-27,2.556
2023-05-28,2.099
2023-05-29,1.644
2023-05-30,1.642
2023-05-31,2.459
2023-06-01,1.964
2023-06-02,2.239
2023-06-03,2.501
2023-06-04,2.147
2023-06-05,1.474
2023-06-06,1.118
2023-06-07,1.304
2023-06-08,1.653
2023-06-09,1.822
2023-06-10,1.961
2023-06-11,1.941
2023-06-12,1.953
2023-06-13,2.312
2023-06-14,2.555
2023-06-15,2.423
2023-06-16,2.826
2023-06-17,3.155
2023-06-18,2.61
2023-06-19,2.904
2023-06-20,3.206
2023-06-21,2.938
2023-06-22,1.789
2023-06-23,1.811
2023-06-24,1.681
2023-06-25,2.193
2023-06-26,2.287
2023-06-27,2.346
2023-06-28,2.478
2023-06-29,2.87
2023-06-30,2.712
2023-07-01,2.767
2023-07-02,2.681
2023-07-03,2.706
2023-07-04,2.504
2023-07-05,2.412
2023-07-06,2.396
2023-07-07,2.69
2023-07-08,3.147
2023-07-09,2.58
2023-07-10,3.083
2023-07-11,2.724
2023-07-12,2.685
2023-07-13,3.088
2023-07-14,3.33
2023-07-15,3.452
2023-07-16,2.651
2023-07-17,2.572
2023-07-18,2.613
2023-07-19,3.056
2023-07-20,3.338
2023-07-21,3.097
2023-07-22,2.977
2023-07-23,2.052
2023-07-24,2.978
2023-07-25,3.421
2023-07-26,3.261
2023-07-27,3.599
2023-07-28,3.737
2023-07-29,3.876
2023-07-30,4.098
2023-07-31,3.498
2023-08-01,2.532
2023-08-02,2.625
2023-08-03,2.719
2023-08-04,3.377
2023-08-05,4.035
2023-08-06,3.745
2023-08-07,2.633
2023-08-08,2.262
2023-08-09,2.22
2023-08-10,1.808
2023-08-11,1.972
2023-08-12,2.588
2023-08-13,2.505
2023-08-14,2.504
2023-08-15,2.708
2023-08-16,2.83
2023-08-17,2.583
2023-08-18,1.763
2023-08-19,1.885
2023-08-20,2.109
2023-08-21,1.621
2023-08-22,2.02
2023-08-23,2.535
2023-08-24,1.787
2023-08-25,2.301
2023-08-26,2.449
2023-08-27,2.643
2023-08-28,3.195
2023-08-29,3.407
2023-08-30,2.546
2023-08-31,2.016
2023-09-01,1.777
2023-09-02,1.27
2023-09-03,1.577
2023-09-04,2.375
2023-09-05,2.254
2023-09-06,1.657
2023-09-07,1.736
2023-09-08,1.872
2023-09-09,1.829
2023-09-10,2.096
2023-09-11,1.853
2023-09-12,1.91
2023-09-13,1.776
2023-09-14,1.877
2023-09-15,1.755
2023-09-16,1.659
2023-09-17,1.803
2023-09-18,1.896
2023-09-19,2.587
2023-09-20,2.412
2023-09-21,1.891
2023-09-22,2.097
2023-09-23,2.067
2023-09-24,2.024
2023-09-25,1.712
2023-09-26,2.137
2023-09-27,2.473
2023-09-28,2.023
2023-09-29,1.595
2023-09-30,0.95
2023-10-01,0.775
2023-10-02,1.033
2023-10-03,1.265
2023-10-04,1.013
2023-10-05,1.032
2023-10-06,0.891
2023-10-07,0.922
2023-10-08,1.146
2023-10-09,0.848
2023-10-10,1.19
2023-10-11,1.418
2023-10-12,1.484
2023-10-13,1.179
2023-10-14,1.326
2023-10-15,1.66
2023-10-16,1.954
2023-10-17,1.742
2023-10-18,1.289
2023-10-19,1.151
2023-10-20,1.404
2023-10-21,0.972
2023-10-22,0.901
2023-10-23,1.117
2023-10-24,1.242
2023-10-25,0.863
2023-10-26,1.097
2023-10-27,1.242
2023-10-28,1.17
2023-10-29,1.047
2023-10-30,1.134
2023-10-31,1.29
2023-11-01,1.12
2023-11-02,1.005
2023-11-03,1.208
2023-11-04,1.166
2023-11-05,1.355
2023-11-06,0.913
2023-11-07,0.912
2023-11-08,1.082
2023-11-09,1.093
2023-11-10,1.223
2023-11-11,1.142
2023-11-12,0.805
2023-11-13,0.677
2023-11-14,0.609
2023-11-15,0.841
2023-11-16,0.691
2023-11-17,0.521
2023-11-18,0.561
2023-11-19,0.699
2023-11-20,0.708
2023-11-21,0.74
2023-11-22,0.794
2023-11-23,0.912
2023-11-24,0.55
2023-11-25,0.553
2023-11-26,0.671
2023-11-27,0.605
2023-11-28,0.444
2023-11-29,0.282
2023-11-30,0.495
2023-12-01,0.637
2023-12-02,0.522
2023-12-03,0.549
2023-12-04,0.647
2023-12-05,0.675
2023-12-06,0.485
2023-12-07,0.682
2023-12-08,0.612
2023-12-09,0.714
2023-12-10,0.842
2023-12-11,0.896
2023-12-12,0.725
2023-12-13,0.478
2023-12-14,0.43
2023-12-15,0.508
2023-12-16,0.485
2023-12-17,0.539
2023-12-18,0.464
2023-12-19,0.596
2023-12-20,0.469
2023-12-21,0.314
2023-12-22,0.526
2023-12-23,0.529
2023-12-24,0.558
2023-12-25,0.614
2023-12-26,0.506
2023-12-27,0.478
2023-12-28,0.371
2023-12-29,0.476
2023-12-30,0.449
2023-12-31,0.237
2024-01-01,0.443
2024-01-02,0.249
2024-01-03,0.717
2024-01-04,0.825
2024-01-05,0.521
2024-01-06,0.63
2024-01-07,0.601
2024-01-08,0.572
2024-01-09,0.517
2024-01-10,0.624
2024-01-11,0.622
2024-01-12,0.648
2024-01-13,0.52
2024-01-14,0.571
2024-01-15,0.691
2024-01-16,0.579
2024-01-17,0.563
2024-01-18,0.582
2024-01-19,0.675
2024-01-20,0.734
2024-01-21,0.677
2024-01-22,0.696
2024-01-23,1.053
2024-01-24,0.476
2024-01-25,0.933
2024-01-26,1.048
2024-01-27,1.096
2024-01-28,1.283
2024-01-29,1.01
2024-01-30,0.875
2024-01-31,0.692
2024-02-01,0.892
2024-02-02,0.894
2024-02-03,0.747
2024-02-04,1.348
2024-02-05,1.001
2024-02-06,1.054
2024-02-07,0.704
2024-02-08,0.958
2024-02-09,1.163
2024-02-10,1.166
2024-02-11,1.118
2024-02-12,1.239
2024-02-13,1.312
2024-02-14,0.853
2024-02-15,1.136
2024-02-16,1.099
2024-02-17,0.836
2024-02-18,1.414
2024-02-19,1.722
2024-02-20,1.318
2024-02-21,1.258
2024-02-22,1.656
2024-02-23,1.425
2024-02-24,1.081
2024-02-25,1.193
2024-02-26,1.021
2024-02-27,1.472
2024-02-28,1.582
2024-02-29,0.902
2024-03-01,1.434
2024-03-02,1.492
2024-03-03,1.251
2024-03-04,1.367
2024-03-05,1.306
2024-03-06,0.889
2024-03-07,1.478
2024-03-08,1.948
2024-03-09,2.003
2024-03-10,1.647
2024-03-11,1.468
2024-03-12,1.406
2024-03-13,2.223
2024-03-14,2.102
2024-03-15,2.058
2024-03-16,1.836
2024-03-17,2.266
2024-03-18,2.582
2024-03-19,2.781
2024-03-20,2.922
2024-03-21,2.574
2024-03-22,1.851
2024-03-23,1.167
2024-03-24,1.772
2024-03-25,1.946
2024-03-26,2.36
2024-03-27,1.807
2024-03-28,1.678
2024-03-29,1.133
2024-03-30,1.246
2024-03-31,1.89
2024-04-01,2.744
2024-04-02,2.73
2024-04-03,2.716
2024-04-04,1.381
2024-04-05,1.673
2024-04-06,2.437
2024-04-07,2.602
2024-04-08,2.737
2024-04-09,2.934
2024-04-10,3.313
2024-04-11,3.152
2024-04-12,1.89
2024-04-13,0.92
2024-04-14,1.728
2024-04-15,2.421
2024-04-16,3.102
2024-04-17,3.038
2024-04-18,2.391
2024-04-19,2.454
2024-04-20,3.461
2024-04-21,3.384
2024-04-22,2.24
2024-04-23,1.875
2024-04-24,1.677
2024-04-25,2.231
2024-04-26,2.175
2024-04-27,2.495
2024-04-28,3.024
2024-04-29,3.076
2024-04-30,2.816
2024-05-01,2.935
2024-05-02,2.938
2024-05-03,2.593
2024-05-04,0.658
2024-05-05,1.914
2024-05-06,2.529
2024-05-07,2.886
2024-05-08,2.926
2024-05-09,2.402
2024-05-10,2.523
2024-05-11,2.689
2024-05-12,2.806
2024-05-13,2.509
2024-05-14,2.308
2024-05-15,2.2
2024-05-16,2.271
2024-05-17,1.81
2024-05-18,1.708
2024-05-19,2.128
2024-05-20,1.808
2024-05-21,2.561
2024-05-22,2.497
2024-05-23,2.097
2024-05-24,1.746
2024-05-25,2.308
2024-05-26,2.573
2024-05-27,2.348
2024-05-28,2.607
2024-05-29,3.179
2024-05-30,2.953
2024-05-31,2.457
2024-06-01,1.812
2024-06-02,2.291
2024-06-03,2.562
2024-06-04,3.088
2024-06-05,3.056
2024-06-06,2.413
2024-06-07,2.082
2024-06-08,1.776
2024-06-09,2.338
2024-06-10,2.831
2024-06-11,3.048
2024-06-12,2.153
2024-06-13,1.923
2024-06-14,3.838
2024-06-15,4.125
2024-06-16,3.854
2024-06-17,3.308
2024-06-18,3.101
2024-06-19,3.0
2024-06-20,2.819
2024-06-21,3.393
2024-06-22,2.85
2024-06-23,2.745
2024-06-24,2.801
2024-06-25,2.612
2024-06-26,3.16
2024-06-27,3.529
2024-06-28,2.626
2024-06-29,2.503
2024-06-30,3.078
